#chr	pos	n_snps	h1_af	n_h1	nh2
1	693823-1070441	200	0.4	2	3
1	1071192-1668168	200	0.0	0	2
1	1668943-1879958	200	0.0	0	2
1	1882545-2011116	200	0.0	0	1
1	2011341-2315717	200	1.0	2	0
1	2316315-2840352	200	1.0	1	0
1	2840365-2936746	200	1.0	4	0
1	2936754-3061283	200	1.0	3	0
1	3062685-3319807	200	1.0	5	0
1	3319872-3623621	200	0.0	0	0
1	3624909-3694362	75	0.0	0	0
2	19956-303908	200	0.5	1	1
2	305203-904030	200	0.4	2	3
2	904394-1084780	200	0.75	3	1
2	1085110-1366859	200	1.0	2	0
2	1367314-1506125	200	0.6666666666666666	2	1
2	1506914-1625091	200	0.0	0	0
2	1625121-1821452	200	0.0	0	1
2	1821568-2081082	200	0.3333333333333333	1	2
2	2081200-2227388	200	0.0	0	4
2	2227402-2521248	200	0.4	2	3
2	2521259-2653008	200	0.0	0	5
2	2653564-2719397	62	1.0	1	0
3	60197-202034	200	0.5	4	4
3	204568-451665	200	0.0	0	1
3	464068-671006	200	0.0	0	5
3	671122-892640	200	0.6666666666666666	4	2
3	892739-1141041	200	0.6666666666666666	2	1
3	1141053-1360295	200	0.5	1	1
3	1362992-1466413	200	0.3333333333333333	1	2
3	1467145-1550301	200	0.5	1	1
3	1550809-1677400	200	0.0	0	0
3	1677474-1780704	200	0.3333333333333333	2	4
3	1780711-1865442	200	0.2	2	8
3	1866538-1884951	40	0.0	0	0
4	23399-391698	200	0.0	0	4
4	392289-532105	200	0.3333333333333333	2	4
4	532200-732299	200	0.0	0	1
4	733045-886345	200	0.0	0	0
4	887868-1144702	200	0.0	0	0
4	1146670-1328863	200	0.0	0	2
4	1329116-1519454	200	0.2	1	4
4	1519502-1685637	200	0.0	0	3
4	1686555-2013169	200	1.0	1	0
4	2015472-2389730	200	0.0	0	2
4	2389800-2558058	200	0.0	0	0
4	2558504-2887562	200	0.3333333333333333	1	2
4	2888441-3230973	200	0.5	2	1
4	3231804-3471754	200	0.8	4	1
4	3471914-3473007	5	0.0	0	0
5	18263-185177	200	0.5	1	1
5	185369-374886	200	0.2	1	4
5	375107-512204	200	0.0	0	3
5	512250-994615	200	1.0	1	0
5	994720-1224285	200	1.0	2	0
5	1224405-1435042	200	0.0	0	1
5	1435972-1622056	200	0.36363636363636365	4	7
5	1622070-1724633	200	1.0	1	0
5	1725091-1843854	200	0.3	3	7
5	1843992-2117880	200	1.0	5	0
5	2118225-2251875	200	0.0	0	1
5	2252014-2402474	177	0.5714285714285714	4	3
6	205800-529135	200	0.0	0	2
6	532776-885797	200	0.0	0	2
6	886508-1186752	200	0.8	4	1
6	1208203-1402263	200	0.75	3	1
6	1407099-1549144	200	0.5	1	1
6	1549189-1696841	200	0.8333333333333334	5	1
6	1705248-1932446	200	1.0	3	0
6	1934236-2294322	200	0.8	4	1
6	2295931-2610132	200	0.16666666666666666	1	5
6	2610335-2764415	200	0.0	0	0
6	2768211-2848424	150	0.0	0	0
7	31439-180054	200	1.0	1	0
7	180194-358728	200	0.8333333333333334	5	1
7	363937-568571	200	1.0	1	0
7	568885-1004113	200	0.6	3	2
7	1004211-1217629	200	0.3333333333333333	1	1
7	1217966-1629385	200	0.0	0	2
7	1629417-1808592	200	0.0	0	2
7	1808597-1866395	200	0.0	0	1
7	1866901-2015047	200	0.0	0	0
7	2015970-2419515	200	0.5	2	2
7	2421292-2626911	191	0.5	1	1
8	139824-315942	200	0.6666666666666666	2	1
8	329595-533527	200	0.2857142857142857	2	5
8	533678-677991	200	0.5	2	2
8	678090-832056	200	0.6666666666666666	2	1
8	832121-1003250	200	0.0	0	4
8	1003292-1123474	200	0.6666666666666666	2	1
8	1123588-1164240	200	0.8	4	1
8	1165148-1292166	200	0.0	0	0
8	1293061-1439390	200	0.375	3	5
8	1440035-1544285	200	0.75	3	1
8	1544862-1648035	200	0.2857142857142857	2	5
8	1648148-1753497	200	0.75	3	1
8	1754556-1826776	200	0.0	0	0
8	1829244-1960200	200	0.0	0	4
8	1960743-1969726	12	0.0	0	0
9	45915-738238	200	0.0	0	3
9	739661-856045	200	0.4444444444444444	4	5
9	856185-1065708	200	0.0	0	2
9	1065899-1182217	200	0.7142857142857143	5	2
9	1182226-1294441	200	1.0	4	0
9	1294789-1499641	200	0.5	1	1
9	1502004-1785189	200	0.0	0	1
9	1785368-1867296	200	0.0	0	5
9	1867608-2089841	200	0.5	1	1
9	2089913-2278196	200	0.25	1	3
9	2278503-2399820	136	0.5	1	1
10	69123-861837	200	0.3	3	7
10	862047-1034228	200	1.0	1	0
10	1034412-1202261	200	0.75	3	1
10	1203168-1381482	200	0.0	0	1
10	1381763-1514531	200	1.0	2	0
10	1516817-1893149	200	1.0	3	0
10	1893449-2159058	200	0.8	4	1
10	2159501-2294343	200	0.25	1	3
10	2294528-2404223	200	0.0	0	6
10	2405429-2421810	11	0.0	0	0
11	123350-397706	200	0.0	0	1
11	397732-690602	200	1.0	1	0
11	690741-842682	200	0.3333333333333333	1	2
11	842775-1084564	200	0.25	1	3
11	1084585-1388757	200	0.0	0	0
11	1388792-1683564	200	0.25	1	3
11	1683838-1827606	200	0.0	0	1
11	1827886-1998362	200	0.0	0	1
11	1998368-2318868	200	1.0	1	0
11	2319531-2588398	169	0.0	0	0
12	89484-359187	200	0.42857142857142855	3	4
12	359234-711496	200	0.3333333333333333	2	4
12	711646-1044888	200	0.625	5	3
12	1044972-1647898	200	0.1111111111111111	1	8
12	1647949-1802661	200	0.6	3	2
12	1802734-2198958	200	0.4	4	6
12	2199064-2560116	200	0.5	1	1
12	2561253-2987280	200	0.0	0	1
12	2987574-3069336	200	1.0	4	0
12	3069439-3170983	200	1.0	2	0
12	3171510-3190317	19	1.0	1	0
13	19025144-19292649	200	0.0	0	1
13	19293305-19404471	200	1.0	1	0
13	19404632-19635339	200	0.0	0	0
13	19635725-19768597	200	0.5	4	4
13	19768702-19824629	200	0.0	0	3
13	19824808-19911637	200	0.0	0	0
13	19911651-19978979	200	0.0	0	0
13	19979000-20220129	200	0.8181818181818182	9	2
13	20221516-20404946	200	0.6666666666666666	4	2
13	20405172-20688222	200	0.75	3	1
13	20688226-20834785	60	0.0	0	0
14	19005507-20323479	200	0.0	0	1
14	20323637-20433957	200	0.3333333333333333	1	2
14	20434409-20902615	200	0.5	3	3
14	20903906-21095988	200	0.25	1	3
14	21096062-21222926	200	0.8888888888888888	8	1
14	21222991-21434113	200	0.75	6	2
14	21434319-21645682	200	0.5	3	3
14	21645745-21948266	200	0.7142857142857143	5	2
14	21949163-22109394	200	0.5714285714285714	4	3
14	22109630-22221077	163	1.0	4	0
15	20003555-22365916	200	0.4	2	3
15	22367223-22858387	200	0.3333333333333333	1	2
15	22858811-23037153	200	1.0	2	0
15	23038073-23874158	200	0.2	1	4
15	23876237-24131314	200	0.0	0	2
15	24132035-24236303	200	0.0	0	1
15	24236304-24241128	16	0.0	0	1
16	60291-349221	200	0.0	0	0
16	349293-490645	200	0.0	0	0
16	490835-714944	200	0.0	0	0
16	715060-874650	200	0.0	0	1
16	874933-990791	200	0.0	0	0
16	990800-1086120	200	0.0	0	0
16	1086537-1268758	200	0.0	0	0
16	1269029-1822642	200	0.75	3	1
16	1826418-1877698	200	0.0	0	0
16	1877913-2048826	200	0.0	0	2
16	2049640-2714986	200	0.0	0	0
16	2715091-2717552	11	0.0	0	0
17	828-201000	200	0.0	0	0
17	201955-527850	200	0.5	2	2
17	528257-713108	200	0.3333333333333333	1	2
17	713132-811968	200	1.0	3	0
17	812404-948409	200	0.5	1	1
17	948571-1124967	200	1.0	1	0
17	1124984-1230056	200	0.0	0	1
17	1230340-1371975	200	0.5555555555555556	5	4
17	1371996-1604206	200	1.0	5	0
17	1604211-1751418	200	1.0	2	0
17	1753050-2207947	200	1.0	5	0
17	2225366-2518872	200	0.6666666666666666	2	1
17	2519734-2629988	95	0.8	8	2
18	39543-338603	200	0.0	0	3
18	338768-452284	200	0.25	1	3
18	452663-622048	200	0.375	3	5
18	622591-761127	200	0.0	0	0
18	763432-895512	200	0.8333333333333334	5	1
18	897218-1435229	200	0.5	1	1
18	1435236-1550452	200	0.0	0	3
18	1551932-1884540	200	0.0	0	3
18	1884686-2148722	200	0.5	1	1
18	2148751-2301216	200	0.6666666666666666	2	1
18	2301520-2619102	180	0.5714285714285714	4	3
19	229783-386496	200	0.16666666666666666	1	5
19	386621-575805	200	0.5	1	1
19	575964-698711	200	1.0	2	0
19	698716-841100	200	0.0	0	2
19	843221-1174414	200	1.0	2	0
19	1175396-1558186	200	1.0	1	0
19	1562643-1840787	200	0.3333333333333333	1	2
19	1841501-2145481	200	0.6666666666666666	4	2
19	2146629-2420284	200	0.5	1	1
19	2420674-2585499	200	0.5	2	2
19	2585540-2729555	200	0.0	0	3
19	2730917-2869656	200	1.0	2	0
19	2870456-2897133	30	0.0	0	0
20	61098-259969	200	1.0	6	0
20	260400-404349	200	0.8333333333333334	5	1
20	404407-715175	200	0.4	2	3
20	716199-808602	200	0.0	0	9
20	809368-995025	200	0.6	3	2
20	995551-1196899	200	0.2857142857142857	2	5
20	1197487-1525608	200	0.0	0	3
20	1529133-1885099	200	0.9166666666666666	11	1
20	1886493-2161678	200	0.0	0	7
20	2162114-2351308	200	0.5	1	1
20	2351348-2491785	200	1.0	2	0
20	2492484-2779257	200	0.5	1	1
20	2779747-3106278	122	0.25	1	3
21	9411500-14406506	200	0.25	1	3
21	14406514-14779379	200	0.0	0	3
21	14779973-15308242	200	1.0	2	0
21	15308243-15588213	200	0.5555555555555556	5	4
21	15592789-15615376	119	0.0	0	1
22	16052962-17030614	200	0.5	1	1
22	17030647-17350854	200	0.0	0	2
22	17350969-17548971	200	0.125	1	7
22	17548986-17696368	200	0.4	4	6
22	17700810-17966606	200	0.6666666666666666	2	1
22	17968594-18104619	200	0.6666666666666666	2	1
22	18105457-18245973	200	0.2	1	4
22	18246210-18523623	200	0.25	1	3
22	18531203-18996226	200	0.2	1	4
22	18997367-19113477	200	0.375	3	5
22	19113686-19452030	200	0.5	2	2
