#Chr	Pos	Ref	Alt	Depth	A	a	T	t	G	g	C	c	ref_depth	alt_depth	ref_freq	alt_freq
6	205800	A	G	0	0	0	0	0	0	0	0	0	0	0	0.0	0.0
6	206015	G	T	0	0	0	0	0	0	0	0	0	0	0	0.0	0.0
6	206092	G	A	0	0	0	0	0	0	0	0	0	0	0	0.0	0.0
6	206385	G	T	0	0	0	0	0	0	0	0	0	0	0	0.0	0.0
6	206599	C	T	0	0	0	0	0	0	0	0	0	0	0	0.0	0.0
6	208822	C	A	0	0	0	0	0	0	0	0	0	0	0	0.0	0.0
6	209159	C	T	0	0	0	0	0	0	0	0	0	0	0	0.0	0.0
6	209462	T	G	0	0	0	0	0	0	0	0	0	0	0	0.0	0.0
6	209980	T	C	0	0	0	0	0	0	0	0	0	0	0	0.0	0.0
6	210832	G	A	0	0	0	0	0	0	0	0	0	0	0	0.0	0.0
6	211182	C	T	0	0	0	0	0	0	0	0	0	0	0	0.0	0.0
6	211783	A	C	0	0	0	0	0	0	0	0	0	0	0	0.0	0.0
6	211941	A	G	0	0	0	0	0	0	0	0	0	0	0	0.0	0.0
6	212001	G	A	0	0	0	0	0	0	0	0	0	0	0	0.0	0.0
6	212006	T	C	0	0	0	0	0	0	0	0	0	0	0	0.0	0.0
6	212339	A	T	0	0	0	0	0	0	0	0	0	0	0	0.0	0.0
6	212403	T	C	0	0	0	0	0	0	0	0	0	0	0	0.0	0.0
6	212548	T	C	0	0	0	0	0	0	0	0	0	0	0	0.0	0.0
6	213042	G	C	0	0	0	0	0	0	0	0	0	0	0	0.0	0.0
6	213426	T	C	0	0	0	0	0	0	0	0	0	0	0	0.0	0.0
6	213470	G	A	0	0	0	0	0	0	0	0	0	0	0	0.0	0.0
6	213782	T	C	0	0	0	0	0	0	0	0	0	0	0	0.0	0.0
6	213940	A	G	0	0	0	0	0	0	0	0	0	0	0	0.0	0.0
6	214028	T	G	0	0	0	0	0	0	0	0	0	0	0	0.0	0.0
6	214342	C	T	0	0	0	0	0	0	0	0	0	0	0	0.0	0.0
6	215423	G	A	0	0	0	0	0	0	0	0	0	0	0	0.0	0.0
6	256959	G	A	0	0	0	0	0	0	0	0	0	0	0	0.0	0.0
6	265760	A	G	0	0	0	0	0	0	0	0	0	0	0	0.0	0.0
6	266473	C	T	0	0	0	0	0	0	0	0	0	0	0	0.0	0.0
6	273036	T	C	0	0	0	0	0	0	0	0	0	0	0	0.0	0.0
6	274624	T	G	0	0	0	0	0	0	0	0	0	0	0	0.0	0.0
6	274760	G	A	0	0	0	0	0	0	0	0	0	0	0	0.0	0.0
6	283619	T	G	0	0	0	0	0	0	0	0	0	0	0	0.0	0.0
6	286288	G	T	0	0	0	0	0	0	0	0	0	0	0	0.0	0.0
6	294354	G	A	0	0	0	0	0	0	0	0	0	0	0	0.0	0.0
6	295630	A	C	0	0	0	0	0	0	0	0	0	0	0	0.0	0.0
6	298700	C	T	0	0	0	0	0	0	0	0	0	0	0	0.0	0.0
6	299061	C	G	0	0	0	0	0	0	0	0	0	0	0	0.0	0.0
6	301299	A	G	0	0	0	0	0	0	0	0	0	0	0	0.0	0.0
6	322152	T	C	0	0	0	0	0	0	0	0	0	0	0	0.0	0.0
6	322835	C	G	0	0	0	0	0	0	0	0	0	0	0	0.0	0.0
6	352922	A	G	0	0	0	0	0	0	0	0	0	0	0	0.0	0.0
6	359623	A	G	0	0	0	0	0	0	0	0	0	0	0	0.0	0.0
6	359962	G	A	0	0	0	0	0	0	0	0	0	0	0	0.0	0.0
6	369458	A	G	0	0	0	0	0	0	0	0	0	0	0	0.0	0.0
6	371056	A	G	0	0	0	0	0	0	0	0	0	0	0	0.0	0.0
6	373873	G	A	0	0	0	0	0	0	0	0	0	0	0	0.0	0.0
6	396321	C	T	0	0	0	0	0	0	0	0	0	0	0	0.0	0.0
6	403799	A	G	0	0	0	0	0	0	0	0	0	0	0	0.0	0.0
6	405900	A	G	0	0	0	0	0	0	0	0	0	0	0	0.0	0.0
6	407656	G	A	0	0	0	0	0	0	0	0	0	0	0	0.0	0.0
6	408079	C	T	0	0	0	0	0	0	0	0	0	0	0	0.0	0.0
6	408246	T	C	0	0	0	0	0	0	0	0	0	0	0	0.0	0.0
6	409119	A	G	0	0	0	0	0	0	0	0	0	0	0	0.0	0.0
6	410417	A	G	0	0	0	0	0	0	0	0	0	0	0	0.0	0.0
6	410608	C	G	0	0	0	0	0	0	0	0	0	0	0	0.0	0.0
6	410848	A	G	0	0	0	0	0	0	0	0	0	0	0	0.0	0.0
6	411064	A	G	0	0	0	0	0	0	0	0	0	0	0	0.0	0.0
6	413536	G	A	0	0	0	0	0	0	0	0	0	0	0	0.0	0.0
6	416359	G	T	0	0	0	0	0	0	0	0	0	0	0	0.0	0.0
6	416489	C	T	0	0	0	0	0	0	0	0	0	0	0	0.0	0.0
6	416710	T	C	0	0	0	0	0	0	0	0	0	0	0	0.0	0.0
6	417727	A	C	0	0	0	0	0	0	0	0	0	0	0	0.0	0.0
6	419548	G	A	0	0	0	0	0	0	0	0	0	0	0	0.0	0.0
6	420768	A	G	0	0	0	0	0	0	0	0	0	0	0	0.0	0.0
6	421196	C	G	0	0	0	0	0	0	0	0	0	0	0	0.0	0.0
6	421281	G	A	0	0	0	0	0	0	0	0	0	0	0	0.0	0.0
6	421317	A	C	0	0	0	0	0	0	0	0	0	0	0	0.0	0.0
6	422631	C	A	0	0	0	0	0	0	0	0	0	0	0	0.0	0.0
6	424915	C	A	0	0	0	0	0	0	0	0	0	0	0	0.0	0.0
6	425573	C	T	0	0	0	0	0	0	0	0	0	0	0	0.0	0.0
6	426268	A	G	0	0	0	0	0	0	0	0	0	0	0	0.0	0.0
6	426346	C	T	0	0	0	0	0	0	0	0	0	0	0	0.0	0.0
6	427152	G	T	0	0	0	0	0	0	0	0	0	0	0	0.0	0.0
6	427455	A	G	0	0	0	0	0	0	0	0	0	0	0	0.0	0.0
6	428416	C	T	0	0	0	0	0	0	0	0	0	0	0	0.0	0.0
6	428722	A	G	0	0	0	0	0	0	0	0	0	0	0	0.0	0.0
6	428983	G	T	0	0	0	0	0	0	0	0	0	0	0	0.0	0.0
6	431383	A	G	0	0	0	0	0	0	0	0	0	0	0	0.0	0.0
6	431891	C	T	0	0	0	0	0	0	0	0	0	0	0	0.0	0.0
6	432050	C	T	0	0	0	0	0	0	0	0	0	0	0	0.0	0.0
6	433061	C	A	0	0	0	0	0	0	0	0	0	0	0	0.0	0.0
6	433109	T	C	0	0	0	0	0	0	0	0	0	0	0	0.0	0.0
6	433345	C	T	0	0	0	0	0	0	0	0	0	0	0	0.0	0.0
6	433962	C	T	0	0	0	0	0	0	0	0	0	0	0	0.0	0.0
6	434181	T	C	0	0	0	0	0	0	0	0	0	0	0	0.0	0.0
6	434348	C	T	0	0	0	0	0	0	0	0	0	0	0	0.0	0.0
6	434364	A	G	0	0	0	0	0	0	0	0	0	0	0	0.0	0.0
6	434915	G	A	0	0	0	0	0	0	0	0	0	0	0	0.0	0.0
6	435471	G	A	0	0	0	0	0	0	0	0	0	0	0	0.0	0.0
6	435677	T	C	0	0	0	0	0	0	0	0	0	0	0	0.0	0.0
6	438372	A	G	0	0	0	0	0	0	0	0	0	0	0	0.0	0.0
6	439183	T	A	0	0	0	0	0	0	0	0	0	0	0	0.0	0.0
6	440830	G	A	0	0	0	0	0	0	0	0	0	0	0	0.0	0.0
6	441043	G	A	0	0	0	0	0	0	0	0	0	0	0	0.0	0.0
6	441174	T	C	0	0	0	0	0	0	0	0	0	0	0	0.0	0.0
6	441443	C	A	0	0	0	0	0	0	0	0	0	0	0	0.0	0.0
6	441508	C	T	0	0	0	0	0	0	0	0	0	0	0	0.0	0.0
6	441780	C	T	0	0	0	0	0	0	0	0	0	0	0	0.0	0.0
6	441883	T	C	0	0	0	0	0	0	0	0	0	0	0	0.0	0.0
6	442276	G	T	0	0	0	0	0	0	0	0	0	0	0	0.0	0.0
6	442357	G	A	0	0	0	0	0	0	0	0	0	0	0	0.0	0.0
6	444600	G	A	0	0	0	0	0	0	0	0	0	0	0	0.0	0.0
6	445461	G	A	0	0	0	0	0	0	0	0	0	0	0	0.0	0.0
6	446093	T	A	0	0	0	0	0	0	0	0	0	0	0	0.0	0.0
6	446540	A	C	0	0	0	0	0	0	0	0	0	0	0	0.0	0.0
6	448349	G	A	0	0	0	0	0	0	0	0	0	0	0	0.0	0.0
6	448535	G	C	0	0	0	0	0	0	0	0	0	0	0	0.0	0.0
6	448953	G	A	0	0	0	0	0	0	0	0	0	0	0	0.0	0.0
6	449451	C	T	0	0	0	0	0	0	0	0	0	0	0	0.0	0.0
6	449794	G	A	0	0	0	0	0	0	0	0	0	0	0	0.0	0.0
6	450033	C	T	0	0	0	0	0	0	0	0	0	0	0	0.0	0.0
6	450138	G	A	0	0	0	0	0	0	0	0	0	0	0	0.0	0.0
6	450399	T	A	0	0	0	0	0	0	0	0	0	0	0	0.0	0.0
6	450805	C	T	0	0	0	0	0	0	0	0	0	0	0	0.0	0.0
6	451373	C	T	0	0	0	0	0	0	0	0	0	0	0	0.0	0.0
6	451895	T	C	0	0	0	0	0	0	0	0	0	0	0	0.0	0.0
6	451925	C	T	0	0	0	0	0	0	0	0	0	0	0	0.0	0.0
6	452138	G	A	0	0	0	0	0	0	0	0	0	0	0	0.0	0.0
6	452291	C	T	0	0	0	0	0	0	0	0	0	0	0	0.0	0.0
6	452728	A	G	0	0	0	0	0	0	0	0	0	0	0	0.0	0.0
6	452732	A	G	0	0	0	0	0	0	0	0	0	0	0	0.0	0.0
6	452759	G	A	0	0	0	0	0	0	0	0	0	0	0	0.0	0.0
6	452778	C	T	0	0	0	0	0	0	0	0	0	0	0	0.0	0.0
6	453400	C	G	0	0	0	0	0	0	0	0	0	0	0	0.0	0.0
6	453415	G	A	0	0	0	0	0	0	0	0	0	0	0	0.0	0.0
6	453825	C	A	0	0	0	0	0	0	0	0	0	0	0	0.0	0.0
6	454325	G	A	0	0	0	0	0	0	0	0	0	0	0	0.0	0.0
6	455419	T	C	0	0	0	0	0	0	0	0	0	0	0	0.0	0.0
6	456344	C	T	0	0	0	0	0	0	0	0	0	0	0	0.0	0.0
6	456749	T	C	0	0	0	0	0	0	0	0	0	0	0	0.0	0.0
6	457748	C	A	0	0	0	0	0	0	0	0	0	0	0	0.0	0.0
6	457987	G	A	0	0	0	0	0	0	0	0	0	0	0	0.0	0.0
6	458341	T	A	0	0	0	0	0	0	0	0	0	0	0	0.0	0.0
6	458379	G	A	0	0	0	0	0	0	0	0	0	0	0	0.0	0.0
6	458527	C	T	0	0	0	0	0	0	0	0	0	0	0	0.0	0.0
6	460302	G	A	0	0	0	0	0	0	0	0	0	0	0	0.0	0.0
6	460515	C	T	1	0	0	0	1	0	0	0	0	0	1	0.0	1.0
6	460901	T	C	0	0	0	0	0	0	0	0	0	0	0	0.0	0.0
6	461906	G	A	0	0	0	0	0	0	0	0	0	0	0	0.0	0.0
6	462299	C	T	0	0	0	0	0	0	0	0	0	0	0	0.0	0.0
6	462341	C	T	0	0	0	0	0	0	0	0	0	0	0	0.0	0.0
6	462968	C	T	0	0	0	0	0	0	0	0	0	0	0	0.0	0.0
6	463479	G	A	0	0	0	0	0	0	0	0	0	0	0	0.0	0.0
6	463753	C	T	0	0	0	0	0	0	0	0	0	0	0	0.0	0.0
6	463961	G	C	0	0	0	0	0	0	0	0	0	0	0	0.0	0.0
6	464426	T	C	0	0	0	0	0	0	0	0	0	0	0	0.0	0.0
6	464884	C	T	0	0	0	0	0	0	0	0	0	0	0	0.0	0.0
6	466033	C	T	1	0	0	1	0	0	0	0	0	0	1	0.0	1.0
6	466272	C	T	0	0	0	0	0	0	0	0	0	0	0	0.0	0.0
6	466368	G	A	0	0	0	0	0	0	0	0	0	0	0	0.0	0.0
6	466518	G	A	0	0	0	0	0	0	0	0	0	0	0	0.0	0.0
6	467414	A	G	0	0	0	0	0	0	0	0	0	0	0	0.0	0.0
6	467533	T	C	0	0	0	0	0	0	0	0	0	0	0	0.0	0.0
6	467581	T	C	0	0	0	0	0	0	0	0	0	0	0	0.0	0.0
6	467582	A	C	0	0	0	0	0	0	0	0	0	0	0	0.0	0.0
6	467773	A	G	0	0	0	0	0	0	0	0	0	0	0	0.0	0.0
6	468151	G	C	0	0	0	0	0	0	0	0	0	0	0	0.0	0.0
6	468372	T	C	0	0	0	0	0	0	0	0	0	0	0	0.0	0.0
6	468377	T	C	0	0	0	0	0	0	0	0	0	0	0	0.0	0.0
6	468387	G	A	0	0	0	0	0	0	0	0	0	0	0	0.0	0.0
6	468389	C	T	0	0	0	0	0	0	0	0	0	0	0	0.0	0.0
6	468597	A	G	0	0	0	0	0	0	0	0	0	0	0	0.0	0.0
6	469753	T	C	0	0	0	0	0	0	0	0	0	0	0	0.0	0.0
6	470384	C	G	0	0	0	0	0	0	0	0	0	0	0	0.0	0.0
6	471038	A	G	0	0	0	0	0	0	0	0	0	0	0	0.0	0.0
6	471136	C	A	0	0	0	0	0	0	0	0	0	0	0	0.0	0.0
6	475489	C	T	0	0	0	0	0	0	0	0	0	0	0	0.0	0.0
6	483058	A	G	0	0	0	0	0	0	0	0	0	0	0	0.0	0.0
6	496555	A	G	0	0	0	0	0	0	0	0	0	0	0	0.0	0.0
6	497520	G	C	0	0	0	0	0	0	0	0	0	0	0	0.0	0.0
6	498809	C	T	0	0	0	0	0	0	0	0	0	0	0	0.0	0.0
6	498825	G	T	0	0	0	0	0	0	0	0	0	0	0	0.0	0.0
6	500552	G	A	0	0	0	0	0	0	0	0	0	0	0	0.0	0.0
6	500956	G	C	0	0	0	0	0	0	0	0	0	0	0	0.0	0.0
6	501939	C	T	0	0	0	0	0	0	0	0	0	0	0	0.0	0.0
6	506231	G	A	0	0	0	0	0	0	0	0	0	0	0	0.0	0.0
6	506781	A	G	0	0	0	0	0	0	0	0	0	0	0	0.0	0.0
6	508655	C	T	0	0	0	0	0	0	0	0	0	0	0	0.0	0.0
6	511080	A	G	0	0	0	0	0	0	0	0	0	0	0	0.0	0.0
6	514721	C	T	0	0	0	0	0	0	0	0	0	0	0	0.0	0.0
6	514763	G	A	0	0	0	0	0	0	0	0	0	0	0	0.0	0.0
6	514991	C	T	0	0	0	0	0	0	0	0	0	0	0	0.0	0.0
6	515393	C	T	0	0	0	0	0	0	0	0	0	0	0	0.0	0.0
6	516350	A	C	0	0	0	0	0	0	0	0	0	0	0	0.0	0.0
6	518059	C	T	0	0	0	0	0	0	0	0	0	0	0	0.0	0.0
6	518078	G	A	0	0	0	0	0	0	0	0	0	0	0	0.0	0.0
6	518480	A	T	0	0	0	0	0	0	0	0	0	0	0	0.0	0.0
6	519023	G	C	0	0	0	0	0	0	0	0	0	0	0	0.0	0.0
6	521753	C	G	0	0	0	0	0	0	0	0	0	0	0	0.0	0.0
6	523094	C	G	0	0	0	0	0	0	0	0	0	0	0	0.0	0.0
6	523922	T	A	0	0	0	0	0	0	0	0	0	0	0	0.0	0.0
6	526670	C	A	0	0	0	0	0	0	0	0	0	0	0	0.0	0.0
6	527875	T	C	0	0	0	0	0	0	0	0	0	0	0	0.0	0.0
6	528568	T	C	0	0	0	0	0	0	0	0	0	0	0	0.0	0.0
6	528736	G	T	0	0	0	0	0	0	0	0	0	0	0	0.0	0.0
6	529119	C	A	0	0	0	0	0	0	0	0	0	0	0	0.0	0.0
6	529120	C	A	0	0	0	0	0	0	0	0	0	0	0	0.0	0.0
6	529127	C	G	0	0	0	0	0	0	0	0	0	0	0	0.0	0.0
6	529135	T	C	0	0	0	0	0	0	0	0	0	0	0	0.0	0.0
6	532776	T	C	0	0	0	0	0	0	0	0	0	0	0	0.0	0.0
6	534527	T	C	0	0	0	0	0	0	0	0	0	0	0	0.0	0.0
6	535651	A	T	0	0	0	0	0	0	0	0	0	0	0	0.0	0.0
6	535839	G	A	0	0	0	0	0	0	0	0	0	0	0	0.0	0.0
6	535999	T	A	0	0	0	0	0	0	0	0	0	0	0	0.0	0.0
6	537157	C	T	0	0	0	0	0	0	0	0	0	0	0	0.0	0.0
6	540016	G	A	0	0	0	0	0	0	0	0	0	0	0	0.0	0.0
6	541668	C	T	0	0	0	0	0	0	0	0	0	0	0	0.0	0.0
6	542159	A	G	0	0	0	0	0	0	0	0	0	0	0	0.0	0.0
6	542416	T	A	0	0	0	0	0	0	0	0	0	0	0	0.0	0.0
6	542868	G	C	0	0	0	0	0	0	0	0	0	0	0	0.0	0.0
6	544239	G	C	0	0	0	0	0	0	0	0	0	0	0	0.0	0.0
6	546578	A	C	0	0	0	0	0	0	0	0	0	0	0	0.0	0.0
6	553489	T	C	0	0	0	0	0	0	0	0	0	0	0	0.0	0.0
6	557932	C	T	0	0	0	0	0	0	0	0	0	0	0	0.0	0.0
6	563482	C	T	0	0	0	0	0	0	0	0	0	0	0	0.0	0.0
6	566673	T	C	0	0	0	0	0	0	0	0	0	0	0	0.0	0.0
6	569588	G	C	0	0	0	0	0	0	0	0	0	0	0	0.0	0.0
6	570289	A	G	0	0	0	0	0	0	0	0	0	0	0	0.0	0.0
6	570323	T	C	0	0	0	0	0	0	0	0	0	0	0	0.0	0.0
6	570969	A	G	0	0	0	0	0	0	0	0	0	0	0	0.0	0.0
6	571853	C	T	0	0	0	0	0	0	0	0	0	0	0	0.0	0.0
6	572480	G	A	0	0	0	0	0	0	0	0	0	0	0	0.0	0.0
6	572714	C	T	0	0	0	0	0	0	0	0	0	0	0	0.0	0.0
6	573088	T	C	0	0	0	0	0	0	0	0	0	0	0	0.0	0.0
6	573412	G	A	0	0	0	0	0	0	0	0	0	0	0	0.0	0.0
6	574810	T	C	0	0	0	0	0	0	0	0	0	0	0	0.0	0.0
6	575583	A	G	0	0	0	0	0	0	0	0	0	0	0	0.0	0.0
6	575592	A	C	0	0	0	0	0	0	0	0	0	0	0	0.0	0.0
6	576902	T	C	0	0	0	0	0	0	0	0	0	0	0	0.0	0.0
6	577820	A	G	0	0	0	0	0	0	0	0	0	0	0	0.0	0.0
6	580323	A	G	0	0	0	0	0	0	0	0	0	0	0	0.0	0.0
6	582644	C	T	0	0	0	0	0	0	0	0	0	0	0	0.0	0.0
6	584161	C	G	0	0	0	0	0	0	0	0	0	0	0	0.0	0.0
6	584401	G	A	0	0	0	0	0	0	0	0	0	0	0	0.0	0.0
6	585167	C	A	0	0	0	0	0	0	0	0	0	0	0	0.0	0.0
6	585174	C	A	0	0	0	0	0	0	0	0	0	0	0	0.0	0.0
6	585179	A	G	0	0	0	0	0	0	0	0	0	0	0	0.0	0.0
6	585266	C	T	0	0	0	0	0	0	0	0	0	0	0	0.0	0.0
6	593995	G	A	0	0	0	0	0	0	0	0	0	0	0	0.0	0.0
6	606839	G	A	0	0	0	0	0	0	0	0	0	0	0	0.0	0.0
6	615736	A	G	0	0	0	0	0	0	0	0	0	0	0	0.0	0.0
6	617474	A	C	0	0	0	0	0	0	0	0	0	0	0	0.0	0.0
6	659879	C	T	0	0	0	0	0	0	0	0	0	0	0	0.0	0.0
6	665302	C	T	0	0	0	0	0	0	0	0	0	0	0	0.0	0.0
6	670700	A	G	0	0	0	0	0	0	0	0	0	0	0	0.0	0.0
6	711055	C	G	0	0	0	0	0	0	0	0	0	0	0	0.0	0.0
6	711150	A	C	0	0	0	0	0	0	0	0	0	0	0	0.0	0.0
6	711197	G	C	0	0	0	0	0	0	0	0	0	0	0	0.0	0.0
6	715196	G	A	0	0	0	0	0	0	0	0	0	0	0	0.0	0.0
6	715282	G	T	0	0	0	0	0	0	0	0	0	0	0	0.0	0.0
6	720465	G	A	0	0	0	0	0	0	0	0	0	0	0	0.0	0.0
6	723505	G	A	0	0	0	0	0	0	0	0	0	0	0	0.0	0.0
6	725040	A	T	0	0	0	0	0	0	0	0	0	0	0	0.0	0.0
6	725479	C	T	0	0	0	0	0	0	0	0	0	0	0	0.0	0.0
6	725596	G	A	0	0	0	0	0	0	0	0	0	0	0	0.0	0.0
6	725598	G	A	0	0	0	0	0	0	0	0	0	0	0	0.0	0.0
6	726042	A	G	0	0	0	0	0	0	0	0	0	0	0	0.0	0.0
6	772628	G	A	0	0	0	0	0	0	0	0	0	0	0	0.0	0.0
6	775915	G	A	0	0	0	0	0	0	0	0	0	0	0	0.0	0.0
6	776262	G	A	0	0	0	0	0	0	0	0	0	0	0	0.0	0.0
6	777908	G	A	0	0	0	0	0	0	0	0	0	0	0	0.0	0.0
6	779113	C	G	0	0	0	0	0	0	0	0	0	0	0	0.0	0.0
6	779191	G	A	0	0	0	0	0	0	0	0	0	0	0	0.0	0.0
6	779944	T	C	0	0	0	0	0	0	0	0	0	0	0	0.0	0.0
6	780176	T	C	0	0	0	0	0	0	0	0	0	0	0	0.0	0.0
6	781077	T	G	0	0	0	0	0	0	0	0	0	0	0	0.0	0.0
6	782060	G	T	0	0	0	0	0	0	0	0	0	0	0	0.0	0.0
6	782953	C	T	0	0	0	0	0	0	0	0	0	0	0	0.0	0.0
6	783177	G	A	0	0	0	0	0	0	0	0	0	0	0	0.0	0.0
6	785010	C	G	0	0	0	0	0	0	0	0	0	0	0	0.0	0.0
6	786407	G	A	0	0	0	0	0	0	0	0	0	0	0	0.0	0.0
6	786594	G	T	0	0	0	0	0	0	0	0	0	0	0	0.0	0.0
6	786647	G	A	0	0	0	0	0	0	0	0	0	0	0	0.0	0.0
6	786685	G	A	0	0	0	0	0	0	0	0	0	0	0	0.0	0.0
6	786814	G	A	0	0	0	0	0	0	0	0	0	0	0	0.0	0.0
6	793765	A	G	0	0	0	0	0	0	0	0	0	0	0	0.0	0.0
6	793962	T	A	0	0	0	0	0	0	0	0	0	0	0	0.0	0.0
6	794189	G	A	0	0	0	0	0	0	0	0	0	0	0	0.0	0.0
6	794333	G	A	0	0	0	0	0	0	0	0	0	0	0	0.0	0.0
6	795321	C	T	0	0	0	0	0	0	0	0	0	0	0	0.0	0.0
6	795414	G	A	0	0	0	0	0	0	0	0	0	0	0	0.0	0.0
6	795502	G	T	0	0	0	0	0	0	0	0	0	0	0	0.0	0.0
6	795883	G	A	1	0	0	0	0	1	0	0	0	1	0	1.0	0.0
6	796416	C	A	0	0	0	0	0	0	0	0	0	0	0	0.0	0.0
6	796484	A	C	0	0	0	0	0	0	0	0	0	0	0	0.0	0.0
6	796904	A	G	0	0	0	0	0	0	0	0	0	0	0	0.0	0.0
6	797003	A	G	0	0	0	0	0	0	0	0	0	0	0	0.0	0.0
6	797075	A	G	0	0	0	0	0	0	0	0	0	0	0	0.0	0.0
6	797475	T	C	0	0	0	0	0	0	0	0	0	0	0	0.0	0.0
6	797698	C	G	0	0	0	0	0	0	0	0	0	0	0	0.0	0.0
6	797725	A	C	0	0	0	0	0	0	0	0	0	0	0	0.0	0.0
6	797756	T	A	0	0	0	0	0	0	0	0	0	0	0	0.0	0.0
6	797811	C	T	0	0	0	0	0	0	0	0	0	0	0	0.0	0.0
6	798361	G	C	0	0	0	0	0	0	0	0	0	0	0	0.0	0.0
6	798559	T	C	0	0	0	0	0	0	0	0	0	0	0	0.0	0.0
6	800496	T	C	0	0	0	0	0	0	0	0	0	0	0	0.0	0.0
6	827799	T	C	0	0	0	0	0	0	0	0	0	0	0	0.0	0.0
6	828201	C	T	0	0	0	0	0	0	0	0	0	0	0	0.0	0.0
6	828403	G	A	0	0	0	0	0	0	0	0	0	0	0	0.0	0.0
6	828492	T	C	0	0	0	0	0	0	0	0	0	0	0	0.0	0.0
6	828713	G	A	0	0	0	0	0	0	0	0	0	0	0	0.0	0.0
6	828813	A	G	0	0	0	0	0	0	0	0	0	0	0	0.0	0.0
6	828823	G	A	0	0	0	0	0	0	0	0	0	0	0	0.0	0.0
6	828850	T	C	0	0	0	0	0	0	0	0	0	0	0	0.0	0.0
6	828946	G	A	0	0	0	0	0	0	0	0	0	0	0	0.0	0.0
6	829032	T	C	0	0	0	0	0	0	0	0	0	0	0	0.0	0.0
6	829033	G	A	0	0	0	0	0	0	0	0	0	0	0	0.0	0.0
6	829048	C	T	0	0	0	0	0	0	0	0	0	0	0	0.0	0.0
6	829223	G	A	0	0	0	0	0	0	0	0	0	0	0	0.0	0.0
6	829735	G	A	0	0	0	0	0	0	0	0	0	0	0	0.0	0.0
6	830990	A	T	0	0	0	0	0	0	0	0	0	0	0	0.0	0.0
6	831356	A	G	0	0	0	0	0	0	0	0	0	0	0	0.0	0.0
6	831620	G	A	0	0	0	0	0	0	0	0	0	0	0	0.0	0.0
6	831950	G	A	0	0	0	0	0	0	0	0	0	0	0	0.0	0.0
6	832015	G	A	0	0	0	0	0	0	0	0	0	0	0	0.0	0.0
6	832371	G	T	0	0	0	0	0	0	0	0	0	0	0	0.0	0.0
6	832740	C	T	0	0	0	0	0	0	0	0	0	0	0	0.0	0.0
6	832872	C	T	0	0	0	0	0	0	0	0	0	0	0	0.0	0.0
6	833212	T	A	0	0	0	0	0	0	0	0	0	0	0	0.0	0.0
6	833237	G	A	0	0	0	0	0	0	0	0	0	0	0	0.0	0.0
6	833268	C	T	0	0	0	0	0	0	0	0	0	0	0	0.0	0.0
6	833271	G	A	0	0	0	0	0	0	0	0	0	0	0	0.0	0.0
6	833367	A	C	0	0	0	0	0	0	0	0	0	0	0	0.0	0.0
6	833579	A	G	0	0	0	0	0	0	0	0	0	0	0	0.0	0.0
6	834044	T	G	0	0	0	0	0	0	0	0	0	0	0	0.0	0.0
6	835274	A	G	0	0	0	0	0	0	0	0	0	0	0	0.0	0.0
6	836203	A	G	0	0	0	0	0	0	0	0	0	0	0	0.0	0.0
6	836205	T	A	0	0	0	0	0	0	0	0	0	0	0	0.0	0.0
6	836331	A	G	0	0	0	0	0	0	0	0	0	0	0	0.0	0.0
6	837998	G	C	0	0	0	0	0	0	0	0	0	0	0	0.0	0.0
6	840646	C	T	0	0	0	0	0	0	0	0	0	0	0	0.0	0.0
6	846436	G	C	0	0	0	0	0	0	0	0	0	0	0	0.0	0.0
6	848699	G	C	0	0	0	0	0	0	0	0	0	0	0	0.0	0.0
6	849070	G	A	0	0	0	0	0	0	0	0	0	0	0	0.0	0.0
6	849231	A	G	0	0	0	0	0	0	0	0	0	0	0	0.0	0.0
6	849772	G	A	0	0	0	0	0	0	0	0	0	0	0	0.0	0.0
6	850110	G	A	0	0	0	0	0	0	0	0	0	0	0	0.0	0.0
6	850188	C	T	0	0	0	0	0	0	0	0	0	0	0	0.0	0.0
6	852164	T	C	1	0	0	1	0	0	0	0	0	1	0	1.0	0.0
6	854451	T	C	0	0	0	0	0	0	0	0	0	0	0	0.0	0.0
6	854954	G	A	0	0	0	0	0	0	0	0	0	0	0	0.0	0.0
6	855764	A	C	0	0	0	0	0	0	0	0	0	0	0	0.0	0.0
6	856361	A	G	0	0	0	0	0	0	0	0	0	0	0	0.0	0.0
6	856463	C	G	0	0	0	0	0	0	0	0	0	0	0	0.0	0.0
6	856464	T	G	0	0	0	0	0	0	0	0	0	0	0	0.0	0.0
6	856545	G	A	0	0	0	0	0	0	0	0	0	0	0	0.0	0.0
6	856546	C	T	0	0	0	0	0	0	0	0	0	0	0	0.0	0.0
6	856665	C	T	0	0	0	0	0	0	0	0	0	0	0	0.0	0.0
6	856668	A	G	0	0	0	0	0	0	0	0	0	0	0	0.0	0.0
6	856675	G	A	0	0	0	0	0	0	0	0	0	0	0	0.0	0.0
6	856678	G	T	0	0	0	0	0	0	0	0	0	0	0	0.0	0.0
6	856683	C	T	0	0	0	0	0	0	0	0	0	0	0	0.0	0.0
6	856754	G	A	0	0	0	0	0	0	0	0	0	0	0	0.0	0.0
6	856766	T	C	0	0	0	0	0	0	0	0	0	0	0	0.0	0.0
6	857147	C	T	0	0	0	0	0	0	0	0	0	0	0	0.0	0.0
6	857977	G	C	0	0	0	0	0	0	0	0	0	0	0	0.0	0.0
6	858056	C	A	0	0	0	0	0	0	0	0	0	0	0	0.0	0.0
6	858212	A	G	0	0	0	0	0	0	0	0	0	0	0	0.0	0.0
6	858726	C	T	0	0	0	0	0	0	0	0	0	0	0	0.0	0.0
6	858970	C	T	0	0	0	0	0	0	0	0	0	0	0	0.0	0.0
6	859115	A	G	0	0	0	0	0	0	0	0	0	0	0	0.0	0.0
6	859376	G	A	0	0	0	0	0	0	0	0	0	0	0	0.0	0.0
6	859468	A	G	0	0	0	0	0	0	0	0	0	0	0	0.0	0.0
6	859664	C	T	0	0	0	0	0	0	0	0	0	0	0	0.0	0.0
6	859801	G	T	0	0	0	0	0	0	0	0	0	0	0	0.0	0.0
6	859829	A	G	0	0	0	0	0	0	0	0	0	0	0	0.0	0.0
6	859966	A	G	0	0	0	0	0	0	0	0	0	0	0	0.0	0.0
6	860044	C	A	0	0	0	0	0	0	0	0	0	0	0	0.0	0.0
6	861084	A	G	0	0	0	0	0	0	0	0	0	0	0	0.0	0.0
6	861526	C	A	0	0	0	0	0	0	0	0	0	0	0	0.0	0.0
6	861625	C	T	0	0	0	0	0	0	0	0	0	0	0	0.0	0.0
6	861685	C	T	0	0	0	0	0	0	0	0	0	0	0	0.0	0.0
6	864095	C	T	0	0	0	0	0	0	0	0	0	0	0	0.0	0.0
6	864484	C	T	0	0	0	0	0	0	0	0	0	0	0	0.0	0.0
6	864886	T	C	0	0	0	0	0	0	0	0	0	0	0	0.0	0.0
6	866372	C	T	0	0	0	0	0	0	0	0	0	0	0	0.0	0.0
6	866545	C	T	0	0	0	0	0	0	0	0	0	0	0	0.0	0.0
6	866737	G	A	0	0	0	0	0	0	0	0	0	0	0	0.0	0.0
6	866752	T	G	0	0	0	0	0	0	0	0	0	0	0	0.0	0.0
6	866963	G	A	0	0	0	0	0	0	0	0	0	0	0	0.0	0.0
6	867007	A	G	0	0	0	0	0	0	0	0	0	0	0	0.0	0.0
6	867030	T	C	0	0	0	0	0	0	0	0	0	0	0	0.0	0.0
6	867059	A	C	0	0	0	0	0	0	0	0	0	0	0	0.0	0.0
6	867488	A	G	0	0	0	0	0	0	0	0	0	0	0	0.0	0.0
6	869768	A	G	0	0	0	0	0	0	0	0	0	0	0	0.0	0.0
6	870244	A	G	0	0	0	0	0	0	0	0	0	0	0	0.0	0.0
6	875336	G	A	0	0	0	0	0	0	0	0	0	0	0	0.0	0.0
6	875493	G	A	0	0	0	0	0	0	0	0	0	0	0	0.0	0.0
6	875559	A	G	0	0	0	0	0	0	0	0	0	0	0	0.0	0.0
6	878185	A	T	0	0	0	0	0	0	0	0	0	0	0	0.0	0.0
6	879827	G	T	0	0	0	0	0	0	0	0	0	0	0	0.0	0.0
6	879853	G	T	0	0	0	0	0	0	0	0	0	0	0	0.0	0.0
6	880234	C	A	0	0	0	0	0	0	0	0	0	0	0	0.0	0.0
6	880428	G	C	0	0	0	0	0	0	0	0	0	0	0	0.0	0.0
6	880467	G	A	0	0	0	0	0	0	0	0	0	0	0	0.0	0.0
6	880493	G	A	0	0	0	0	0	0	0	0	0	0	0	0.0	0.0
6	882279	G	A	0	0	0	0	0	0	0	0	0	0	0	0.0	0.0
6	883074	G	A	0	0	0	0	0	0	0	0	0	0	0	0.0	0.0
6	885797	A	G	0	0	0	0	0	0	0	0	0	0	0	0.0	0.0
6	886508	G	A	0	0	0	0	0	0	0	0	0	0	0	0.0	0.0
6	886544	T	C	0	0	0	0	0	0	0	0	0	0	0	0.0	0.0
6	886884	A	T	0	0	0	0	0	0	0	0	0	0	0	0.0	0.0
6	887414	T	A	0	0	0	0	0	0	0	0	0	0	0	0.0	0.0
6	887482	A	T	0	0	0	0	0	0	0	0	0	0	0	0.0	0.0
6	887557	G	C	0	0	0	0	0	0	0	0	0	0	0	0.0	0.0
6	887802	T	C	0	0	0	0	0	0	0	0	0	0	0	0.0	0.0
6	887965	G	A	0	0	0	0	0	0	0	0	0	0	0	0.0	0.0
6	887977	A	G	0	0	0	0	0	0	0	0	0	0	0	0.0	0.0
6	888041	G	T	0	0	0	0	0	0	0	0	0	0	0	0.0	0.0
6	888239	C	T	0	0	0	0	0	0	0	0	0	0	0	0.0	0.0
6	888734	G	A	0	0	0	0	0	0	0	0	0	0	0	0.0	0.0
6	889033	G	C	0	0	0	0	0	0	0	0	0	0	0	0.0	0.0
6	889487	G	A	0	0	0	0	0	0	0	0	0	0	0	0.0	0.0
6	889708	G	A	0	0	0	0	0	0	0	0	0	0	0	0.0	0.0
6	889817	C	G	0	0	0	0	0	0	0	0	0	0	0	0.0	0.0
6	890039	G	A	0	0	0	0	0	0	0	0	0	0	0	0.0	0.0
6	890165	C	T	0	0	0	0	0	0	0	0	0	0	0	0.0	0.0
6	890831	G	A	1	0	1	0	0	0	0	0	0	0	1	0.0	1.0
6	894741	A	G	0	0	0	0	0	0	0	0	0	0	0	0.0	0.0
6	897297	T	A	0	0	0	0	0	0	0	0	0	0	0	0.0	0.0
6	927393	A	G	0	0	0	0	0	0	0	0	0	0	0	0.0	0.0
6	927555	G	A	0	0	0	0	0	0	0	0	0	0	0	0.0	0.0
6	927876	A	C	0	0	0	0	0	0	0	0	0	0	0	0.0	0.0
6	928586	G	A	0	0	0	0	0	0	0	0	0	0	0	0.0	0.0
6	928681	A	G	0	0	0	0	0	0	0	0	0	0	0	0.0	0.0
6	928756	C	T	0	0	0	0	0	0	0	0	0	0	0	0.0	0.0
6	929706	C	G	0	0	0	0	0	0	0	0	0	0	0	0.0	0.0
6	930792	T	G	0	0	0	0	0	0	0	0	0	0	0	0.0	0.0
6	931640	C	A	0	0	0	0	0	0	0	0	0	0	0	0.0	0.0
6	934267	C	G	0	0	0	0	0	0	0	0	0	0	0	0.0	0.0
6	935031	C	T	0	0	0	0	0	0	0	0	0	0	0	0.0	0.0
6	935165	C	A	0	0	0	0	0	0	0	0	0	0	0	0.0	0.0
6	935425	T	C	0	0	0	0	0	0	0	0	0	0	0	0.0	0.0
6	935922	A	T	0	0	0	0	0	0	0	0	0	0	0	0.0	0.0
6	936018	T	C	0	0	0	0	0	0	0	0	0	0	0	0.0	0.0
6	936154	T	A	0	0	0	0	0	0	0	0	0	0	0	0.0	0.0
6	936652	A	C	0	0	0	0	0	0	0	0	0	0	0	0.0	0.0
6	936840	T	G	0	0	0	0	0	0	0	0	0	0	0	0.0	0.0
6	937317	T	A	0	0	0	0	0	0	0	0	0	0	0	0.0	0.0
6	946665	C	T	0	0	0	0	0	0	0	0	0	0	0	0.0	0.0
6	951385	C	T	0	0	0	0	0	0	0	0	0	0	0	0.0	0.0
6	951816	G	T	0	0	0	0	0	0	0	0	0	0	0	0.0	0.0
6	952265	C	T	0	0	0	0	0	0	0	0	0	0	0	0.0	0.0
6	953650	C	T	0	0	0	0	0	0	0	0	0	0	0	0.0	0.0
6	953852	T	G	0	0	0	0	0	0	0	0	0	0	0	0.0	0.0
6	955769	C	T	0	0	0	0	0	0	0	0	0	0	0	0.0	0.0
6	955986	A	C	0	0	0	0	0	0	0	0	0	0	0	0.0	0.0
6	959141	G	A	0	0	0	0	0	0	0	0	0	0	0	0.0	0.0
6	959745	T	C	0	0	0	0	0	0	0	0	0	0	0	0.0	0.0
6	959747	C	T	0	0	0	0	0	0	0	0	0	0	0	0.0	0.0
6	959827	A	T	0	0	0	0	0	0	0	0	0	0	0	0.0	0.0
6	959830	T	C	0	0	0	0	0	0	0	0	0	0	0	0.0	0.0
6	1009215	A	G	0	0	0	0	0	0	0	0	0	0	0	0.0	0.0
6	1021034	G	A	0	0	0	0	0	0	0	0	0	0	0	0.0	0.0
6	1022562	G	A	0	0	0	0	0	0	0	0	0	0	0	0.0	0.0
6	1022702	G	C	0	0	0	0	0	0	0	0	0	0	0	0.0	0.0
6	1022733	G	A	0	0	0	0	0	0	0	0	0	0	0	0.0	0.0
6	1041730	G	A	0	0	0	0	0	0	0	0	0	0	0	0.0	0.0
6	1045503	C	T	0	0	0	0	0	0	0	0	0	0	0	0.0	0.0
6	1054796	C	T	0	0	0	0	0	0	0	0	0	0	0	0.0	0.0
6	1054871	C	A	0	0	0	0	0	0	0	0	0	0	0	0.0	0.0
6	1055655	T	C	0	0	0	0	0	0	0	0	0	0	0	0.0	0.0
6	1055786	G	A	0	0	0	0	0	0	0	0	0	0	0	0.0	0.0
6	1055794	G	A	0	0	0	0	0	0	0	0	0	0	0	0.0	0.0
6	1055941	T	C	0	0	0	0	0	0	0	0	0	0	0	0.0	0.0
6	1056091	C	T	0	0	0	0	0	0	0	0	0	0	0	0.0	0.0
6	1056155	T	C	0	0	0	0	0	0	0	0	0	0	0	0.0	0.0
6	1056196	A	G	0	0	0	0	0	0	0	0	0	0	0	0.0	0.0
6	1056647	T	C	0	0	0	0	0	0	0	0	0	0	0	0.0	0.0
6	1056668	A	G	0	0	0	0	0	0	0	0	0	0	0	0.0	0.0
6	1056944	G	A	0	0	0	0	0	0	0	0	0	0	0	0.0	0.0
6	1056982	G	A	0	0	0	0	0	0	0	0	0	0	0	0.0	0.0
6	1057018	T	C	0	0	0	0	0	0	0	0	0	0	0	0.0	0.0
6	1057600	T	A	0	0	0	0	0	0	0	0	0	0	0	0.0	0.0
6	1057863	G	A	0	0	0	0	0	0	0	0	0	0	0	0.0	0.0
6	1057954	G	A	0	0	0	0	0	0	0	0	0	0	0	0.0	0.0
6	1057956	T	G	0	0	0	0	0	0	0	0	0	0	0	0.0	0.0
6	1057990	C	T	0	0	0	0	0	0	0	0	0	0	0	0.0	0.0
6	1058500	C	T	0	0	0	0	0	0	0	0	0	0	0	0.0	0.0
6	1058509	A	G	0	0	0	0	0	0	0	0	0	0	0	0.0	0.0
6	1073420	C	A	0	0	0	0	0	0	0	0	0	0	0	0.0	0.0
6	1088885	T	C	0	0	0	0	0	0	0	0	0	0	0	0.0	0.0
6	1088964	G	A	0	0	0	0	0	0	0	0	0	0	0	0.0	0.0
6	1089131	A	T	0	0	0	0	0	0	0	0	0	0	0	0.0	0.0
6	1089217	T	C	0	0	0	0	0	0	0	0	0	0	0	0.0	0.0
6	1090056	C	A	0	0	0	0	0	0	0	0	0	0	0	0.0	0.0
6	1090451	G	A	0	0	0	0	0	0	0	0	0	0	0	0.0	0.0
6	1090881	A	G	0	0	0	0	0	0	0	0	0	0	0	0.0	0.0
6	1091603	A	G	0	0	0	0	0	0	0	0	0	0	0	0.0	0.0
6	1092138	C	T	0	0	0	0	0	0	0	0	0	0	0	0.0	0.0
6	1092745	C	T	0	0	0	0	0	0	0	0	0	0	0	0.0	0.0
6	1095427	T	C	0	0	0	0	0	0	0	0	0	0	0	0.0	0.0
6	1095855	A	C	0	0	0	0	0	0	0	0	0	0	0	0.0	0.0
6	1096183	T	G	0	0	0	0	0	0	0	0	0	0	0	0.0	0.0
6	1096305	C	T	0	0	0	0	0	0	0	0	0	0	0	0.0	0.0
6	1096306	A	G	0	0	0	0	0	0	0	0	0	0	0	0.0	0.0
6	1097023	T	C	0	0	0	0	0	0	0	0	0	0	0	0.0	0.0
6	1097124	C	T	0	0	0	0	0	0	0	0	0	0	0	0.0	0.0
6	1097235	G	A	0	0	0	0	0	0	0	0	0	0	0	0.0	0.0
6	1097244	G	A	0	0	0	0	0	0	0	0	0	0	0	0.0	0.0
6	1097273	A	G	0	0	0	0	0	0	0	0	0	0	0	0.0	0.0
6	1097417	T	C	0	0	0	0	0	0	0	0	0	0	0	0.0	0.0
6	1098164	C	T	0	0	0	0	0	0	0	0	0	0	0	0.0	0.0
6	1099332	C	G	0	0	0	0	0	0	0	0	0	0	0	0.0	0.0
6	1099806	A	G	0	0	0	0	0	0	0	0	0	0	0	0.0	0.0
6	1100506	G	A	0	0	0	0	0	0	0	0	0	0	0	0.0	0.0
6	1100543	A	G	0	0	0	0	0	0	0	0	0	0	0	0.0	0.0
6	1100624	A	G	0	0	0	0	0	0	0	0	0	0	0	0.0	0.0
6	1100777	A	G	0	0	0	0	0	0	0	0	0	0	0	0.0	0.0
6	1101323	T	C	0	0	0	0	0	0	0	0	0	0	0	0.0	0.0
6	1101893	C	T	0	0	0	0	0	0	0	0	0	0	0	0.0	0.0
6	1102488	G	A	0	0	0	0	0	0	0	0	0	0	0	0.0	0.0
6	1102777	A	G	1	1	0	0	0	0	0	0	0	1	0	1.0	0.0
6	1103242	G	A	0	0	0	0	0	0	0	0	0	0	0	0.0	0.0
6	1104305	G	A	0	0	0	0	0	0	0	0	0	0	0	0.0	0.0
6	1104356	G	A	0	0	0	0	0	0	0	0	0	0	0	0.0	0.0
6	1104875	A	G	0	0	0	0	0	0	0	0	0	0	0	0.0	0.0
6	1106649	A	G	0	0	0	0	0	0	0	0	0	0	0	0.0	0.0
6	1108451	G	T	0	0	0	0	0	0	0	0	0	0	0	0.0	0.0
6	1109277	T	C	0	0	0	0	0	0	0	0	0	0	0	0.0	0.0
6	1109303	C	A	0	0	0	0	0	0	0	0	0	0	0	0.0	0.0
6	1109466	G	A	0	0	0	0	0	0	0	0	0	0	0	0.0	0.0
6	1110004	C	T	0	0	0	0	0	0	0	0	0	0	0	0.0	0.0
6	1111872	G	A	0	0	0	0	0	0	0	0	0	0	0	0.0	0.0
6	1112397	G	A	0	0	0	0	0	0	0	0	0	0	0	0.0	0.0
6	1113375	C	T	0	0	0	0	0	0	0	0	0	0	0	0.0	0.0
6	1113509	C	T	0	0	0	0	0	0	0	0	0	0	0	0.0	0.0
6	1114168	T	A	0	0	0	0	0	0	0	0	0	0	0	0.0	0.0
6	1115234	G	A	0	0	0	0	0	0	0	0	0	0	0	0.0	0.0
6	1115338	G	A	0	0	0	0	0	0	0	0	0	0	0	0.0	0.0
6	1115897	T	C	0	0	0	0	0	0	0	0	0	0	0	0.0	0.0
6	1116982	G	C	0	0	0	0	0	0	0	0	0	0	0	0.0	0.0
6	1119183	T	G	0	0	0	0	0	0	0	0	0	0	0	0.0	0.0
6	1119326	A	G	0	0	0	0	0	0	0	0	0	0	0	0.0	0.0
6	1122176	C	T	0	0	0	0	0	0	0	0	0	0	0	0.0	0.0
6	1122318	A	C	0	0	0	0	0	0	0	0	0	0	0	0.0	0.0
6	1123382	T	C	0	0	0	0	0	0	0	0	0	0	0	0.0	0.0
6	1124482	C	T	0	0	0	0	0	0	0	0	0	0	0	0.0	0.0
6	1124749	C	T	0	0	0	0	0	0	0	0	0	0	0	0.0	0.0
6	1125057	C	T	0	0	0	0	0	0	0	0	0	0	0	0.0	0.0
6	1125125	T	A	0	0	0	0	0	0	0	0	0	0	0	0.0	0.0
6	1125263	T	G	0	0	0	0	0	0	0	0	0	0	0	0.0	0.0
6	1125319	A	G	0	0	0	0	0	0	0	0	0	0	0	0.0	0.0
6	1125406	T	C	0	0	0	0	0	0	0	0	0	0	0	0.0	0.0
6	1125417	C	T	0	0	0	0	0	0	0	0	0	0	0	0.0	0.0
6	1125585	C	T	0	0	0	0	0	0	0	0	0	0	0	0.0	0.0
6	1125882	A	C	0	0	0	0	0	0	0	0	0	0	0	0.0	0.0
6	1127570	T	C	0	0	0	0	0	0	0	0	0	0	0	0.0	0.0
6	1127989	C	T	0	0	0	0	0	0	0	0	0	0	0	0.0	0.0
6	1128724	C	T	0	0	0	0	0	0	0	0	0	0	0	0.0	0.0
6	1128960	A	G	0	0	0	0	0	0	0	0	0	0	0	0.0	0.0
6	1129037	G	T	0	0	0	0	0	0	0	0	0	0	0	0.0	0.0
6	1129354	C	T	0	0	0	0	0	0	0	0	0	0	0	0.0	0.0
6	1130128	A	G	0	0	0	0	0	0	0	0	0	0	0	0.0	0.0
6	1130200	T	G	1	0	0	0	0	1	0	0	0	0	1	0.0	1.0
6	1131163	G	A	1	0	0	0	0	1	0	0	0	1	0	1.0	0.0
6	1132869	T	C	0	0	0	0	0	0	0	0	0	0	0	0.0	0.0
6	1133692	C	G	0	0	0	0	0	0	0	0	0	0	0	0.0	0.0
6	1134639	G	A	0	0	0	0	0	0	0	0	0	0	0	0.0	0.0
6	1135502	T	C	0	0	0	0	0	0	0	0	0	0	0	0.0	0.0
6	1135567	G	C	0	0	0	0	0	0	0	0	0	0	0	0.0	0.0
6	1137160	A	C	0	0	0	0	0	0	0	0	0	0	0	0.0	0.0
6	1138071	G	T	0	0	0	0	0	0	0	0	0	0	0	0.0	0.0
6	1138134	G	A	0	0	0	0	0	0	0	0	0	0	0	0.0	0.0
6	1139117	C	T	0	0	0	0	0	0	0	0	0	0	0	0.0	0.0
6	1139894	C	T	0	0	0	0	0	0	0	0	0	0	0	0.0	0.0
6	1140269	T	A	0	0	0	0	0	0	0	0	0	0	0	0.0	0.0
6	1141006	G	A	0	0	0	0	0	0	0	0	0	0	0	0.0	0.0
6	1141261	A	G	0	0	0	0	0	0	0	0	0	0	0	0.0	0.0
6	1141408	T	A	0	0	0	0	0	0	0	0	0	0	0	0.0	0.0
6	1141504	A	G	1	1	0	0	0	0	0	0	0	1	0	1.0	0.0
6	1142589	C	T	0	0	0	0	0	0	0	0	0	0	0	0.0	0.0
6	1142731	G	C	0	0	0	0	0	0	0	0	0	0	0	0.0	0.0
6	1143644	A	G	0	0	0	0	0	0	0	0	0	0	0	0.0	0.0
6	1144533	T	C	0	0	0	0	0	0	0	0	0	0	0	0.0	0.0
6	1144979	C	A	0	0	0	0	0	0	0	0	0	0	0	0.0	0.0
6	1145265	G	A	0	0	0	0	0	0	0	0	0	0	0	0.0	0.0
6	1146259	C	G	0	0	0	0	0	0	0	0	0	0	0	0.0	0.0
6	1146443	G	A	0	0	0	0	0	0	0	0	0	0	0	0.0	0.0
6	1151086	G	A	0	0	0	0	0	0	0	0	0	0	0	0.0	0.0
6	1151219	C	T	0	0	0	0	0	0	0	0	0	0	0	0.0	0.0
6	1151498	C	A	0	0	0	0	0	0	0	0	0	0	0	0.0	0.0
6	1152071	G	A	0	0	0	0	0	0	0	0	0	0	0	0.0	0.0
6	1153569	G	A	0	0	0	0	0	0	0	0	0	0	0	0.0	0.0
6	1154945	A	C	0	0	0	0	0	0	0	0	0	0	0	0.0	0.0
6	1155209	G	C	0	0	0	0	0	0	0	0	0	0	0	0.0	0.0
6	1156977	C	T	0	0	0	0	0	0	0	0	0	0	0	0.0	0.0
6	1157946	A	G	0	0	0	0	0	0	0	0	0	0	0	0.0	0.0
6	1158055	G	A	0	0	0	0	0	0	0	0	0	0	0	0.0	0.0
6	1160828	A	C	0	0	0	0	0	0	0	0	0	0	0	0.0	0.0
6	1161556	T	C	0	0	0	0	0	0	0	0	0	0	0	0.0	0.0
6	1161859	A	G	0	0	0	0	0	0	0	0	0	0	0	0.0	0.0
6	1161990	G	C	0	0	0	0	0	0	0	0	0	0	0	0.0	0.0
6	1162215	C	G	0	0	0	0	0	0	0	0	0	0	0	0.0	0.0
6	1163304	G	A	0	0	0	0	0	0	0	0	0	0	0	0.0	0.0
6	1163541	A	G	0	0	0	0	0	0	0	0	0	0	0	0.0	0.0
6	1165448	G	A	0	0	0	0	0	0	0	0	0	0	0	0.0	0.0
6	1167200	A	C	0	0	0	0	0	0	0	0	0	0	0	0.0	0.0
6	1186752	G	A	0	0	0	0	0	0	0	0	0	0	0	0.0	0.0
6	1208203	C	A	0	0	0	0	0	0	0	0	0	0	0	0.0	0.0
6	1211190	C	A	0	0	0	0	0	0	0	0	0	0	0	0.0	0.0
6	1213957	G	A	0	0	0	0	0	0	0	0	0	0	0	0.0	0.0
6	1214527	C	T	0	0	0	0	0	0	0	0	0	0	0	0.0	0.0
6	1214558	G	A	0	0	0	0	0	0	0	0	0	0	0	0.0	0.0
6	1214575	G	A	0	0	0	0	0	0	0	0	0	0	0	0.0	0.0
6	1215945	C	T	0	0	0	0	0	0	0	0	0	0	0	0.0	0.0
6	1215993	G	A	0	0	0	0	0	0	0	0	0	0	0	0.0	0.0
6	1216029	C	T	0	0	0	0	0	0	0	0	0	0	0	0.0	0.0
6	1216299	G	T	0	0	0	0	0	0	0	0	0	0	0	0.0	0.0
6	1216310	G	A	0	0	0	0	0	0	0	0	0	0	0	0.0	0.0
6	1216376	G	A	0	0	0	0	0	0	0	0	0	0	0	0.0	0.0
6	1216398	A	G	0	0	0	0	0	0	0	0	0	0	0	0.0	0.0
6	1216526	C	T	0	0	0	0	0	0	0	0	0	0	0	0.0	0.0
6	1216558	G	T	0	0	0	0	0	0	0	0	0	0	0	0.0	0.0
6	1216636	A	G	0	0	0	0	0	0	0	0	0	0	0	0.0	0.0
6	1216740	C	T	0	0	0	0	0	0	0	0	0	0	0	0.0	0.0
6	1216794	T	C	0	0	0	0	0	0	0	0	0	0	0	0.0	0.0
6	1217120	G	A	0	0	0	0	0	0	0	0	0	0	0	0.0	0.0
6	1217308	T	C	0	0	0	0	0	0	0	0	0	0	0	0.0	0.0
6	1217430	G	A	0	0	0	0	0	0	0	0	0	0	0	0.0	0.0
6	1217829	C	T	0	0	0	0	0	0	0	0	0	0	0	0.0	0.0
6	1218325	T	A	0	0	0	0	0	0	0	0	0	0	0	0.0	0.0
6	1218482	G	C	0	0	0	0	0	0	0	0	0	0	0	0.0	0.0
6	1218604	G	A	0	0	0	0	0	0	0	0	0	0	0	0.0	0.0
6	1218948	T	C	0	0	0	0	0	0	0	0	0	0	0	0.0	0.0
6	1219042	A	C	0	0	0	0	0	0	0	0	0	0	0	0.0	0.0
6	1219171	T	C	0	0	0	0	0	0	0	0	0	0	0	0.0	0.0
6	1219642	G	A	0	0	0	0	0	0	0	0	0	0	0	0.0	0.0
6	1219672	T	C	0	0	0	0	0	0	0	0	0	0	0	0.0	0.0
6	1220139	A	G	0	0	0	0	0	0	0	0	0	0	0	0.0	0.0
6	1220161	G	A	0	0	0	0	0	0	0	0	0	0	0	0.0	0.0
6	1220243	G	C	0	0	0	0	0	0	0	0	0	0	0	0.0	0.0
6	1220301	G	C	0	0	0	0	0	0	0	0	0	0	0	0.0	0.0
6	1220349	C	T	0	0	0	0	0	0	0	0	0	0	0	0.0	0.0
6	1220356	T	G	0	0	0	0	0	0	0	0	0	0	0	0.0	0.0
6	1220714	T	A	0	0	0	0	0	0	0	0	0	0	0	0.0	0.0
6	1221018	C	A	0	0	0	0	0	0	0	0	0	0	0	0.0	0.0
6	1221022	A	C	0	0	0	0	0	0	0	0	0	0	0	0.0	0.0
6	1221275	C	G	0	0	0	0	0	0	0	0	0	0	0	0.0	0.0
6	1221578	A	G	0	0	0	0	0	0	0	0	0	0	0	0.0	0.0
6	1222277	G	C	0	0	0	0	0	0	0	0	0	0	0	0.0	0.0
6	1222443	C	T	1	0	0	1	0	0	0	0	0	0	1	0.0	1.0
6	1222573	T	G	0	0	0	0	0	0	0	0	0	0	0	0.0	0.0
6	1222588	C	T	0	0	0	0	0	0	0	0	0	0	0	0.0	0.0
6	1222929	A	G	0	0	0	0	0	0	0	0	0	0	0	0.0	0.0
6	1223054	A	G	0	0	0	0	0	0	0	0	0	0	0	0.0	0.0
6	1223075	A	G	0	0	0	0	0	0	0	0	0	0	0	0.0	0.0
6	1223956	G	A	0	0	0	0	0	0	0	0	0	0	0	0.0	0.0
6	1224584	C	T	0	0	0	0	0	0	0	0	0	0	0	0.0	0.0
6	1225759	C	T	0	0	0	0	0	0	0	0	0	0	0	0.0	0.0
6	1226304	C	G	0	0	0	0	0	0	0	0	0	0	0	0.0	0.0
6	1226548	T	C	0	0	0	0	0	0	0	0	0	0	0	0.0	0.0
6	1227633	C	T	0	0	0	0	0	0	0	0	0	0	0	0.0	0.0
6	1228313	C	T	0	0	0	0	0	0	0	0	0	0	0	0.0	0.0
6	1228644	A	G	1	0	0	0	0	1	0	0	0	0	1	0.0	1.0
6	1229653	G	A	0	0	0	0	0	0	0	0	0	0	0	0.0	0.0
6	1232021	C	A	0	0	0	0	0	0	0	0	0	0	0	0.0	0.0
6	1233229	G	A	0	0	0	0	0	0	0	0	0	0	0	0.0	0.0
6	1234953	G	A	0	0	0	0	0	0	0	0	0	0	0	0.0	0.0
6	1235499	C	T	0	0	0	0	0	0	0	0	0	0	0	0.0	0.0
6	1237315	T	C	0	0	0	0	0	0	0	0	0	0	0	0.0	0.0
6	1238459	T	C	0	0	0	0	0	0	0	0	0	0	0	0.0	0.0
6	1239340	T	C	0	0	0	0	0	0	0	0	0	0	0	0.0	0.0
6	1242557	C	T	0	0	0	0	0	0	0	0	0	0	0	0.0	0.0
6	1242793	C	T	0	0	0	0	0	0	0	0	0	0	0	0.0	0.0
6	1243379	T	G	0	0	0	0	0	0	0	0	0	0	0	0.0	0.0
6	1244092	C	G	0	0	0	0	0	0	0	0	0	0	0	0.0	0.0
6	1244837	A	G	0	0	0	0	0	0	0	0	0	0	0	0.0	0.0
6	1245295	G	A	0	0	0	0	0	0	0	0	0	0	0	0.0	0.0
6	1246158	A	G	0	0	0	0	0	0	0	0	0	0	0	0.0	0.0
6	1246807	G	A	0	0	0	0	0	0	0	0	0	0	0	0.0	0.0
6	1246831	A	G	0	0	0	0	0	0	0	0	0	0	0	0.0	0.0
6	1247298	T	C	0	0	0	0	0	0	0	0	0	0	0	0.0	0.0
6	1247930	A	G	0	0	0	0	0	0	0	0	0	0	0	0.0	0.0
6	1248458	A	G	0	0	0	0	0	0	0	0	0	0	0	0.0	0.0
6	1248527	A	T	0	0	0	0	0	0	0	0	0	0	0	0.0	0.0
6	1248927	G	A	0	0	0	0	0	0	0	0	0	0	0	0.0	0.0
6	1250947	C	T	0	0	0	0	0	0	0	0	0	0	0	0.0	0.0
6	1251437	T	C	0	0	0	0	0	0	0	0	0	0	0	0.0	0.0
6	1252474	T	G	0	0	0	0	0	0	0	0	0	0	0	0.0	0.0
6	1252475	T	G	0	0	0	0	0	0	0	0	0	0	0	0.0	0.0
6	1252674	T	C	0	0	0	0	0	0	0	0	0	0	0	0.0	0.0
6	1252894	G	A	0	0	0	0	0	0	0	0	0	0	0	0.0	0.0
6	1253112	G	T	0	0	0	0	0	0	0	0	0	0	0	0.0	0.0
6	1253258	C	T	0	0	0	0	0	0	0	0	0	0	0	0.0	0.0
6	1253378	A	G	0	0	0	0	0	0	0	0	0	0	0	0.0	0.0
6	1253516	A	T	0	0	0	0	0	0	0	0	0	0	0	0.0	0.0
6	1253948	G	C	0	0	0	0	0	0	0	0	0	0	0	0.0	0.0
6	1261574	C	G	0	0	0	0	0	0	0	0	0	0	0	0.0	0.0
6	1263359	G	A	0	0	0	0	0	0	0	0	0	0	0	0.0	0.0
6	1264258	G	C	0	0	0	0	0	0	0	0	0	0	0	0.0	0.0
6	1264403	G	A	0	0	0	0	0	0	0	0	0	0	0	0.0	0.0
6	1266306	T	C	0	0	0	0	0	0	0	0	0	0	0	0.0	0.0
6	1269622	C	G	0	0	0	0	0	0	0	0	0	0	0	0.0	0.0
6	1269690	G	C	0	0	0	0	0	0	0	0	0	0	0	0.0	0.0
6	1270046	C	A	0	0	0	0	0	0	0	0	0	0	0	0.0	0.0
6	1270673	T	C	0	0	0	0	0	0	0	0	0	0	0	0.0	0.0
6	1271057	G	A	0	0	0	0	0	0	0	0	0	0	0	0.0	0.0
6	1271383	A	G	0	0	0	0	0	0	0	0	0	0	0	0.0	0.0
6	1271716	C	T	0	0	0	0	0	0	0	0	0	0	0	0.0	0.0
6	1271965	T	C	0	0	0	0	0	0	0	0	0	0	0	0.0	0.0
6	1272236	A	T	0	0	0	0	0	0	0	0	0	0	0	0.0	0.0
6	1272342	A	G	0	0	0	0	0	0	0	0	0	0	0	0.0	0.0
6	1272354	T	C	0	0	0	0	0	0	0	0	0	0	0	0.0	0.0
6	1272542	T	C	0	0	0	0	0	0	0	0	0	0	0	0.0	0.0
6	1272777	C	T	0	0	0	0	0	0	0	0	0	0	0	0.0	0.0
6	1272780	A	G	0	0	0	0	0	0	0	0	0	0	0	0.0	0.0
6	1273156	T	C	0	0	0	0	0	0	0	0	0	0	0	0.0	0.0
6	1273381	G	A	0	0	0	0	0	0	0	0	0	0	0	0.0	0.0
6	1273643	A	G	0	0	0	0	0	0	0	0	0	0	0	0.0	0.0
6	1273824	C	T	0	0	0	0	0	0	0	0	0	0	0	0.0	0.0
6	1274435	A	G	0	0	0	0	0	0	0	0	0	0	0	0.0	0.0
6	1274536	A	G	0	0	0	0	0	0	0	0	0	0	0	0.0	0.0
6	1274617	C	G	0	0	0	0	0	0	0	0	0	0	0	0.0	0.0
6	1274685	T	C	0	0	0	0	0	0	0	0	0	0	0	0.0	0.0
6	1274712	G	A	0	0	0	0	0	0	0	0	0	0	0	0.0	0.0
6	1274759	C	T	0	0	0	0	0	0	0	0	0	0	0	0.0	0.0
6	1274904	G	A	0	0	0	0	0	0	0	0	0	0	0	0.0	0.0
6	1275205	T	C	0	0	0	0	0	0	0	0	0	0	0	0.0	0.0
6	1275309	C	A	0	0	0	0	0	0	0	0	0	0	0	0.0	0.0
6	1275620	G	A	0	0	0	0	0	0	0	0	0	0	0	0.0	0.0
6	1275974	T	C	0	0	0	0	0	0	0	0	0	0	0	0.0	0.0
6	1276156	C	T	0	0	0	0	0	0	0	0	0	0	0	0.0	0.0
6	1276224	A	G	0	0	0	0	0	0	0	0	0	0	0	0.0	0.0
6	1277151	T	G	0	0	0	0	0	0	0	0	0	0	0	0.0	0.0
6	1277197	G	A	0	0	0	0	0	0	0	0	0	0	0	0.0	0.0
6	1277271	G	T	0	0	0	0	0	0	0	0	0	0	0	0.0	0.0
6	1277350	T	C	0	0	0	0	0	0	0	0	0	0	0	0.0	0.0
6	1277371	A	G	0	0	0	0	0	0	0	0	0	0	0	0.0	0.0
6	1277702	A	G	0	0	0	0	0	0	0	0	0	0	0	0.0	0.0
6	1277715	T	C	0	0	0	0	0	0	0	0	0	0	0	0.0	0.0
6	1279046	A	T	0	0	0	0	0	0	0	0	0	0	0	0.0	0.0
6	1280271	G	A	0	0	0	0	0	0	0	0	0	0	0	0.0	0.0
6	1281814	A	C	0	0	0	0	0	0	0	0	0	0	0	0.0	0.0
6	1282459	G	C	0	0	0	0	0	0	0	0	0	0	0	0.0	0.0
6	1287016	G	A	0	0	0	0	0	0	0	0	0	0	0	0.0	0.0
6	1287249	T	C	0	0	0	0	0	0	0	0	0	0	0	0.0	0.0
6	1289036	G	A	0	0	0	0	0	0	0	0	0	0	0	0.0	0.0
6	1289815	G	A	0	0	0	0	0	0	0	0	0	0	0	0.0	0.0
6	1289926	T	G	0	0	0	0	0	0	0	0	0	0	0	0.0	0.0
6	1290388	C	T	0	0	0	0	0	0	0	0	0	0	0	0.0	0.0
6	1291838	G	A	0	0	0	0	0	0	0	0	0	0	0	0.0	0.0
6	1291847	C	T	0	0	0	0	0	0	0	0	0	0	0	0.0	0.0
6	1291946	A	G	0	0	0	0	0	0	0	0	0	0	0	0.0	0.0
6	1292134	G	A	0	0	0	0	0	0	0	0	0	0	0	0.0	0.0
6	1292274	T	A	0	0	0	0	0	0	0	0	0	0	0	0.0	0.0
6	1294449	C	A	0	0	0	0	0	0	0	0	0	0	0	0.0	0.0
6	1294589	T	C	0	0	0	0	0	0	0	0	0	0	0	0.0	0.0
6	1294617	G	A	0	0	0	0	0	0	0	0	0	0	0	0.0	0.0
6	1294818	G	A	0	0	0	0	0	0	0	0	0	0	0	0.0	0.0
6	1295151	G	A	0	0	0	0	0	0	0	0	0	0	0	0.0	0.0
6	1295625	T	C	0	0	0	0	0	0	0	0	0	0	0	0.0	0.0
6	1296688	T	C	0	0	0	0	0	0	0	0	0	0	0	0.0	0.0
6	1297835	C	T	0	0	0	0	0	0	0	0	0	0	0	0.0	0.0
6	1298174	T	C	0	0	0	0	0	0	0	0	0	0	0	0.0	0.0
6	1299251	T	A	0	0	0	0	0	0	0	0	0	0	0	0.0	0.0
6	1299862	G	T	0	0	0	0	0	0	0	0	0	0	0	0.0	0.0
6	1300819	A	G	0	0	0	0	0	0	0	0	0	0	0	0.0	0.0
6	1301766	A	G	0	0	0	0	0	0	0	0	0	0	0	0.0	0.0
6	1302607	T	C	0	0	0	0	0	0	0	0	0	0	0	0.0	0.0
6	1302683	T	C	0	0	0	0	0	0	0	0	0	0	0	0.0	0.0
6	1310830	C	A	0	0	0	0	0	0	0	0	0	0	0	0.0	0.0
6	1327521	C	T	0	0	0	0	0	0	0	0	0	0	0	0.0	0.0
6	1335479	T	C	0	0	0	0	0	0	0	0	0	0	0	0.0	0.0
6	1349828	A	C	0	0	0	0	0	0	0	0	0	0	0	0.0	0.0
6	1352307	G	A	0	0	0	0	0	0	0	0	0	0	0	0.0	0.0
6	1355638	T	G	0	0	0	0	0	0	0	0	0	0	0	0.0	0.0
6	1356947	T	C	0	0	0	0	0	0	0	0	0	0	0	0.0	0.0
6	1361900	G	A	0	0	0	0	0	0	0	0	0	0	0	0.0	0.0
6	1361996	T	C	0	0	0	0	0	0	0	0	0	0	0	0.0	0.0
6	1362235	C	T	0	0	0	0	0	0	0	0	0	0	0	0.0	0.0
6	1363522	A	G	0	0	0	0	0	0	0	0	0	0	0	0.0	0.0
6	1364815	C	T	0	0	0	0	0	0	0	0	0	0	0	0.0	0.0
6	1368415	G	A	0	0	0	0	0	0	0	0	0	0	0	0.0	0.0
6	1373567	G	A	1	0	0	0	0	0	1	0	0	1	0	1.0	0.0
6	1373825	T	G	0	0	0	0	0	0	0	0	0	0	0	0.0	0.0
6	1374277	C	T	0	0	0	0	0	0	0	0	0	0	0	0.0	0.0
6	1374892	A	G	0	0	0	0	0	0	0	0	0	0	0	0.0	0.0
6	1375100	G	A	0	0	0	0	0	0	0	0	0	0	0	0.0	0.0
6	1378043	A	G	0	0	0	0	0	0	0	0	0	0	0	0.0	0.0
6	1378414	T	A	0	0	0	0	0	0	0	0	0	0	0	0.0	0.0
6	1378721	G	C	0	0	0	0	0	0	0	0	0	0	0	0.0	0.0
6	1380746	A	G	0	0	0	0	0	0	0	0	0	0	0	0.0	0.0
6	1381035	C	A	0	0	0	0	0	0	0	0	0	0	0	0.0	0.0
6	1381901	C	G	0	0	0	0	0	0	0	0	0	0	0	0.0	0.0
6	1382084	C	T	0	0	0	0	0	0	0	0	0	0	0	0.0	0.0
6	1383463	G	A	1	0	1	0	0	0	0	0	0	0	1	0.0	1.0
6	1385814	C	A	0	0	0	0	0	0	0	0	0	0	0	0.0	0.0
6	1386737	G	T	0	0	0	0	0	0	0	0	0	0	0	0.0	0.0
6	1392108	C	T	0	0	0	0	0	0	0	0	0	0	0	0.0	0.0
6	1392346	G	A	0	0	0	0	0	0	0	0	0	0	0	0.0	0.0
6	1393000	G	C	0	0	0	0	0	0	0	0	0	0	0	0.0	0.0
6	1394185	A	G	0	0	0	0	0	0	0	0	0	0	0	0.0	0.0
6	1395043	T	C	0	0	0	0	0	0	0	0	0	0	0	0.0	0.0
6	1395714	G	A	0	0	0	0	0	0	0	0	0	0	0	0.0	0.0
6	1395919	A	C	0	0	0	0	0	0	0	0	0	0	0	0.0	0.0
6	1400628	C	T	0	0	0	0	0	0	0	0	0	0	0	0.0	0.0
6	1401431	T	C	0	0	0	0	0	0	0	0	0	0	0	0.0	0.0
6	1402263	T	G	0	0	0	0	0	0	0	0	0	0	0	0.0	0.0
6	1407099	C	T	0	0	0	0	0	0	0	0	0	0	0	0.0	0.0
6	1408147	T	G	0	0	0	0	0	0	0	0	0	0	0	0.0	0.0
6	1408214	A	C	0	0	0	0	0	0	0	0	0	0	0	0.0	0.0
6	1408677	C	T	0	0	0	0	0	0	0	0	0	0	0	0.0	0.0
6	1408767	A	G	0	0	0	0	0	0	0	0	0	0	0	0.0	0.0
6	1408932	A	G	0	0	0	0	0	0	0	0	0	0	0	0.0	0.0
6	1409626	T	A	0	0	0	0	0	0	0	0	0	0	0	0.0	0.0
6	1409798	A	G	0	0	0	0	0	0	0	0	0	0	0	0.0	0.0
6	1409959	C	T	0	0	0	0	0	0	0	0	0	0	0	0.0	0.0
6	1410215	C	T	0	0	0	0	0	0	0	0	0	0	0	0.0	0.0
6	1410267	C	T	0	0	0	0	0	0	0	0	0	0	0	0.0	0.0
6	1412066	G	A	1	0	1	0	0	0	0	0	0	0	1	0.0	1.0
6	1412674	A	G	0	0	0	0	0	0	0	0	0	0	0	0.0	0.0
6	1413734	G	A	0	0	0	0	0	0	0	0	0	0	0	0.0	0.0
6	1414584	C	T	0	0	0	0	0	0	0	0	0	0	0	0.0	0.0
6	1414685	G	A	0	0	0	0	0	0	0	0	0	0	0	0.0	0.0
6	1415416	C	T	0	0	0	0	0	0	0	0	0	0	0	0.0	0.0
6	1415811	G	A	0	0	0	0	0	0	0	0	0	0	0	0.0	0.0
6	1416651	C	T	0	0	0	0	0	0	0	0	0	0	0	0.0	0.0
6	1416655	T	C	0	0	0	0	0	0	0	0	0	0	0	0.0	0.0
6	1416849	C	T	0	0	0	0	0	0	0	0	0	0	0	0.0	0.0
6	1418160	G	A	0	0	0	0	0	0	0	0	0	0	0	0.0	0.0
6	1418541	G	A	0	0	0	0	0	0	0	0	0	0	0	0.0	0.0
6	1418887	G	A	0	0	0	0	0	0	0	0	0	0	0	0.0	0.0
6	1419111	G	A	0	0	0	0	0	0	0	0	0	0	0	0.0	0.0
6	1425310	C	T	0	0	0	0	0	0	0	0	0	0	0	0.0	0.0
6	1425689	A	G	0	0	0	0	0	0	0	0	0	0	0	0.0	0.0
6	1425735	T	C	0	0	0	0	0	0	0	0	0	0	0	0.0	0.0
6	1425873	T	A	0	0	0	0	0	0	0	0	0	0	0	0.0	0.0
6	1426748	A	C	0	0	0	0	0	0	0	0	0	0	0	0.0	0.0
6	1427604	A	T	0	0	0	0	0	0	0	0	0	0	0	0.0	0.0
6	1428013	G	C	0	0	0	0	0	0	0	0	0	0	0	0.0	0.0
6	1428037	C	T	0	0	0	0	0	0	0	0	0	0	0	0.0	0.0
6	1428207	G	A	0	0	0	0	0	0	0	0	0	0	0	0.0	0.0
6	1428849	T	A	0	0	0	0	0	0	0	0	0	0	0	0.0	0.0
6	1430946	G	T	0	0	0	0	0	0	0	0	0	0	0	0.0	0.0
6	1434097	A	C	0	0	0	0	0	0	0	0	0	0	0	0.0	0.0
6	1434159	G	A	0	0	0	0	0	0	0	0	0	0	0	0.0	0.0
6	1434199	T	G	0	0	0	0	0	0	0	0	0	0	0	0.0	0.0
6	1434502	G	A	0	0	0	0	0	0	0	0	0	0	0	0.0	0.0
6	1434691	A	G	0	0	0	0	0	0	0	0	0	0	0	0.0	0.0
6	1434964	C	T	0	0	0	0	0	0	0	0	0	0	0	0.0	0.0
6	1434982	C	A	0	0	0	0	0	0	0	0	0	0	0	0.0	0.0
6	1435151	A	G	0	0	0	0	0	0	0	0	0	0	0	0.0	0.0
6	1435220	A	G	0	0	0	0	0	0	0	0	0	0	0	0.0	0.0
6	1435532	A	C	0	0	0	0	0	0	0	0	0	0	0	0.0	0.0
6	1435563	C	T	0	0	0	0	0	0	0	0	0	0	0	0.0	0.0
6	1435742	C	T	0	0	0	0	0	0	0	0	0	0	0	0.0	0.0
6	1435850	A	G	0	0	0	0	0	0	0	0	0	0	0	0.0	0.0
6	1435896	T	C	0	0	0	0	0	0	0	0	0	0	0	0.0	0.0
6	1435969	G	A	0	0	0	0	0	0	0	0	0	0	0	0.0	0.0
6	1436469	A	C	0	0	0	0	0	0	0	0	0	0	0	0.0	0.0
6	1436733	T	G	0	0	0	0	0	0	0	0	0	0	0	0.0	0.0
6	1437086	G	A	0	0	0	0	0	0	0	0	0	0	0	0.0	0.0
6	1437343	C	T	0	0	0	0	0	0	0	0	0	0	0	0.0	0.0
6	1438037	C	G	0	0	0	0	0	0	0	0	0	0	0	0.0	0.0
6	1438123	C	T	0	0	0	0	0	0	0	0	0	0	0	0.0	0.0
6	1438646	G	A	0	0	0	0	0	0	0	0	0	0	0	0.0	0.0
6	1439455	C	T	0	0	0	0	0	0	0	0	0	0	0	0.0	0.0
6	1440563	G	A	0	0	0	0	0	0	0	0	0	0	0	0.0	0.0
6	1440938	T	C	0	0	0	0	0	0	0	0	0	0	0	0.0	0.0
6	1443099	G	A	0	0	0	0	0	0	0	0	0	0	0	0.0	0.0
6	1443138	A	T	0	0	0	0	0	0	0	0	0	0	0	0.0	0.0
6	1443307	A	G	0	0	0	0	0	0	0	0	0	0	0	0.0	0.0
6	1443391	G	A	0	0	0	0	0	0	0	0	0	0	0	0.0	0.0
6	1443413	G	A	0	0	0	0	0	0	0	0	0	0	0	0.0	0.0
6	1443656	G	A	0	0	0	0	0	0	0	0	0	0	0	0.0	0.0
6	1443801	T	C	0	0	0	0	0	0	0	0	0	0	0	0.0	0.0
6	1443972	A	G	0	0	0	0	0	0	0	0	0	0	0	0.0	0.0
6	1444467	G	A	0	0	0	0	0	0	0	0	0	0	0	0.0	0.0
6	1444871	A	T	0	0	0	0	0	0	0	0	0	0	0	0.0	0.0
6	1445812	A	G	0	0	0	0	0	0	0	0	0	0	0	0.0	0.0
6	1445993	G	A	0	0	0	0	0	0	0	0	0	0	0	0.0	0.0
6	1446047	A	G	0	0	0	0	0	0	0	0	0	0	0	0.0	0.0
6	1446413	C	T	0	0	0	0	0	0	0	0	0	0	0	0.0	0.0
6	1449399	C	T	0	0	0	0	0	0	0	0	0	0	0	0.0	0.0
6	1451372	A	G	0	0	0	0	0	0	0	0	0	0	0	0.0	0.0
6	1451437	C	T	0	0	0	0	0	0	0	0	0	0	0	0.0	0.0
6	1451455	A	G	0	0	0	0	0	0	0	0	0	0	0	0.0	0.0
6	1451684	C	T	0	0	0	0	0	0	0	0	0	0	0	0.0	0.0
6	1452953	C	T	0	0	0	0	0	0	0	0	0	0	0	0.0	0.0
6	1453552	G	C	0	0	0	0	0	0	0	0	0	0	0	0.0	0.0
6	1454972	T	C	0	0	0	0	0	0	0	0	0	0	0	0.0	0.0
6	1456017	G	T	0	0	0	0	0	0	0	0	0	0	0	0.0	0.0
6	1456605	G	A	0	0	0	0	0	0	0	0	0	0	0	0.0	0.0
6	1457192	C	T	0	0	0	0	0	0	0	0	0	0	0	0.0	0.0
6	1457199	C	T	0	0	0	0	0	0	0	0	0	0	0	0.0	0.0
6	1457373	A	C	0	0	0	0	0	0	0	0	0	0	0	0.0	0.0
6	1457555	A	G	0	0	0	0	0	0	0	0	0	0	0	0.0	0.0
6	1457558	C	T	0	0	0	0	0	0	0	0	0	0	0	0.0	0.0
6	1461530	C	G	0	0	0	0	0	0	0	0	0	0	0	0.0	0.0
6	1462698	G	A	0	0	0	0	0	0	0	0	0	0	0	0.0	0.0
6	1462840	G	A	0	0	0	0	0	0	0	0	0	0	0	0.0	0.0
6	1463554	C	T	0	0	0	0	0	0	0	0	0	0	0	0.0	0.0
6	1464679	C	T	0	0	0	0	0	0	0	0	0	0	0	0.0	0.0
6	1467096	A	G	0	0	0	0	0	0	0	0	0	0	0	0.0	0.0
6	1467657	T	C	0	0	0	0	0	0	0	0	0	0	0	0.0	0.0
6	1467761	T	C	0	0	0	0	0	0	0	0	0	0	0	0.0	0.0
6	1468985	G	C	0	0	0	0	0	0	0	0	0	0	0	0.0	0.0
6	1470009	T	C	0	0	0	0	0	0	0	0	0	0	0	0.0	0.0
6	1470010	C	G	0	0	0	0	0	0	0	0	0	0	0	0.0	0.0
6	1473330	G	C	0	0	0	0	0	0	0	0	0	0	0	0.0	0.0
6	1473332	T	C	0	0	0	0	0	0	0	0	0	0	0	0.0	0.0
6	1477821	C	T	0	0	0	0	0	0	0	0	0	0	0	0.0	0.0
6	1479768	A	G	0	0	0	0	0	0	0	0	0	0	0	0.0	0.0
6	1482206	C	T	0	0	0	0	0	0	0	0	0	0	0	0.0	0.0
6	1483276	G	A	0	0	0	0	0	0	0	0	0	0	0	0.0	0.0
6	1489189	T	G	0	0	0	0	0	0	0	0	0	0	0	0.0	0.0
6	1489300	G	C	0	0	0	0	0	0	0	0	0	0	0	0.0	0.0
6	1490104	G	T	0	0	0	0	0	0	0	0	0	0	0	0.0	0.0
6	1490571	A	G	0	0	0	0	0	0	0	0	0	0	0	0.0	0.0
6	1495954	C	T	0	0	0	0	0	0	0	0	0	0	0	0.0	0.0
6	1496145	G	A	0	0	0	0	0	0	0	0	0	0	0	0.0	0.0
6	1498270	C	T	0	0	0	0	0	0	0	0	0	0	0	0.0	0.0
6	1498739	G	A	0	0	0	0	0	0	0	0	0	0	0	0.0	0.0
6	1499885	C	A	0	0	0	0	0	0	0	0	0	0	0	0.0	0.0
6	1500081	A	G	0	0	0	0	0	0	0	0	0	0	0	0.0	0.0
6	1500309	G	A	0	0	0	0	0	0	0	0	0	0	0	0.0	0.0
6	1500395	A	G	0	0	0	0	0	0	0	0	0	0	0	0.0	0.0
6	1500918	G	T	0	0	0	0	0	0	0	0	0	0	0	0.0	0.0
6	1501933	T	C	0	0	0	0	0	0	0	0	0	0	0	0.0	0.0
6	1502398	C	T	0	0	0	0	0	0	0	0	0	0	0	0.0	0.0
6	1509624	C	T	0	0	0	0	0	0	0	0	0	0	0	0.0	0.0
6	1510231	T	G	0	0	0	0	0	0	0	0	0	0	0	0.0	0.0
6	1511560	C	T	0	0	0	0	0	0	0	0	0	0	0	0.0	0.0
6	1512498	G	A	0	0	0	0	0	0	0	0	0	0	0	0.0	0.0
6	1513073	C	A	0	0	0	0	0	0	0	0	0	0	0	0.0	0.0
6	1513263	T	A	0	0	0	0	0	0	0	0	0	0	0	0.0	0.0
6	1513316	G	A	0	0	0	0	0	0	0	0	0	0	0	0.0	0.0
6	1513383	A	G	0	0	0	0	0	0	0	0	0	0	0	0.0	0.0
6	1513622	T	G	0	0	0	0	0	0	0	0	0	0	0	0.0	0.0
6	1514367	A	G	0	0	0	0	0	0	0	0	0	0	0	0.0	0.0
6	1514799	C	T	0	0	0	0	0	0	0	0	0	0	0	0.0	0.0
6	1515374	A	C	0	0	0	0	0	0	0	0	0	0	0	0.0	0.0
6	1516819	A	T	0	0	0	0	0	0	0	0	0	0	0	0.0	0.0
6	1518114	C	G	0	0	0	0	0	0	0	0	0	0	0	0.0	0.0
6	1518116	A	G	0	0	0	0	0	0	0	0	0	0	0	0.0	0.0
6	1518773	G	A	0	0	0	0	0	0	0	0	0	0	0	0.0	0.0
6	1518913	C	T	0	0	0	0	0	0	0	0	0	0	0	0.0	0.0
6	1520208	T	C	0	0	0	0	0	0	0	0	0	0	0	0.0	0.0
6	1520241	A	T	0	0	0	0	0	0	0	0	0	0	0	0.0	0.0
6	1521418	A	G	0	0	0	0	0	0	0	0	0	0	0	0.0	0.0
6	1521582	A	G	1	1	0	0	0	0	0	0	0	1	0	1.0	0.0
6	1522201	C	T	0	0	0	0	0	0	0	0	0	0	0	0.0	0.0
6	1523411	C	T	0	0	0	0	0	0	0	0	0	0	0	0.0	0.0
6	1523602	A	G	0	0	0	0	0	0	0	0	0	0	0	0.0	0.0
6	1523972	C	T	0	0	0	0	0	0	0	0	0	0	0	0.0	0.0
6	1524010	C	T	0	0	0	0	0	0	0	0	0	0	0	0.0	0.0
6	1524018	A	G	0	0	0	0	0	0	0	0	0	0	0	0.0	0.0
6	1524065	C	T	0	0	0	0	0	0	0	0	0	0	0	0.0	0.0
6	1524126	A	C	0	0	0	0	0	0	0	0	0	0	0	0.0	0.0
6	1524419	T	A	0	0	0	0	0	0	0	0	0	0	0	0.0	0.0
6	1524570	G	C	0	0	0	0	0	0	0	0	0	0	0	0.0	0.0
6	1525830	C	T	0	0	0	0	0	0	0	0	0	0	0	0.0	0.0
6	1526072	C	T	0	0	0	0	0	0	0	0	0	0	0	0.0	0.0
6	1526228	G	C	0	0	0	0	0	0	0	0	0	0	0	0.0	0.0
6	1527053	C	T	0	0	0	0	0	0	0	0	0	0	0	0.0	0.0
6	1528282	G	A	0	0	0	0	0	0	0	0	0	0	0	0.0	0.0
6	1528676	C	A	0	0	0	0	0	0	0	0	0	0	0	0.0	0.0
6	1528681	T	A	0	0	0	0	0	0	0	0	0	0	0	0.0	0.0
6	1529372	C	T	0	0	0	0	0	0	0	0	0	0	0	0.0	0.0
6	1529444	C	T	0	0	0	0	0	0	0	0	0	0	0	0.0	0.0
6	1529459	G	A	0	0	0	0	0	0	0	0	0	0	0	0.0	0.0
6	1529658	T	G	0	0	0	0	0	0	0	0	0	0	0	0.0	0.0
6	1529670	G	A	0	0	0	0	0	0	0	0	0	0	0	0.0	0.0
6	1529787	G	A	0	0	0	0	0	0	0	0	0	0	0	0.0	0.0
6	1529872	T	C	0	0	0	0	0	0	0	0	0	0	0	0.0	0.0
6	1530052	A	T	0	0	0	0	0	0	0	0	0	0	0	0.0	0.0
6	1532165	T	C	0	0	0	0	0	0	0	0	0	0	0	0.0	0.0
6	1533536	G	T	0	0	0	0	0	0	0	0	0	0	0	0.0	0.0
6	1537875	G	A	0	0	0	0	0	0	0	0	0	0	0	0.0	0.0
6	1538866	C	T	0	0	0	0	0	0	0	0	0	0	0	0.0	0.0
6	1540084	C	T	0	0	0	0	0	0	0	0	0	0	0	0.0	0.0
6	1541781	C	T	0	0	0	0	0	0	0	0	0	0	0	0.0	0.0
6	1541810	T	C	0	0	0	0	0	0	0	0	0	0	0	0.0	0.0
6	1543080	A	T	0	0	0	0	0	0	0	0	0	0	0	0.0	0.0
6	1543121	G	T	0	0	0	0	0	0	0	0	0	0	0	0.0	0.0
6	1543191	C	T	0	0	0	0	0	0	0	0	0	0	0	0.0	0.0
6	1543908	G	T	0	0	0	0	0	0	0	0	0	0	0	0.0	0.0
6	1544191	T	G	0	0	0	0	0	0	0	0	0	0	0	0.0	0.0
6	1544306	A	C	0	0	0	0	0	0	0	0	0	0	0	0.0	0.0
6	1544355	T	C	0	0	0	0	0	0	0	0	0	0	0	0.0	0.0
6	1544743	G	T	0	0	0	0	0	0	0	0	0	0	0	0.0	0.0
6	1545022	C	G	0	0	0	0	0	0	0	0	0	0	0	0.0	0.0
6	1545513	A	G	0	0	0	0	0	0	0	0	0	0	0	0.0	0.0
6	1545554	T	C	0	0	0	0	0	0	0	0	0	0	0	0.0	0.0
6	1545681	A	C	0	0	0	0	0	0	0	0	0	0	0	0.0	0.0
6	1545936	G	A	0	0	0	0	0	0	0	0	0	0	0	0.0	0.0
6	1546247	C	T	0	0	0	0	0	0	0	0	0	0	0	0.0	0.0
6	1546266	A	G	0	0	0	0	0	0	0	0	0	0	0	0.0	0.0
6	1546896	G	A	0	0	0	0	0	0	0	0	0	0	0	0.0	0.0
6	1546922	C	A	0	0	0	0	0	0	0	0	0	0	0	0.0	0.0
6	1547019	T	C	0	0	0	0	0	0	0	0	0	0	0	0.0	0.0
6	1547219	T	C	0	0	0	0	0	0	0	0	0	0	0	0.0	0.0
6	1547343	C	T	0	0	0	0	0	0	0	0	0	0	0	0.0	0.0
6	1547591	C	T	0	0	0	0	0	0	0	0	0	0	0	0.0	0.0
6	1547631	C	T	0	0	0	0	0	0	0	0	0	0	0	0.0	0.0
6	1548584	A	G	0	0	0	0	0	0	0	0	0	0	0	0.0	0.0
6	1548686	G	A	0	0	0	0	0	0	0	0	0	0	0	0.0	0.0
6	1549144	A	G	0	0	0	0	0	0	0	0	0	0	0	0.0	0.0
6	1549189	T	C	0	0	0	0	0	0	0	0	0	0	0	0.0	0.0
6	1549225	C	G	0	0	0	0	0	0	0	0	0	0	0	0.0	0.0
6	1549446	A	G	0	0	0	0	0	0	0	0	0	0	0	0.0	0.0
6	1550870	T	C	0	0	0	0	0	0	0	0	0	0	0	0.0	0.0
6	1550886	G	A	0	0	0	0	0	0	0	0	0	0	0	0.0	0.0
6	1551702	T	C	0	0	0	0	0	0	0	0	0	0	0	0.0	0.0
6	1551982	G	C	0	0	0	0	0	0	0	0	0	0	0	0.0	0.0
6	1552905	G	A	0	0	0	0	0	0	0	0	0	0	0	0.0	0.0
6	1553438	G	C	0	0	0	0	0	0	0	0	0	0	0	0.0	0.0
6	1553976	C	G	0	0	0	0	0	0	0	0	0	0	0	0.0	0.0
6	1554324	A	T	0	0	0	0	0	0	0	0	0	0	0	0.0	0.0
6	1554704	T	C	0	0	0	0	0	0	0	0	0	0	0	0.0	0.0
6	1555379	T	C	0	0	0	0	0	0	0	0	0	0	0	0.0	0.0
6	1555410	G	A	0	0	0	0	0	0	0	0	0	0	0	0.0	0.0
6	1555810	A	G	0	0	0	0	0	0	0	0	0	0	0	0.0	0.0
6	1556738	T	G	0	0	0	0	0	0	0	0	0	0	0	0.0	0.0
6	1556819	C	T	0	0	0	0	0	0	0	0	0	0	0	0.0	0.0
6	1557165	G	A	0	0	0	0	0	0	0	0	0	0	0	0.0	0.0
6	1557239	C	G	0	0	0	0	0	0	0	0	0	0	0	0.0	0.0
6	1558449	A	G	0	0	0	0	0	0	0	0	0	0	0	0.0	0.0
6	1560234	A	G	0	0	0	0	0	0	0	0	0	0	0	0.0	0.0
6	1564371	A	G	1	0	1	0	0	0	0	0	0	1	0	1.0	0.0
6	1566857	A	G	0	0	0	0	0	0	0	0	0	0	0	0.0	0.0
6	1567927	T	G	0	0	0	0	0	0	0	0	0	0	0	0.0	0.0
6	1568046	C	T	0	0	0	0	0	0	0	0	0	0	0	0.0	0.0
6	1568529	G	A	0	0	0	0	0	0	0	0	0	0	0	0.0	0.0
6	1568823	G	C	0	0	0	0	0	0	0	0	0	0	0	0.0	0.0
6	1569619	C	T	0	0	0	0	0	0	0	0	0	0	0	0.0	0.0
6	1570136	G	T	0	0	0	0	0	0	0	0	0	0	0	0.0	0.0
6	1571393	G	A	0	0	0	0	0	0	0	0	0	0	0	0.0	0.0
6	1571459	A	G	0	0	0	0	0	0	0	0	0	0	0	0.0	0.0
6	1572351	T	C	0	0	0	0	0	0	0	0	0	0	0	0.0	0.0
6	1572915	G	A	0	0	0	0	0	0	0	0	0	0	0	0.0	0.0
6	1573477	G	T	0	0	0	0	0	0	0	0	0	0	0	0.0	0.0
6	1573640	G	T	0	0	0	0	0	0	0	0	0	0	0	0.0	0.0
6	1573899	T	G	0	0	0	0	0	0	0	0	0	0	0	0.0	0.0
6	1574101	G	A	0	0	0	0	0	0	0	0	0	0	0	0.0	0.0
6	1577283	G	C	0	0	0	0	0	0	0	0	0	0	0	0.0	0.0
6	1577436	C	T	0	0	0	0	0	0	0	0	0	0	0	0.0	0.0
6	1578770	T	C	0	0	0	0	0	0	0	0	0	0	0	0.0	0.0
6	1580420	T	A	0	0	0	0	0	0	0	0	0	0	0	0.0	0.0
6	1580896	G	C	0	0	0	0	0	0	0	0	0	0	0	0.0	0.0
6	1581064	C	T	0	0	0	0	0	0	0	0	0	0	0	0.0	0.0
6	1582050	C	T	0	0	0	0	0	0	0	0	0	0	0	0.0	0.0
6	1582234	C	G	0	0	0	0	0	0	0	0	0	0	0	0.0	0.0
6	1582926	A	G	0	0	0	0	0	0	0	0	0	0	0	0.0	0.0
6	1583139	G	A	0	0	0	0	0	0	0	0	0	0	0	0.0	0.0
6	1583617	G	A	0	0	0	0	0	0	0	0	0	0	0	0.0	0.0
6	1584384	C	A	0	0	0	0	0	0	0	0	0	0	0	0.0	0.0
6	1588602	C	G	0	0	0	0	0	0	0	0	0	0	0	0.0	0.0
6	1588686	A	G	0	0	0	0	0	0	0	0	0	0	0	0.0	0.0
6	1588714	G	A	0	0	0	0	0	0	0	0	0	0	0	0.0	0.0
6	1589002	T	C	0	0	0	0	0	0	0	0	0	0	0	0.0	0.0
6	1590288	A	G	0	0	0	0	0	0	0	0	0	0	0	0.0	0.0
6	1590396	C	T	0	0	0	0	0	0	0	0	0	0	0	0.0	0.0
6	1590975	T	C	0	0	0	0	0	0	0	0	0	0	0	0.0	0.0
6	1591011	G	T	0	0	0	0	0	0	0	0	0	0	0	0.0	0.0
6	1591383	T	A	0	0	0	0	0	0	0	0	0	0	0	0.0	0.0
6	1595551	T	C	0	0	0	0	0	0	0	0	0	0	0	0.0	0.0
6	1596184	G	T	0	0	0	0	0	0	0	0	0	0	0	0.0	0.0
6	1598227	G	A	1	1	0	0	0	0	0	0	0	0	1	0.0	1.0
6	1599124	G	A	0	0	0	0	0	0	0	0	0	0	0	0.0	0.0
6	1600550	A	C	0	0	0	0	0	0	0	0	0	0	0	0.0	0.0
6	1600777	C	A	0	0	0	0	0	0	0	0	0	0	0	0.0	0.0
6	1603402	G	A	0	0	0	0	0	0	0	0	0	0	0	0.0	0.0
6	1603687	G	C	0	0	0	0	0	0	0	0	0	0	0	0.0	0.0
6	1604845	A	C	0	0	0	0	0	0	0	0	0	0	0	0.0	0.0
6	1606031	T	G	0	0	0	0	0	0	0	0	0	0	0	0.0	0.0
6	1606507	G	T	0	0	0	0	0	0	0	0	0	0	0	0.0	0.0
6	1607336	C	G	0	0	0	0	0	0	0	0	0	0	0	0.0	0.0
6	1607603	C	T	0	0	0	0	0	0	0	0	0	0	0	0.0	0.0
6	1608631	A	C	0	0	0	0	0	0	0	0	0	0	0	0.0	0.0
6	1613529	A	T	0	0	0	0	0	0	0	0	0	0	0	0.0	0.0
6	1613686	A	G	0	0	0	0	0	0	0	0	0	0	0	0.0	0.0
6	1614367	T	G	0	0	0	0	0	0	0	0	0	0	0	0.0	0.0
6	1615504	C	T	0	0	0	0	0	0	0	0	0	0	0	0.0	0.0
6	1616265	A	G	0	0	0	0	0	0	0	0	0	0	0	0.0	0.0
6	1617143	C	T	0	0	0	0	0	0	0	0	0	0	0	0.0	0.0
6	1617327	T	C	0	0	0	0	0	0	0	0	0	0	0	0.0	0.0
6	1618966	C	A	0	0	0	0	0	0	0	0	0	0	0	0.0	0.0
6	1620037	G	A	0	0	0	0	0	0	0	0	0	0	0	0.0	0.0
6	1620147	T	C	0	0	0	0	0	0	0	0	0	0	0	0.0	0.0
6	1620627	T	C	0	0	0	0	0	0	0	0	0	0	0	0.0	0.0
6	1621010	G	A	0	0	0	0	0	0	0	0	0	0	0	0.0	0.0
6	1621042	T	G	0	0	0	0	0	0	0	0	0	0	0	0.0	0.0
6	1621769	C	A	0	0	0	0	0	0	0	0	0	0	0	0.0	0.0
6	1623539	A	T	0	0	0	0	0	0	0	0	0	0	0	0.0	0.0
6	1623627	G	C	0	0	0	0	0	0	0	0	0	0	0	0.0	0.0
6	1624512	T	C	0	0	0	0	0	0	0	0	0	0	0	0.0	0.0
6	1630798	A	G	0	0	0	0	0	0	0	0	0	0	0	0.0	0.0
6	1630886	A	G	0	0	0	0	0	0	0	0	0	0	0	0.0	0.0
6	1632733	G	A	0	0	0	0	0	0	0	0	0	0	0	0.0	0.0
6	1633682	T	C	0	0	0	0	0	0	0	0	0	0	0	0.0	0.0
6	1634695	T	C	0	0	0	0	0	0	0	0	0	0	0	0.0	0.0
6	1634740	T	C	0	0	0	0	0	0	0	0	0	0	0	0.0	0.0
6	1637316	C	A	0	0	0	0	0	0	0	0	0	0	0	0.0	0.0
6	1638357	C	T	0	0	0	0	0	0	0	0	0	0	0	0.0	0.0
6	1639567	G	A	0	0	0	0	0	0	0	0	0	0	0	0.0	0.0
6	1639642	G	A	0	0	0	0	0	0	0	0	0	0	0	0.0	0.0
6	1639800	C	T	0	0	0	0	0	0	0	0	0	0	0	0.0	0.0
6	1639899	T	C	0	0	0	0	0	0	0	0	0	0	0	0.0	0.0
6	1640044	A	G	1	0	1	0	0	0	0	0	0	1	0	1.0	0.0
6	1641007	T	C	0	0	0	0	0	0	0	0	0	0	0	0.0	0.0
6	1641375	T	C	1	0	0	0	0	0	0	0	1	0	1	0.0	1.0
6	1642562	G	A	0	0	0	0	0	0	0	0	0	0	0	0.0	0.0
6	1642754	T	G	0	0	0	0	0	0	0	0	0	0	0	0.0	0.0
6	1642864	G	A	0	0	0	0	0	0	0	0	0	0	0	0.0	0.0
6	1643888	G	C	0	0	0	0	0	0	0	0	0	0	0	0.0	0.0
6	1644969	C	T	1	0	0	1	0	0	0	0	0	0	1	0.0	1.0
6	1647914	A	G	0	0	0	0	0	0	0	0	0	0	0	0.0	0.0
6	1648013	G	C	0	0	0	0	0	0	0	0	0	0	0	0.0	0.0
6	1648150	T	G	0	0	0	0	0	0	0	0	0	0	0	0.0	0.0
6	1649705	A	C	0	0	0	0	0	0	0	0	0	0	0	0.0	0.0
6	1650462	C	T	0	0	0	0	0	0	0	0	0	0	0	0.0	0.0
6	1650663	A	C	0	0	0	0	0	0	0	0	0	0	0	0.0	0.0
6	1651090	A	G	0	0	0	0	0	0	0	0	0	0	0	0.0	0.0
6	1653691	A	C	0	0	0	0	0	0	0	0	0	0	0	0.0	0.0
6	1653756	A	G	0	0	0	0	0	0	0	0	0	0	0	0.0	0.0
6	1655336	A	C	0	0	0	0	0	0	0	0	0	0	0	0.0	0.0
6	1658910	A	C	0	0	0	0	0	0	0	0	0	0	0	0.0	0.0
6	1661389	C	T	0	0	0	0	0	0	0	0	0	0	0	0.0	0.0
6	1661454	T	A	0	0	0	0	0	0	0	0	0	0	0	0.0	0.0
6	1661504	G	A	0	0	0	0	0	0	0	0	0	0	0	0.0	0.0
6	1661570	C	T	0	0	0	0	0	0	0	0	0	0	0	0.0	0.0
6	1661600	T	C	0	0	0	0	0	0	0	0	0	0	0	0.0	0.0
6	1661962	G	C	0	0	0	0	0	0	0	0	0	0	0	0.0	0.0
6	1662327	C	T	0	0	0	0	0	0	0	0	0	0	0	0.0	0.0
6	1662733	G	A	0	0	0	0	0	0	0	0	0	0	0	0.0	0.0
6	1663393	T	G	0	0	0	0	0	0	0	0	0	0	0	0.0	0.0
6	1663420	G	A	0	0	0	0	0	0	0	0	0	0	0	0.0	0.0
6	1663436	G	T	0	0	0	0	0	0	0	0	0	0	0	0.0	0.0
6	1663477	G	A	0	0	0	0	0	0	0	0	0	0	0	0.0	0.0
6	1663631	C	A	0	0	0	0	0	0	0	0	0	0	0	0.0	0.0
6	1663993	C	T	0	0	0	0	0	0	0	0	0	0	0	0.0	0.0
6	1664588	C	G	0	0	0	0	0	0	0	0	0	0	0	0.0	0.0
6	1666088	C	T	0	0	0	0	0	0	0	0	0	0	0	0.0	0.0
6	1666858	C	G	0	0	0	0	0	0	0	0	0	0	0	0.0	0.0
6	1666963	G	A	0	0	0	0	0	0	0	0	0	0	0	0.0	0.0
6	1667416	G	A	0	0	0	0	0	0	0	0	0	0	0	0.0	0.0
6	1668531	A	G	0	0	0	0	0	0	0	0	0	0	0	0.0	0.0
6	1668669	C	T	0	0	0	0	0	0	0	0	0	0	0	0.0	0.0
6	1670732	A	T	0	0	0	0	0	0	0	0	0	0	0	0.0	0.0
6	1670985	A	G	0	0	0	0	0	0	0	0	0	0	0	0.0	0.0
6	1671992	G	A	0	0	0	0	0	0	0	0	0	0	0	0.0	0.0
6	1672176	C	T	0	0	0	0	0	0	0	0	0	0	0	0.0	0.0
6	1672310	T	C	0	0	0	0	0	0	0	0	0	0	0	0.0	0.0
6	1672553	T	C	0	0	0	0	0	0	0	0	0	0	0	0.0	0.0
6	1672957	G	C	1	0	0	0	0	0	0	1	0	0	1	0.0	1.0
6	1674518	A	C	0	0	0	0	0	0	0	0	0	0	0	0.0	0.0
6	1674920	T	C	0	0	0	0	0	0	0	0	0	0	0	0.0	0.0
6	1675089	A	T	0	0	0	0	0	0	0	0	0	0	0	0.0	0.0
6	1675524	G	C	0	0	0	0	0	0	0	0	0	0	0	0.0	0.0
6	1676018	T	C	0	0	0	0	0	0	0	0	0	0	0	0.0	0.0
6	1676043	C	T	0	0	0	0	0	0	0	0	0	0	0	0.0	0.0
6	1676915	A	G	0	0	0	0	0	0	0	0	0	0	0	0.0	0.0
6	1677004	G	C	0	0	0	0	0	0	0	0	0	0	0	0.0	0.0
6	1678236	C	A	0	0	0	0	0	0	0	0	0	0	0	0.0	0.0
6	1678577	A	G	0	0	0	0	0	0	0	0	0	0	0	0.0	0.0
6	1679594	A	C	0	0	0	0	0	0	0	0	0	0	0	0.0	0.0
6	1680806	C	T	0	0	0	0	0	0	0	0	0	0	0	0.0	0.0
6	1680843	T	C	0	0	0	0	0	0	0	0	0	0	0	0.0	0.0
6	1681474	A	G	0	0	0	0	0	0	0	0	0	0	0	0.0	0.0
6	1682466	A	G	0	0	0	0	0	0	0	0	0	0	0	0.0	0.0
6	1682567	A	G	0	0	0	0	0	0	0	0	0	0	0	0.0	0.0
6	1683192	T	C	0	0	0	0	0	0	0	0	0	0	0	0.0	0.0
6	1683352	C	T	0	0	0	0	0	0	0	0	0	0	0	0.0	0.0
6	1683604	G	T	0	0	0	0	0	0	0	0	0	0	0	0.0	0.0
6	1683982	G	A	0	0	0	0	0	0	0	0	0	0	0	0.0	0.0
6	1683988	C	T	0	0	0	0	0	0	0	0	0	0	0	0.0	0.0
6	1684625	A	G	0	0	0	0	0	0	0	0	0	0	0	0.0	0.0
6	1684656	G	A	0	0	0	0	0	0	0	0	0	0	0	0.0	0.0
6	1684917	A	G	0	0	0	0	0	0	0	0	0	0	0	0.0	0.0
6	1685909	G	A	0	0	0	0	0	0	0	0	0	0	0	0.0	0.0
6	1686108	C	G	0	0	0	0	0	0	0	0	0	0	0	0.0	0.0
6	1686599	A	G	0	0	0	0	0	0	0	0	0	0	0	0.0	0.0
6	1686683	G	C	0	0	0	0	0	0	0	0	0	0	0	0.0	0.0
6	1687045	C	G	0	0	0	0	0	0	0	0	0	0	0	0.0	0.0
6	1687359	C	T	0	0	0	0	0	0	0	0	0	0	0	0.0	0.0
6	1687592	G	A	0	0	0	0	0	0	0	0	0	0	0	0.0	0.0
6	1687710	C	T	0	0	0	0	0	0	0	0	0	0	0	0.0	0.0
6	1688391	G	A	0	0	0	0	0	0	0	0	0	0	0	0.0	0.0
6	1688701	C	A	0	0	0	0	0	0	0	0	0	0	0	0.0	0.0
6	1688811	T	C	0	0	0	0	0	0	0	0	0	0	0	0.0	0.0
6	1689232	T	C	0	0	0	0	0	0	0	0	0	0	0	0.0	0.0
6	1689363	T	G	0	0	0	0	0	0	0	0	0	0	0	0.0	0.0
6	1689458	T	C	0	0	0	0	0	0	0	0	0	0	0	0.0	0.0
6	1689476	C	T	0	0	0	0	0	0	0	0	0	0	0	0.0	0.0
6	1689518	A	G	0	0	0	0	0	0	0	0	0	0	0	0.0	0.0
6	1689968	A	C	0	0	0	0	0	0	0	0	0	0	0	0.0	0.0
6	1689999	G	A	0	0	0	0	0	0	0	0	0	0	0	0.0	0.0
6	1691769	G	A	0	0	0	0	0	0	0	0	0	0	0	0.0	0.0
6	1691944	A	G	0	0	0	0	0	0	0	0	0	0	0	0.0	0.0
6	1692922	A	C	0	0	0	0	0	0	0	0	0	0	0	0.0	0.0
6	1693449	T	C	0	0	0	0	0	0	0	0	0	0	0	0.0	0.0
6	1693802	A	T	0	0	0	0	0	0	0	0	0	0	0	0.0	0.0
6	1695098	A	T	0	0	0	0	0	0	0	0	0	0	0	0.0	0.0
6	1695294	C	A	0	0	0	0	0	0	0	0	0	0	0	0.0	0.0
6	1695439	G	A	0	0	0	0	0	0	0	0	0	0	0	0.0	0.0
6	1696457	A	G	0	0	0	0	0	0	0	0	0	0	0	0.0	0.0
6	1696841	C	T	0	0	0	0	0	0	0	0	0	0	0	0.0	0.0
6	1705248	C	A	0	0	0	0	0	0	0	0	0	0	0	0.0	0.0
6	1707254	C	T	0	0	0	0	0	0	0	0	0	0	0	0.0	0.0
6	1707443	T	C	0	0	0	0	0	0	0	0	0	0	0	0.0	0.0
6	1708235	C	T	0	0	0	0	0	0	0	0	0	0	0	0.0	0.0
6	1708773	G	A	0	0	0	0	0	0	0	0	0	0	0	0.0	0.0
6	1708802	C	G	0	0	0	0	0	0	0	0	0	0	0	0.0	0.0
6	1709020	G	A	0	0	0	0	0	0	0	0	0	0	0	0.0	0.0
6	1709037	C	T	0	0	0	0	0	0	0	0	0	0	0	0.0	0.0
6	1709291	G	A	0	0	0	0	0	0	0	0	0	0	0	0.0	0.0
6	1709367	C	T	0	0	0	0	0	0	0	0	0	0	0	0.0	0.0
6	1709703	T	C	0	0	0	0	0	0	0	0	0	0	0	0.0	0.0
6	1709965	C	T	0	0	0	0	0	0	0	0	0	0	0	0.0	0.0
6	1710240	C	T	1	0	0	0	1	0	0	0	0	0	1	0.0	1.0
6	1710463	T	A	0	0	0	0	0	0	0	0	0	0	0	0.0	0.0
6	1710942	C	T	0	0	0	0	0	0	0	0	0	0	0	0.0	0.0
6	1711027	G	A	0	0	0	0	0	0	0	0	0	0	0	0.0	0.0
6	1711129	T	C	0	0	0	0	0	0	0	0	0	0	0	0.0	0.0
6	1711492	C	T	0	0	0	0	0	0	0	0	0	0	0	0.0	0.0
6	1711604	C	T	0	0	0	0	0	0	0	0	0	0	0	0.0	0.0
6	1711718	A	G	0	0	0	0	0	0	0	0	0	0	0	0.0	0.0
6	1711858	A	C	0	0	0	0	0	0	0	0	0	0	0	0.0	0.0
6	1712223	A	G	0	0	0	0	0	0	0	0	0	0	0	0.0	0.0
6	1712283	C	T	0	0	0	0	0	0	0	0	0	0	0	0.0	0.0
6	1712766	C	T	0	0	0	0	0	0	0	0	0	0	0	0.0	0.0
6	1713692	C	T	0	0	0	0	0	0	0	0	0	0	0	0.0	0.0
6	1714220	A	C	0	0	0	0	0	0	0	0	0	0	0	0.0	0.0
6	1714474	G	A	0	0	0	0	0	0	0	0	0	0	0	0.0	0.0
6	1714677	G	A	0	0	0	0	0	0	0	0	0	0	0	0.0	0.0
6	1714815	G	A	0	0	0	0	0	0	0	0	0	0	0	0.0	0.0
6	1715384	T	C	0	0	0	0	0	0	0	0	0	0	0	0.0	0.0
6	1716710	C	T	0	0	0	0	0	0	0	0	0	0	0	0.0	0.0
6	1716898	A	G	0	0	0	0	0	0	0	0	0	0	0	0.0	0.0
6	1717606	T	C	0	0	0	0	0	0	0	0	0	0	0	0.0	0.0
6	1717787	A	G	0	0	0	0	0	0	0	0	0	0	0	0.0	0.0
6	1718976	A	G	0	0	0	0	0	0	0	0	0	0	0	0.0	0.0
6	1719947	C	T	0	0	0	0	0	0	0	0	0	0	0	0.0	0.0
6	1722203	A	G	0	0	0	0	0	0	0	0	0	0	0	0.0	0.0
6	1722268	T	A	0	0	0	0	0	0	0	0	0	0	0	0.0	0.0
6	1722293	C	T	0	0	0	0	0	0	0	0	0	0	0	0.0	0.0
6	1722331	T	C	0	0	0	0	0	0	0	0	0	0	0	0.0	0.0
6	1722335	T	C	0	0	0	0	0	0	0	0	0	0	0	0.0	0.0
6	1723830	A	T	0	0	0	0	0	0	0	0	0	0	0	0.0	0.0
6	1723854	C	T	0	0	0	0	0	0	0	0	0	0	0	0.0	0.0
6	1723961	A	G	0	0	0	0	0	0	0	0	0	0	0	0.0	0.0
6	1724081	A	G	0	0	0	0	0	0	0	0	0	0	0	0.0	0.0
6	1724111	C	A	0	0	0	0	0	0	0	0	0	0	0	0.0	0.0
6	1724791	G	C	0	0	0	0	0	0	0	0	0	0	0	0.0	0.0
6	1725261	T	C	0	0	0	0	0	0	0	0	0	0	0	0.0	0.0
6	1725288	T	C	0	0	0	0	0	0	0	0	0	0	0	0.0	0.0
6	1725301	T	C	0	0	0	0	0	0	0	0	0	0	0	0.0	0.0
6	1725491	T	C	0	0	0	0	0	0	0	0	0	0	0	0.0	0.0
6	1725792	C	T	0	0	0	0	0	0	0	0	0	0	0	0.0	0.0
6	1725885	T	C	0	0	0	0	0	0	0	0	0	0	0	0.0	0.0
6	1726162	G	A	0	0	0	0	0	0	0	0	0	0	0	0.0	0.0
6	1728526	A	T	0	0	0	0	0	0	0	0	0	0	0	0.0	0.0
6	1728931	G	A	0	0	0	0	0	0	0	0	0	0	0	0.0	0.0
6	1729442	A	G	0	0	0	0	0	0	0	0	0	0	0	0.0	0.0
6	1729475	T	C	0	0	0	0	0	0	0	0	0	0	0	0.0	0.0
6	1730666	G	T	0	0	0	0	0	0	0	0	0	0	0	0.0	0.0
6	1730861	C	T	0	0	0	0	0	0	0	0	0	0	0	0.0	0.0
6	1730863	A	G	0	0	0	0	0	0	0	0	0	0	0	0.0	0.0
6	1731385	C	T	0	0	0	0	0	0	0	0	0	0	0	0.0	0.0
6	1731609	A	G	0	0	0	0	0	0	0	0	0	0	0	0.0	0.0
6	1731692	A	G	0	0	0	0	0	0	0	0	0	0	0	0.0	0.0
6	1732469	G	A	0	0	0	0	0	0	0	0	0	0	0	0.0	0.0
6	1732486	A	G	0	0	0	0	0	0	0	0	0	0	0	0.0	0.0
6	1732741	T	C	0	0	0	0	0	0	0	0	0	0	0	0.0	0.0
6	1732770	A	C	0	0	0	0	0	0	0	0	0	0	0	0.0	0.0
6	1732826	T	C	0	0	0	0	0	0	0	0	0	0	0	0.0	0.0
6	1733746	G	T	0	0	0	0	0	0	0	0	0	0	0	0.0	0.0
6	1733794	T	C	0	0	0	0	0	0	0	0	0	0	0	0.0	0.0
6	1736904	C	A	0	0	0	0	0	0	0	0	0	0	0	0.0	0.0
6	1737097	G	A	0	0	0	0	0	0	0	0	0	0	0	0.0	0.0
6	1739730	A	G	0	0	0	0	0	0	0	0	0	0	0	0.0	0.0
6	1740528	T	C	0	0	0	0	0	0	0	0	0	0	0	0.0	0.0
6	1742317	A	G	0	0	0	0	0	0	0	0	0	0	0	0.0	0.0
6	1742446	G	A	0	0	0	0	0	0	0	0	0	0	0	0.0	0.0
6	1742513	A	G	0	0	0	0	0	0	0	0	0	0	0	0.0	0.0
6	1742518	C	T	0	0	0	0	0	0	0	0	0	0	0	0.0	0.0
6	1742794	A	G	0	0	0	0	0	0	0	0	0	0	0	0.0	0.0
6	1742908	C	G	0	0	0	0	0	0	0	0	0	0	0	0.0	0.0
6	1742994	C	T	0	0	0	0	0	0	0	0	0	0	0	0.0	0.0
6	1743107	A	G	0	0	0	0	0	0	0	0	0	0	0	0.0	0.0
6	1743434	C	A	0	0	0	0	0	0	0	0	0	0	0	0.0	0.0
6	1743437	A	G	0	0	0	0	0	0	0	0	0	0	0	0.0	0.0
6	1743509	A	C	0	0	0	0	0	0	0	0	0	0	0	0.0	0.0
6	1743754	A	G	0	0	0	0	0	0	0	0	0	0	0	0.0	0.0
6	1743772	A	G	0	0	0	0	0	0	0	0	0	0	0	0.0	0.0
6	1744126	A	T	0	0	0	0	0	0	0	0	0	0	0	0.0	0.0
6	1744759	G	A	0	0	0	0	0	0	0	0	0	0	0	0.0	0.0
6	1745299	C	T	0	0	0	0	0	0	0	0	0	0	0	0.0	0.0
6	1746415	A	G	0	0	0	0	0	0	0	0	0	0	0	0.0	0.0
6	1746892	C	T	0	0	0	0	0	0	0	0	0	0	0	0.0	0.0
6	1747021	C	T	0	0	0	0	0	0	0	0	0	0	0	0.0	0.0
6	1747464	T	G	0	0	0	0	0	0	0	0	0	0	0	0.0	0.0
6	1747784	A	G	1	0	0	0	0	1	0	0	0	0	1	0.0	1.0
6	1747871	G	A	1	0	1	0	0	0	0	0	0	0	1	0.0	1.0
6	1747903	T	C	0	0	0	0	0	0	0	0	0	0	0	0.0	0.0
6	1748572	T	C	0	0	0	0	0	0	0	0	0	0	0	0.0	0.0
6	1749519	G	A	0	0	0	0	0	0	0	0	0	0	0	0.0	0.0
6	1749782	A	G	0	0	0	0	0	0	0	0	0	0	0	0.0	0.0
6	1749928	T	C	0	0	0	0	0	0	0	0	0	0	0	0.0	0.0
6	1750576	C	T	0	0	0	0	0	0	0	0	0	0	0	0.0	0.0
6	1751002	T	C	0	0	0	0	0	0	0	0	0	0	0	0.0	0.0
6	1751137	T	A	0	0	0	0	0	0	0	0	0	0	0	0.0	0.0
6	1751206	G	T	0	0	0	0	0	0	0	0	0	0	0	0.0	0.0
6	1751427	G	A	0	0	0	0	0	0	0	0	0	0	0	0.0	0.0
6	1751776	A	G	0	0	0	0	0	0	0	0	0	0	0	0.0	0.0
6	1752041	A	G	0	0	0	0	0	0	0	0	0	0	0	0.0	0.0
6	1752380	T	C	0	0	0	0	0	0	0	0	0	0	0	0.0	0.0
6	1753760	G	A	0	0	0	0	0	0	0	0	0	0	0	0.0	0.0
6	1754368	T	C	0	0	0	0	0	0	0	0	0	0	0	0.0	0.0
6	1754634	C	G	0	0	0	0	0	0	0	0	0	0	0	0.0	0.0
6	1754839	T	C	0	0	0	0	0	0	0	0	0	0	0	0.0	0.0
6	1755352	A	G	0	0	0	0	0	0	0	0	0	0	0	0.0	0.0
6	1755558	T	C	0	0	0	0	0	0	0	0	0	0	0	0.0	0.0
6	1755696	T	A	0	0	0	0	0	0	0	0	0	0	0	0.0	0.0
6	1755852	C	T	0	0	0	0	0	0	0	0	0	0	0	0.0	0.0
6	1756049	A	C	0	0	0	0	0	0	0	0	0	0	0	0.0	0.0
6	1756642	C	T	0	0	0	0	0	0	0	0	0	0	0	0.0	0.0
6	1756643	A	G	0	0	0	0	0	0	0	0	0	0	0	0.0	0.0
6	1756748	T	C	0	0	0	0	0	0	0	0	0	0	0	0.0	0.0
6	1756757	C	T	0	0	0	0	0	0	0	0	0	0	0	0.0	0.0
6	1756918	T	C	0	0	0	0	0	0	0	0	0	0	0	0.0	0.0
6	1757284	C	T	0	0	0	0	0	0	0	0	0	0	0	0.0	0.0
6	1758012	T	G	0	0	0	0	0	0	0	0	0	0	0	0.0	0.0
6	1758179	T	C	0	0	0	0	0	0	0	0	0	0	0	0.0	0.0
6	1759146	G	T	0	0	0	0	0	0	0	0	0	0	0	0.0	0.0
6	1759357	G	A	0	0	0	0	0	0	0	0	0	0	0	0.0	0.0
6	1759880	G	C	0	0	0	0	0	0	0	0	0	0	0	0.0	0.0
6	1759931	C	G	0	0	0	0	0	0	0	0	0	0	0	0.0	0.0
6	1760556	G	A	0	0	0	0	0	0	0	0	0	0	0	0.0	0.0
6	1760664	T	C	0	0	0	0	0	0	0	0	0	0	0	0.0	0.0
6	1760787	G	A	0	0	0	0	0	0	0	0	0	0	0	0.0	0.0
6	1763561	C	T	0	0	0	0	0	0	0	0	0	0	0	0.0	0.0
6	1764324	C	T	0	0	0	0	0	0	0	0	0	0	0	0.0	0.0
6	1765806	T	A	0	0	0	0	0	0	0	0	0	0	0	0.0	0.0
6	1765807	C	A	0	0	0	0	0	0	0	0	0	0	0	0.0	0.0
6	1765905	C	T	0	0	0	0	0	0	0	0	0	0	0	0.0	0.0
6	1766973	G	A	0	0	0	0	0	0	0	0	0	0	0	0.0	0.0
6	1767134	T	C	0	0	0	0	0	0	0	0	0	0	0	0.0	0.0
6	1767178	G	C	0	0	0	0	0	0	0	0	0	0	0	0.0	0.0
6	1767580	T	C	0	0	0	0	0	0	0	0	0	0	0	0.0	0.0
6	1780691	A	G	0	0	0	0	0	0	0	0	0	0	0	0.0	0.0
6	1782040	C	T	0	0	0	0	0	0	0	0	0	0	0	0.0	0.0
6	1783263	A	C	0	0	0	0	0	0	0	0	0	0	0	0.0	0.0
6	1784096	A	G	0	0	0	0	0	0	0	0	0	0	0	0.0	0.0
6	1785787	G	C	0	0	0	0	0	0	0	0	0	0	0	0.0	0.0
6	1785918	A	G	0	0	0	0	0	0	0	0	0	0	0	0.0	0.0
6	1786340	C	T	0	0	0	0	0	0	0	0	0	0	0	0.0	0.0
6	1786740	G	A	0	0	0	0	0	0	0	0	0	0	0	0.0	0.0
6	1787862	A	G	0	0	0	0	0	0	0	0	0	0	0	0.0	0.0
6	1788154	G	A	0	0	0	0	0	0	0	0	0	0	0	0.0	0.0
6	1789197	G	A	0	0	0	0	0	0	0	0	0	0	0	0.0	0.0
6	1789382	A	G	0	0	0	0	0	0	0	0	0	0	0	0.0	0.0
6	1790498	T	C	0	0	0	0	0	0	0	0	0	0	0	0.0	0.0
6	1791978	G	T	0	0	0	0	0	0	0	0	0	0	0	0.0	0.0
6	1792381	A	G	0	0	0	0	0	0	0	0	0	0	0	0.0	0.0
6	1792798	C	T	0	0	0	0	0	0	0	0	0	0	0	0.0	0.0
6	1795549	T	C	0	0	0	0	0	0	0	0	0	0	0	0.0	0.0
6	1796604	T	C	0	0	0	0	0	0	0	0	0	0	0	0.0	0.0
6	1797160	A	G	0	0	0	0	0	0	0	0	0	0	0	0.0	0.0
6	1797221	T	C	0	0	0	0	0	0	0	0	0	0	0	0.0	0.0
6	1797228	T	C	0	0	0	0	0	0	0	0	0	0	0	0.0	0.0
6	1800208	A	T	0	0	0	0	0	0	0	0	0	0	0	0.0	0.0
6	1800795	T	C	0	0	0	0	0	0	0	0	0	0	0	0.0	0.0
6	1807658	C	T	0	0	0	0	0	0	0	0	0	0	0	0.0	0.0
6	1807959	T	C	0	0	0	0	0	0	0	0	0	0	0	0.0	0.0
6	1810793	A	C	0	0	0	0	0	0	0	0	0	0	0	0.0	0.0
6	1814293	T	A	0	0	0	0	0	0	0	0	0	0	0	0.0	0.0
6	1814349	C	T	0	0	0	0	0	0	0	0	0	0	0	0.0	0.0
6	1815691	C	A	0	0	0	0	0	0	0	0	0	0	0	0.0	0.0
6	1840809	C	T	0	0	0	0	0	0	0	0	0	0	0	0.0	0.0
6	1849579	C	T	0	0	0	0	0	0	0	0	0	0	0	0.0	0.0
6	1898188	A	T	0	0	0	0	0	0	0	0	0	0	0	0.0	0.0
6	1917689	G	A	0	0	0	0	0	0	0	0	0	0	0	0.0	0.0
6	1918122	G	A	0	0	0	0	0	0	0	0	0	0	0	0.0	0.0
6	1918770	T	C	0	0	0	0	0	0	0	0	0	0	0	0.0	0.0
6	1921848	T	G	0	0	0	0	0	0	0	0	0	0	0	0.0	0.0
6	1921975	T	A	0	0	0	0	0	0	0	0	0	0	0	0.0	0.0
6	1922787	C	T	0	0	0	0	0	0	0	0	0	0	0	0.0	0.0
6	1922842	A	G	0	0	0	0	0	0	0	0	0	0	0	0.0	0.0
6	1922907	G	A	0	0	0	0	0	0	0	0	0	0	0	0.0	0.0
6	1923304	C	T	0	0	0	0	0	0	0	0	0	0	0	0.0	0.0
6	1923372	C	T	0	0	0	0	0	0	0	0	0	0	0	0.0	0.0
6	1923389	C	T	0	0	0	0	0	0	0	0	0	0	0	0.0	0.0
6	1923520	C	T	0	0	0	0	0	0	0	0	0	0	0	0.0	0.0
6	1925201	A	T	0	0	0	0	0	0	0	0	0	0	0	0.0	0.0
6	1925639	T	C	0	0	0	0	0	0	0	0	0	0	0	0.0	0.0
6	1925883	T	G	0	0	0	0	0	0	0	0	0	0	0	0.0	0.0
6	1926542	G	A	0	0	0	0	0	0	0	0	0	0	0	0.0	0.0
6	1926650	T	C	0	0	0	0	0	0	0	0	0	0	0	0.0	0.0
6	1926973	C	T	0	0	0	0	0	0	0	0	0	0	0	0.0	0.0
6	1927917	T	C	0	0	0	0	0	0	0	0	0	0	0	0.0	0.0
6	1928351	G	A	0	0	0	0	0	0	0	0	0	0	0	0.0	0.0
6	1928486	C	G	0	0	0	0	0	0	0	0	0	0	0	0.0	0.0
6	1929255	A	G	0	0	0	0	0	0	0	0	0	0	0	0.0	0.0
6	1930697	T	G	0	0	0	0	0	0	0	0	0	0	0	0.0	0.0
6	1930891	T	A	0	0	0	0	0	0	0	0	0	0	0	0.0	0.0
6	1932446	A	G	0	0	0	0	0	0	0	0	0	0	0	0.0	0.0
6	1934236	A	G	0	0	0	0	0	0	0	0	0	0	0	0.0	0.0
6	1936153	G	C	0	0	0	0	0	0	0	0	0	0	0	0.0	0.0
6	1938061	T	C	0	0	0	0	0	0	0	0	0	0	0	0.0	0.0
6	1939145	G	A	0	0	0	0	0	0	0	0	0	0	0	0.0	0.0
6	1939818	C	T	0	0	0	0	0	0	0	0	0	0	0	0.0	0.0
6	1941873	A	G	0	0	0	0	0	0	0	0	0	0	0	0.0	0.0
6	1942538	T	C	0	0	0	0	0	0	0	0	0	0	0	0.0	0.0
6	1944345	G	A	0	0	0	0	0	0	0	0	0	0	0	0.0	0.0
6	1944705	C	T	0	0	0	0	0	0	0	0	0	0	0	0.0	0.0
6	1944743	A	T	0	0	0	0	0	0	0	0	0	0	0	0.0	0.0
6	1947819	C	T	0	0	0	0	0	0	0	0	0	0	0	0.0	0.0
6	1948703	A	T	0	0	0	0	0	0	0	0	0	0	0	0.0	0.0
6	1948868	A	G	0	0	0	0	0	0	0	0	0	0	0	0.0	0.0
6	1949101	T	C	0	0	0	0	0	0	0	0	0	0	0	0.0	0.0
6	1949812	A	G	0	0	0	0	0	0	0	0	0	0	0	0.0	0.0
6	1951145	G	A	0	0	0	0	0	0	0	0	0	0	0	0.0	0.0
6	1951581	C	T	0	0	0	0	0	0	0	0	0	0	0	0.0	0.0
6	1954508	G	A	0	0	0	0	0	0	0	0	0	0	0	0.0	0.0
6	1954738	G	A	0	0	0	0	0	0	0	0	0	0	0	0.0	0.0
6	1955398	C	T	0	0	0	0	0	0	0	0	0	0	0	0.0	0.0
6	1955764	A	G	0	0	0	0	0	0	0	0	0	0	0	0.0	0.0
6	1958002	G	T	0	0	0	0	0	0	0	0	0	0	0	0.0	0.0
6	1960335	C	G	0	0	0	0	0	0	0	0	0	0	0	0.0	0.0
6	1962764	C	T	0	0	0	0	0	0	0	0	0	0	0	0.0	0.0
6	1963754	T	C	0	0	0	0	0	0	0	0	0	0	0	0.0	0.0
6	1963970	G	A	0	0	0	0	0	0	0	0	0	0	0	0.0	0.0
6	1966966	C	T	0	0	0	0	0	0	0	0	0	0	0	0.0	0.0
6	1967246	C	T	0	0	0	0	0	0	0	0	0	0	0	0.0	0.0
6	1967397	A	G	1	1	0	0	0	0	0	0	0	1	0	1.0	0.0
6	1967706	T	C	0	0	0	0	0	0	0	0	0	0	0	0.0	0.0
6	1968704	C	G	1	0	0	0	0	0	0	0	1	1	0	1.0	0.0
6	1972607	G	A	0	0	0	0	0	0	0	0	0	0	0	0.0	0.0
6	1972832	A	T	0	0	0	0	0	0	0	0	0	0	0	0.0	0.0
6	1973579	T	C	0	0	0	0	0	0	0	0	0	0	0	0.0	0.0
6	1974874	T	A	0	0	0	0	0	0	0	0	0	0	0	0.0	0.0
6	1975359	T	C	0	0	0	0	0	0	0	0	0	0	0	0.0	0.0
6	1976151	G	C	0	0	0	0	0	0	0	0	0	0	0	0.0	0.0
6	1979357	A	G	0	0	0	0	0	0	0	0	0	0	0	0.0	0.0
6	1980059	A	G	0	0	0	0	0	0	0	0	0	0	0	0.0	0.0
6	1980208	T	A	0	0	0	0	0	0	0	0	0	0	0	0.0	0.0
6	1980635	C	T	0	0	0	0	0	0	0	0	0	0	0	0.0	0.0
6	1980769	T	C	0	0	0	0	0	0	0	0	0	0	0	0.0	0.0
6	1983440	T	C	0	0	0	0	0	0	0	0	0	0	0	0.0	0.0
6	1983697	T	A	0	0	0	0	0	0	0	0	0	0	0	0.0	0.0
6	1984148	T	A	0	0	0	0	0	0	0	0	0	0	0	0.0	0.0
6	1984336	G	A	0	0	0	0	0	0	0	0	0	0	0	0.0	0.0
6	1984385	A	T	0	0	0	0	0	0	0	0	0	0	0	0.0	0.0
6	1987897	T	A	0	0	0	0	0	0	0	0	0	0	0	0.0	0.0
6	1988313	T	C	0	0	0	0	0	0	0	0	0	0	0	0.0	0.0
6	1988782	C	T	0	0	0	0	0	0	0	0	0	0	0	0.0	0.0
6	1988924	T	C	0	0	0	0	0	0	0	0	0	0	0	0.0	0.0
6	1989291	A	T	0	0	0	0	0	0	0	0	0	0	0	0.0	0.0
6	1989604	G	A	0	0	0	0	0	0	0	0	0	0	0	0.0	0.0
6	1992231	C	A	0	0	0	0	0	0	0	0	0	0	0	0.0	0.0
6	1992885	A	G	1	1	0	0	0	0	0	0	0	1	0	1.0	0.0
6	1993174	A	G	1	0	1	0	0	0	0	0	0	1	0	1.0	0.0
6	1995606	C	T	0	0	0	0	0	0	0	0	0	0	0	0.0	0.0
6	1996139	C	T	0	0	0	0	0	0	0	0	0	0	0	0.0	0.0
6	1996943	G	A	0	0	0	0	0	0	0	0	0	0	0	0.0	0.0
6	1999109	G	T	0	0	0	0	0	0	0	0	0	0	0	0.0	0.0
6	1999350	A	G	0	0	0	0	0	0	0	0	0	0	0	0.0	0.0
6	2001355	A	G	0	0	0	0	0	0	0	0	0	0	0	0.0	0.0
6	2002436	T	C	0	0	0	0	0	0	0	0	0	0	0	0.0	0.0
6	2003987	G	C	0	0	0	0	0	0	0	0	0	0	0	0.0	0.0
6	2005469	A	C	0	0	0	0	0	0	0	0	0	0	0	0.0	0.0
6	2005591	A	T	0	0	0	0	0	0	0	0	0	0	0	0.0	0.0
6	2005682	C	A	0	0	0	0	0	0	0	0	0	0	0	0.0	0.0
6	2006185	G	T	0	0	0	0	0	0	0	0	0	0	0	0.0	0.0
6	2006693	T	C	0	0	0	0	0	0	0	0	0	0	0	0.0	0.0
6	2007024	C	T	0	0	0	0	0	0	0	0	0	0	0	0.0	0.0
6	2008537	T	C	0	0	0	0	0	0	0	0	0	0	0	0.0	0.0
6	2009649	A	G	0	0	0	0	0	0	0	0	0	0	0	0.0	0.0
6	2010411	A	T	0	0	0	0	0	0	0	0	0	0	0	0.0	0.0
6	2012003	A	G	0	0	0	0	0	0	0	0	0	0	0	0.0	0.0
6	2013306	C	T	0	0	0	0	0	0	0	0	0	0	0	0.0	0.0
6	2016423	G	T	0	0	0	0	0	0	0	0	0	0	0	0.0	0.0
6	2016535	A	G	0	0	0	0	0	0	0	0	0	0	0	0.0	0.0
6	2016679	G	A	0	0	0	0	0	0	0	0	0	0	0	0.0	0.0
6	2017278	C	A	0	0	0	0	0	0	0	0	0	0	0	0.0	0.0
6	2017613	G	A	0	0	0	0	0	0	0	0	0	0	0	0.0	0.0
6	2017629	G	A	0	0	0	0	0	0	0	0	0	0	0	0.0	0.0
6	2019481	A	G	0	0	0	0	0	0	0	0	0	0	0	0.0	0.0
6	2019924	T	C	0	0	0	0	0	0	0	0	0	0	0	0.0	0.0
6	2021708	G	A	0	0	0	0	0	0	0	0	0	0	0	0.0	0.0
6	2025558	T	C	0	0	0	0	0	0	0	0	0	0	0	0.0	0.0
6	2028237	A	G	0	0	0	0	0	0	0	0	0	0	0	0.0	0.0
6	2028436	T	G	0	0	0	0	0	0	0	0	0	0	0	0.0	0.0
6	2028731	T	C	0	0	0	0	0	0	0	0	0	0	0	0.0	0.0
6	2029569	C	T	0	0	0	0	0	0	0	0	0	0	0	0.0	0.0
6	2030663	G	T	0	0	0	0	0	0	0	0	0	0	0	0.0	0.0
6	2031381	T	C	0	0	0	0	0	0	0	0	0	0	0	0.0	0.0
6	2032259	C	T	0	0	0	0	0	0	0	0	0	0	0	0.0	0.0
6	2032565	C	T	0	0	0	0	0	0	0	0	0	0	0	0.0	0.0
6	2032887	T	C	0	0	0	0	0	0	0	0	0	0	0	0.0	0.0
6	2033840	A	G	0	0	0	0	0	0	0	0	0	0	0	0.0	0.0
6	2034472	T	C	0	0	0	0	0	0	0	0	0	0	0	0.0	0.0
6	2035175	C	G	0	0	0	0	0	0	0	0	0	0	0	0.0	0.0
6	2035226	A	G	0	0	0	0	0	0	0	0	0	0	0	0.0	0.0
6	2036961	C	T	0	0	0	0	0	0	0	0	0	0	0	0.0	0.0
6	2037186	T	C	0	0	0	0	0	0	0	0	0	0	0	0.0	0.0
6	2037632	T	G	0	0	0	0	0	0	0	0	0	0	0	0.0	0.0
6	2038151	T	C	0	0	0	0	0	0	0	0	0	0	0	0.0	0.0
6	2039027	G	A	0	0	0	0	0	0	0	0	0	0	0	0.0	0.0
6	2040226	T	C	0	0	0	0	0	0	0	0	0	0	0	0.0	0.0
6	2041171	T	C	0	0	0	0	0	0	0	0	0	0	0	0.0	0.0
6	2042056	T	A	0	0	0	0	0	0	0	0	0	0	0	0.0	0.0
6	2042092	A	T	0	0	0	0	0	0	0	0	0	0	0	0.0	0.0
6	2042157	A	G	0	0	0	0	0	0	0	0	0	0	0	0.0	0.0
6	2042849	T	A	0	0	0	0	0	0	0	0	0	0	0	0.0	0.0
6	2044690	G	C	0	0	0	0	0	0	0	0	0	0	0	0.0	0.0
6	2044713	G	T	0	0	0	0	0	0	0	0	0	0	0	0.0	0.0
6	2044989	T	C	0	0	0	0	0	0	0	0	0	0	0	0.0	0.0
6	2045078	A	T	0	0	0	0	0	0	0	0	0	0	0	0.0	0.0
6	2047897	C	A	0	0	0	0	0	0	0	0	0	0	0	0.0	0.0
6	2048330	G	A	0	0	0	0	0	0	0	0	0	0	0	0.0	0.0
6	2050302	T	C	0	0	0	0	0	0	0	0	0	0	0	0.0	0.0
6	2050881	G	A	0	0	0	0	0	0	0	0	0	0	0	0.0	0.0
6	2051869	T	C	0	0	0	0	0	0	0	0	0	0	0	0.0	0.0
6	2055677	G	C	0	0	0	0	0	0	0	0	0	0	0	0.0	0.0
6	2064264	A	C	0	0	0	0	0	0	0	0	0	0	0	0.0	0.0
6	2065396	G	C	0	0	0	0	0	0	0	0	0	0	0	0.0	0.0
6	2067144	G	A	0	0	0	0	0	0	0	0	0	0	0	0.0	0.0
6	2076584	A	C	0	0	0	0	0	0	0	0	0	0	0	0.0	0.0
6	2077108	C	G	0	0	0	0	0	0	0	0	0	0	0	0.0	0.0
6	2077339	G	A	0	0	0	0	0	0	0	0	0	0	0	0.0	0.0
6	2078191	T	C	0	0	0	0	0	0	0	0	0	0	0	0.0	0.0
6	2078742	T	C	0	0	0	0	0	0	0	0	0	0	0	0.0	0.0
6	2080040	G	A	0	0	0	0	0	0	0	0	0	0	0	0.0	0.0
6	2084080	T	C	0	0	0	0	0	0	0	0	0	0	0	0.0	0.0
6	2084902	G	A	0	0	0	0	0	0	0	0	0	0	0	0.0	0.0
6	2097654	C	T	0	0	0	0	0	0	0	0	0	0	0	0.0	0.0
6	2097686	C	T	0	0	0	0	0	0	0	0	0	0	0	0.0	0.0
6	2098380	G	A	0	0	0	0	0	0	0	0	0	0	0	0.0	0.0
6	2098581	C	T	0	0	0	0	0	0	0	0	0	0	0	0.0	0.0
6	2105977	G	A	0	0	0	0	0	0	0	0	0	0	0	0.0	0.0
6	2107037	C	T	0	0	0	0	0	0	0	0	0	0	0	0.0	0.0
6	2150082	G	A	0	0	0	0	0	0	0	0	0	0	0	0.0	0.0
6	2158975	C	T	0	0	0	0	0	0	0	0	0	0	0	0.0	0.0
6	2176851	G	A	0	0	0	0	0	0	0	0	0	0	0	0.0	0.0
6	2187556	C	T	0	0	0	0	0	0	0	0	0	0	0	0.0	0.0
6	2205806	G	A	0	0	0	0	0	0	0	0	0	0	0	0.0	0.0
6	2207894	G	A	0	0	0	0	0	0	0	0	0	0	0	0.0	0.0
6	2208360	A	G	0	0	0	0	0	0	0	0	0	0	0	0.0	0.0
6	2208409	G	A	0	0	0	0	0	0	0	0	0	0	0	0.0	0.0
6	2209577	T	G	0	0	0	0	0	0	0	0	0	0	0	0.0	0.0
6	2209680	T	C	0	0	0	0	0	0	0	0	0	0	0	0.0	0.0
6	2209860	C	A	0	0	0	0	0	0	0	0	0	0	0	0.0	0.0
6	2210006	T	A	0	0	0	0	0	0	0	0	0	0	0	0.0	0.0
6	2210010	C	G	0	0	0	0	0	0	0	0	0	0	0	0.0	0.0
6	2210734	C	T	0	0	0	0	0	0	0	0	0	0	0	0.0	0.0
6	2211690	A	T	0	0	0	0	0	0	0	0	0	0	0	0.0	0.0
6	2212169	A	C	0	0	0	0	0	0	0	0	0	0	0	0.0	0.0
6	2213869	C	T	0	0	0	0	0	0	0	0	0	0	0	0.0	0.0
6	2215622	A	G	0	0	0	0	0	0	0	0	0	0	0	0.0	0.0
6	2217173	G	A	0	0	0	0	0	0	0	0	0	0	0	0.0	0.0
6	2218835	A	G	0	0	0	0	0	0	0	0	0	0	0	0.0	0.0
6	2219565	T	C	0	0	0	0	0	0	0	0	0	0	0	0.0	0.0
6	2220520	G	A	0	0	0	0	0	0	0	0	0	0	0	0.0	0.0
6	2221488	C	T	0	0	0	0	0	0	0	0	0	0	0	0.0	0.0
6	2221780	G	A	0	0	0	0	0	0	0	0	0	0	0	0.0	0.0
6	2221898	A	G	0	0	0	0	0	0	0	0	0	0	0	0.0	0.0
6	2222253	C	T	0	0	0	0	0	0	0	0	0	0	0	0.0	0.0
6	2223002	T	G	0	0	0	0	0	0	0	0	0	0	0	0.0	0.0
6	2223930	T	C	0	0	0	0	0	0	0	0	0	0	0	0.0	0.0
6	2225680	C	T	0	0	0	0	0	0	0	0	0	0	0	0.0	0.0
6	2227239	C	A	0	0	0	0	0	0	0	0	0	0	0	0.0	0.0
6	2227320	T	C	0	0	0	0	0	0	0	0	0	0	0	0.0	0.0
6	2229054	T	C	0	0	0	0	0	0	0	0	0	0	0	0.0	0.0
6	2230064	G	T	0	0	0	0	0	0	0	0	0	0	0	0.0	0.0
6	2230252	T	C	0	0	0	0	0	0	0	0	0	0	0	0.0	0.0
6	2230989	G	A	0	0	0	0	0	0	0	0	0	0	0	0.0	0.0
6	2233061	C	T	0	0	0	0	0	0	0	0	0	0	0	0.0	0.0
6	2235633	G	A	0	0	0	0	0	0	0	0	0	0	0	0.0	0.0
6	2237782	G	C	0	0	0	0	0	0	0	0	0	0	0	0.0	0.0
6	2238560	C	T	0	0	0	0	0	0	0	0	0	0	0	0.0	0.0
6	2240607	T	C	0	0	0	0	0	0	0	0	0	0	0	0.0	0.0
6	2242886	C	T	0	0	0	0	0	0	0	0	0	0	0	0.0	0.0
6	2244721	T	G	0	0	0	0	0	0	0	0	0	0	0	0.0	0.0
6	2245345	A	G	0	0	0	0	0	0	0	0	0	0	0	0.0	0.0
6	2248675	C	T	0	0	0	0	0	0	0	0	0	0	0	0.0	0.0
6	2248825	A	G	0	0	0	0	0	0	0	0	0	0	0	0.0	0.0
6	2251141	G	A	0	0	0	0	0	0	0	0	0	0	0	0.0	0.0
6	2252322	A	G	0	0	0	0	0	0	0	0	0	0	0	0.0	0.0
6	2256627	A	G	0	0	0	0	0	0	0	0	0	0	0	0.0	0.0
6	2257152	T	C	0	0	0	0	0	0	0	0	0	0	0	0.0	0.0
6	2259328	G	A	0	0	0	0	0	0	0	0	0	0	0	0.0	0.0
6	2259655	G	A	0	0	0	0	0	0	0	0	0	0	0	0.0	0.0
6	2261765	G	A	1	0	1	0	0	0	0	0	0	0	1	0.0	1.0
6	2263097	A	G	0	0	0	0	0	0	0	0	0	0	0	0.0	0.0
6	2264559	A	C	0	0	0	0	0	0	0	0	0	0	0	0.0	0.0
6	2265344	G	A	0	0	0	0	0	0	0	0	0	0	0	0.0	0.0
6	2266347	C	T	0	0	0	0	0	0	0	0	0	0	0	0.0	0.0
6	2271034	T	C	0	0	0	0	0	0	0	0	0	0	0	0.0	0.0
6	2275206	G	A	0	0	0	0	0	0	0	0	0	0	0	0.0	0.0
6	2276596	G	A	0	0	0	0	0	0	0	0	0	0	0	0.0	0.0
6	2277237	A	G	0	0	0	0	0	0	0	0	0	0	0	0.0	0.0
6	2280712	A	G	0	0	0	0	0	0	0	0	0	0	0	0.0	0.0
6	2291480	A	G	0	0	0	0	0	0	0	0	0	0	0	0.0	0.0
6	2291675	G	A	0	0	0	0	0	0	0	0	0	0	0	0.0	0.0
6	2294322	G	A	0	0	0	0	0	0	0	0	0	0	0	0.0	0.0
6	2295931	G	T	0	0	0	0	0	0	0	0	0	0	0	0.0	0.0
6	2296124	C	A	0	0	0	0	0	0	0	0	0	0	0	0.0	0.0
6	2299020	T	C	0	0	0	0	0	0	0	0	0	0	0	0.0	0.0
6	2300578	G	A	0	0	0	0	0	0	0	0	0	0	0	0.0	0.0
6	2301313	G	T	0	0	0	0	0	0	0	0	0	0	0	0.0	0.0
6	2301721	A	C	0	0	0	0	0	0	0	0	0	0	0	0.0	0.0
6	2301758	G	T	0	0	0	0	0	0	0	0	0	0	0	0.0	0.0
6	2302290	G	A	0	0	0	0	0	0	0	0	0	0	0	0.0	0.0
6	2303787	A	G	0	0	0	0	0	0	0	0	0	0	0	0.0	0.0
6	2304191	A	G	0	0	0	0	0	0	0	0	0	0	0	0.0	0.0
6	2306501	T	C	0	0	0	0	0	0	0	0	0	0	0	0.0	0.0
6	2306545	G	A	0	0	0	0	0	0	0	0	0	0	0	0.0	0.0
6	2309356	C	T	0	0	0	0	0	0	0	0	0	0	0	0.0	0.0
6	2309955	A	C	0	0	0	0	0	0	0	0	0	0	0	0.0	0.0
6	2310828	G	T	0	0	0	0	0	0	0	0	0	0	0	0.0	0.0
6	2311961	C	T	0	0	0	0	0	0	0	0	0	0	0	0.0	0.0
6	2313445	T	C	0	0	0	0	0	0	0	0	0	0	0	0.0	0.0
6	2318449	C	A	0	0	0	0	0	0	0	0	0	0	0	0.0	0.0
6	2318710	C	T	0	0	0	0	0	0	0	0	0	0	0	0.0	0.0
6	2322454	C	T	0	0	0	0	0	0	0	0	0	0	0	0.0	0.0
6	2323525	A	G	0	0	0	0	0	0	0	0	0	0	0	0.0	0.0
6	2324639	A	G	0	0	0	0	0	0	0	0	0	0	0	0.0	0.0
6	2325931	A	G	0	0	0	0	0	0	0	0	0	0	0	0.0	0.0
6	2326185	T	C	0	0	0	0	0	0	0	0	0	0	0	0.0	0.0
6	2326285	G	A	0	0	0	0	0	0	0	0	0	0	0	0.0	0.0
6	2326441	A	G	0	0	0	0	0	0	0	0	0	0	0	0.0	0.0
6	2326637	G	A	0	0	0	0	0	0	0	0	0	0	0	0.0	0.0
6	2326765	T	C	0	0	0	0	0	0	0	0	0	0	0	0.0	0.0
6	2329626	C	T	0	0	0	0	0	0	0	0	0	0	0	0.0	0.0
6	2330722	G	T	0	0	0	0	0	0	0	0	0	0	0	0.0	0.0
6	2331510	T	C	0	0	0	0	0	0	0	0	0	0	0	0.0	0.0
6	2333582	T	C	0	0	0	0	0	0	0	0	0	0	0	0.0	0.0
6	2333901	T	C	0	0	0	0	0	0	0	0	0	0	0	0.0	0.0
6	2336964	T	C	0	0	0	0	0	0	0	0	0	0	0	0.0	0.0
6	2337500	A	G	0	0	0	0	0	0	0	0	0	0	0	0.0	0.0
6	2339865	A	G	0	0	0	0	0	0	0	0	0	0	0	0.0	0.0
6	2339918	T	C	0	0	0	0	0	0	0	0	0	0	0	0.0	0.0
6	2343669	C	A	0	0	0	0	0	0	0	0	0	0	0	0.0	0.0
6	2344158	A	G	0	0	0	0	0	0	0	0	0	0	0	0.0	0.0
6	2346248	T	A	0	0	0	0	0	0	0	0	0	0	0	0.0	0.0
6	2347808	C	T	0	0	0	0	0	0	0	0	0	0	0	0.0	0.0
6	2350020	G	C	0	0	0	0	0	0	0	0	0	0	0	0.0	0.0
6	2350630	G	A	0	0	0	0	0	0	0	0	0	0	0	0.0	0.0
6	2353676	A	G	0	0	0	0	0	0	0	0	0	0	0	0.0	0.0
6	2354372	T	C	0	0	0	0	0	0	0	0	0	0	0	0.0	0.0
6	2354697	A	G	0	0	0	0	0	0	0	0	0	0	0	0.0	0.0
6	2355375	C	G	0	0	0	0	0	0	0	0	0	0	0	0.0	0.0
6	2355675	C	T	0	0	0	0	0	0	0	0	0	0	0	0.0	0.0
6	2355749	A	G	0	0	0	0	0	0	0	0	0	0	0	0.0	0.0
6	2355806	G	A	0	0	0	0	0	0	0	0	0	0	0	0.0	0.0
6	2356229	A	G	0	0	0	0	0	0	0	0	0	0	0	0.0	0.0
6	2356644	G	T	0	0	0	0	0	0	0	0	0	0	0	0.0	0.0
6	2356979	C	T	0	0	0	0	0	0	0	0	0	0	0	0.0	0.0
6	2357375	A	G	0	0	0	0	0	0	0	0	0	0	0	0.0	0.0
6	2357643	C	A	0	0	0	0	0	0	0	0	0	0	0	0.0	0.0
6	2357948	C	T	0	0	0	0	0	0	0	0	0	0	0	0.0	0.0
6	2358285	C	G	0	0	0	0	0	0	0	0	0	0	0	0.0	0.0
6	2360254	G	T	0	0	0	0	0	0	0	0	0	0	0	0.0	0.0
6	2360473	G	A	0	0	0	0	0	0	0	0	0	0	0	0.0	0.0
6	2362070	A	G	0	0	0	0	0	0	0	0	0	0	0	0.0	0.0
6	2362080	A	C	0	0	0	0	0	0	0	0	0	0	0	0.0	0.0
6	2362266	A	G	0	0	0	0	0	0	0	0	0	0	0	0.0	0.0
6	2362742	A	G	0	0	0	0	0	0	0	0	0	0	0	0.0	0.0
6	2363505	G	A	0	0	0	0	0	0	0	0	0	0	0	0.0	0.0
6	2363692	G	A	0	0	0	0	0	0	0	0	0	0	0	0.0	0.0
6	2364847	T	C	0	0	0	0	0	0	0	0	0	0	0	0.0	0.0
6	2365878	G	A	0	0	0	0	0	0	0	0	0	0	0	0.0	0.0
6	2366325	G	A	1	0	1	0	0	0	0	0	0	0	1	0.0	1.0
6	2366939	T	C	1	0	0	0	0	0	0	1	0	0	1	0.0	1.0
6	2367937	T	C	0	0	0	0	0	0	0	0	0	0	0	0.0	0.0
6	2368464	T	G	0	0	0	0	0	0	0	0	0	0	0	0.0	0.0
6	2368642	C	A	0	0	0	0	0	0	0	0	0	0	0	0.0	0.0
6	2369639	G	A	0	0	0	0	0	0	0	0	0	0	0	0.0	0.0
6	2369670	A	G	0	0	0	0	0	0	0	0	0	0	0	0.0	0.0
6	2369733	C	G	0	0	0	0	0	0	0	0	0	0	0	0.0	0.0
6	2370075	T	C	0	0	0	0	0	0	0	0	0	0	0	0.0	0.0
6	2371304	T	C	0	0	0	0	0	0	0	0	0	0	0	0.0	0.0
6	2371666	G	A	0	0	0	0	0	0	0	0	0	0	0	0.0	0.0
6	2371918	G	A	0	0	0	0	0	0	0	0	0	0	0	0.0	0.0
6	2372561	A	G	0	0	0	0	0	0	0	0	0	0	0	0.0	0.0
6	2372591	C	G	0	0	0	0	0	0	0	0	0	0	0	0.0	0.0
6	2372602	C	T	0	0	0	0	0	0	0	0	0	0	0	0.0	0.0
6	2372615	A	T	0	0	0	0	0	0	0	0	0	0	0	0.0	0.0
6	2373843	C	T	0	0	0	0	0	0	0	0	0	0	0	0.0	0.0
6	2374671	A	T	0	0	0	0	0	0	0	0	0	0	0	0.0	0.0
6	2374703	G	C	0	0	0	0	0	0	0	0	0	0	0	0.0	0.0
6	2374712	A	G	0	0	0	0	0	0	0	0	0	0	0	0.0	0.0
6	2374821	G	A	0	0	0	0	0	0	0	0	0	0	0	0.0	0.0
6	2374888	G	A	0	0	0	0	0	0	0	0	0	0	0	0.0	0.0
6	2374977	A	G	0	0	0	0	0	0	0	0	0	0	0	0.0	0.0
6	2377541	G	A	0	0	0	0	0	0	0	0	0	0	0	0.0	0.0
6	2378156	C	G	1	0	0	0	0	1	0	0	0	0	1	0.0	1.0
6	2378790	C	T	0	0	0	0	0	0	0	0	0	0	0	0.0	0.0
6	2379064	A	G	0	0	0	0	0	0	0	0	0	0	0	0.0	0.0
6	2379182	A	G	0	0	0	0	0	0	0	0	0	0	0	0.0	0.0
6	2379497	G	A	0	0	0	0	0	0	0	0	0	0	0	0.0	0.0
6	2379640	C	T	0	0	0	0	0	0	0	0	0	0	0	0.0	0.0
6	2380251	C	A	0	0	0	0	0	0	0	0	0	0	0	0.0	0.0
6	2380610	A	G	0	0	0	0	0	0	0	0	0	0	0	0.0	0.0
6	2381492	C	G	0	0	0	0	0	0	0	0	0	0	0	0.0	0.0
6	2382395	A	G	0	0	0	0	0	0	0	0	0	0	0	0.0	0.0
6	2393103	C	T	0	0	0	0	0	0	0	0	0	0	0	0.0	0.0
6	2411279	G	C	0	0	0	0	0	0	0	0	0	0	0	0.0	0.0
6	2417021	T	G	0	0	0	0	0	0	0	0	0	0	0	0.0	0.0
6	2427414	G	A	0	0	0	0	0	0	0	0	0	0	0	0.0	0.0
6	2428540	C	T	0	0	0	0	0	0	0	0	0	0	0	0.0	0.0
6	2437996	A	G	0	0	0	0	0	0	0	0	0	0	0	0.0	0.0
6	2449123	C	A	0	0	0	0	0	0	0	0	0	0	0	0.0	0.0
6	2449183	C	T	0	0	0	0	0	0	0	0	0	0	0	0.0	0.0
6	2449186	A	C	0	0	0	0	0	0	0	0	0	0	0	0.0	0.0
6	2449650	A	C	0	0	0	0	0	0	0	0	0	0	0	0.0	0.0
6	2449872	G	A	0	0	0	0	0	0	0	0	0	0	0	0.0	0.0
6	2451052	G	A	0	0	0	0	0	0	0	0	0	0	0	0.0	0.0
6	2452024	A	G	0	0	0	0	0	0	0	0	0	0	0	0.0	0.0
6	2452554	G	A	0	0	0	0	0	0	0	0	0	0	0	0.0	0.0
6	2452697	T	G	0	0	0	0	0	0	0	0	0	0	0	0.0	0.0
6	2452940	T	C	0	0	0	0	0	0	0	0	0	0	0	0.0	0.0
6	2453160	T	C	0	0	0	0	0	0	0	0	0	0	0	0.0	0.0
6	2453199	C	G	0	0	0	0	0	0	0	0	0	0	0	0.0	0.0
6	2453433	A	G	0	0	0	0	0	0	0	0	0	0	0	0.0	0.0
6	2453795	A	G	0	0	0	0	0	0	0	0	0	0	0	0.0	0.0
6	2455129	T	C	0	0	0	0	0	0	0	0	0	0	0	0.0	0.0
6	2455675	A	G	0	0	0	0	0	0	0	0	0	0	0	0.0	0.0
6	2455853	C	T	0	0	0	0	0	0	0	0	0	0	0	0.0	0.0
6	2457473	A	T	0	0	0	0	0	0	0	0	0	0	0	0.0	0.0
6	2457541	T	C	0	0	0	0	0	0	0	0	0	0	0	0.0	0.0
6	2457561	G	A	0	0	0	0	0	0	0	0	0	0	0	0.0	0.0
6	2460168	G	A	0	0	0	0	0	0	0	0	0	0	0	0.0	0.0
6	2463420	A	G	0	0	0	0	0	0	0	0	0	0	0	0.0	0.0
6	2464385	T	G	0	0	0	0	0	0	0	0	0	0	0	0.0	0.0
6	2464798	A	T	0	0	0	0	0	0	0	0	0	0	0	0.0	0.0
6	2465915	G	A	0	0	0	0	0	0	0	0	0	0	0	0.0	0.0
6	2466112	A	C	0	0	0	0	0	0	0	0	0	0	0	0.0	0.0
6	2466536	A	T	0	0	0	0	0	0	0	0	0	0	0	0.0	0.0
6	2467475	G	A	0	0	0	0	0	0	0	0	0	0	0	0.0	0.0
6	2470878	A	G	0	0	0	0	0	0	0	0	0	0	0	0.0	0.0
6	2471019	A	G	0	0	0	0	0	0	0	0	0	0	0	0.0	0.0
6	2473557	A	G	0	0	0	0	0	0	0	0	0	0	0	0.0	0.0
6	2474874	A	G	0	0	0	0	0	0	0	0	0	0	0	0.0	0.0
6	2474933	G	A	0	0	0	0	0	0	0	0	0	0	0	0.0	0.0
6	2475717	G	A	0	0	0	0	0	0	0	0	0	0	0	0.0	0.0
6	2476867	C	T	0	0	0	0	0	0	0	0	0	0	0	0.0	0.0
6	2476910	G	C	0	0	0	0	0	0	0	0	0	0	0	0.0	0.0
6	2477056	A	C	0	0	0	0	0	0	0	0	0	0	0	0.0	0.0
6	2477490	G	A	0	0	0	0	0	0	0	0	0	0	0	0.0	0.0
6	2477763	T	G	0	0	0	0	0	0	0	0	0	0	0	0.0	0.0
6	2478975	G	A	0	0	0	0	0	0	0	0	0	0	0	0.0	0.0
6	2479086	C	A	0	0	0	0	0	0	0	0	0	0	0	0.0	0.0
6	2479189	T	C	0	0	0	0	0	0	0	0	0	0	0	0.0	0.0
6	2479402	T	C	0	0	0	0	0	0	0	0	0	0	0	0.0	0.0
6	2479770	A	G	0	0	0	0	0	0	0	0	0	0	0	0.0	0.0
6	2480110	T	C	0	0	0	0	0	0	0	0	0	0	0	0.0	0.0
6	2480664	G	T	0	0	0	0	0	0	0	0	0	0	0	0.0	0.0
6	2480890	G	A	0	0	0	0	0	0	0	0	0	0	0	0.0	0.0
6	2481290	A	G	0	0	0	0	0	0	0	0	0	0	0	0.0	0.0
6	2481688	T	A	0	0	0	0	0	0	0	0	0	0	0	0.0	0.0
6	2485468	A	G	0	0	0	0	0	0	0	0	0	0	0	0.0	0.0
6	2485653	C	T	0	0	0	0	0	0	0	0	0	0	0	0.0	0.0
6	2486398	C	T	0	0	0	0	0	0	0	0	0	0	0	0.0	0.0
6	2486741	T	A	2	2	0	0	0	0	0	0	0	0	2	0.0	1.0
6	2487061	G	T	0	0	0	0	0	0	0	0	0	0	0	0.0	0.0
6	2488225	T	C	0	0	0	0	0	0	0	0	0	0	0	0.0	0.0
6	2490587	A	G	0	0	0	0	0	0	0	0	0	0	0	0.0	0.0
6	2492381	A	G	0	0	0	0	0	0	0	0	0	0	0	0.0	0.0
6	2493113	A	T	0	0	0	0	0	0	0	0	0	0	0	0.0	0.0
6	2493314	A	T	0	0	0	0	0	0	0	0	0	0	0	0.0	0.0
6	2493582	G	T	0	0	0	0	0	0	0	0	0	0	0	0.0	0.0
6	2494871	A	G	0	0	0	0	0	0	0	0	0	0	0	0.0	0.0
6	2495566	G	A	0	0	0	0	0	0	0	0	0	0	0	0.0	0.0
6	2496664	G	A	0	0	0	0	0	0	0	0	0	0	0	0.0	0.0
6	2496694	G	A	0	0	0	0	0	0	0	0	0	0	0	0.0	0.0
6	2499191	C	T	0	0	0	0	0	0	0	0	0	0	0	0.0	0.0
6	2499374	A	G	0	0	0	0	0	0	0	0	0	0	0	0.0	0.0
6	2499839	C	T	0	0	0	0	0	0	0	0	0	0	0	0.0	0.0
6	2500701	A	G	0	0	0	0	0	0	0	0	0	0	0	0.0	0.0
6	2500820	G	C	0	0	0	0	0	0	0	0	0	0	0	0.0	0.0
6	2501535	A	G	0	0	0	0	0	0	0	0	0	0	0	0.0	0.0
6	2501628	C	T	0	0	0	0	0	0	0	0	0	0	0	0.0	0.0
6	2501828	A	C	0	0	0	0	0	0	0	0	0	0	0	0.0	0.0
6	2502900	T	C	0	0	0	0	0	0	0	0	0	0	0	0.0	0.0
6	2503120	A	G	0	0	0	0	0	0	0	0	0	0	0	0.0	0.0
6	2503173	C	A	0	0	0	0	0	0	0	0	0	0	0	0.0	0.0
6	2503335	C	T	0	0	0	0	0	0	0	0	0	0	0	0.0	0.0
6	2503471	G	A	0	0	0	0	0	0	0	0	0	0	0	0.0	0.0
6	2503734	C	G	0	0	0	0	0	0	0	0	0	0	0	0.0	0.0
6	2503945	C	G	0	0	0	0	0	0	0	0	0	0	0	0.0	0.0
6	2504051	G	C	0	0	0	0	0	0	0	0	0	0	0	0.0	0.0
6	2507392	T	C	0	0	0	0	0	0	0	0	0	0	0	0.0	0.0
6	2507448	A	G	0	0	0	0	0	0	0	0	0	0	0	0.0	0.0
6	2507901	T	C	0	0	0	0	0	0	0	0	0	0	0	0.0	0.0
6	2509443	C	T	0	0	0	0	0	0	0	0	0	0	0	0.0	0.0
6	2510495	A	G	0	0	0	0	0	0	0	0	0	0	0	0.0	0.0
6	2559605	C	T	0	0	0	0	0	0	0	0	0	0	0	0.0	0.0
6	2603392	T	C	0	0	0	0	0	0	0	0	0	0	0	0.0	0.0
6	2607267	G	A	0	0	0	0	0	0	0	0	0	0	0	0.0	0.0
6	2608572	C	T	0	0	0	0	0	0	0	0	0	0	0	0.0	0.0
6	2608995	G	A	0	0	0	0	0	0	0	0	0	0	0	0.0	0.0
6	2609126	G	A	1	0	1	0	0	0	0	0	0	0	1	0.0	1.0
6	2609394	T	C	0	0	0	0	0	0	0	0	0	0	0	0.0	0.0
6	2610132	G	A	0	0	0	0	0	0	0	0	0	0	0	0.0	0.0
6	2610335	G	A	0	0	0	0	0	0	0	0	0	0	0	0.0	0.0
6	2610545	C	T	0	0	0	0	0	0	0	0	0	0	0	0.0	0.0
6	2610660	G	T	0	0	0	0	0	0	0	0	0	0	0	0.0	0.0
6	2611039	G	A	0	0	0	0	0	0	0	0	0	0	0	0.0	0.0
6	2611706	G	A	0	0	0	0	0	0	0	0	0	0	0	0.0	0.0
6	2612126	G	T	0	0	0	0	0	0	0	0	0	0	0	0.0	0.0
6	2614232	C	T	0	0	0	0	0	0	0	0	0	0	0	0.0	0.0
6	2614381	G	T	0	0	0	0	0	0	0	0	0	0	0	0.0	0.0
6	2614582	C	T	0	0	0	0	0	0	0	0	0	0	0	0.0	0.0
6	2614822	C	G	0	0	0	0	0	0	0	0	0	0	0	0.0	0.0
6	2614848	G	A	0	0	0	0	0	0	0	0	0	0	0	0.0	0.0
6	2615342	G	A	0	0	0	0	0	0	0	0	0	0	0	0.0	0.0
6	2615799	A	G	0	0	0	0	0	0	0	0	0	0	0	0.0	0.0
6	2615802	T	C	0	0	0	0	0	0	0	0	0	0	0	0.0	0.0
6	2617267	G	A	0	0	0	0	0	0	0	0	0	0	0	0.0	0.0
6	2617684	T	C	0	0	0	0	0	0	0	0	0	0	0	0.0	0.0
6	2618021	C	T	0	0	0	0	0	0	0	0	0	0	0	0.0	0.0
6	2619713	G	A	0	0	0	0	0	0	0	0	0	0	0	0.0	0.0
6	2619971	T	C	0	0	0	0	0	0	0	0	0	0	0	0.0	0.0
6	2620193	C	T	0	0	0	0	0	0	0	0	0	0	0	0.0	0.0
6	2621899	T	C	0	0	0	0	0	0	0	0	0	0	0	0.0	0.0
6	2622105	C	T	0	0	0	0	0	0	0	0	0	0	0	0.0	0.0
6	2622911	C	T	0	0	0	0	0	0	0	0	0	0	0	0.0	0.0
6	2624053	T	A	0	0	0	0	0	0	0	0	0	0	0	0.0	0.0
6	2624262	T	G	0	0	0	0	0	0	0	0	0	0	0	0.0	0.0
6	2624381	C	T	0	0	0	0	0	0	0	0	0	0	0	0.0	0.0
6	2624604	C	T	0	0	0	0	0	0	0	0	0	0	0	0.0	0.0
6	2624842	C	G	0	0	0	0	0	0	0	0	0	0	0	0.0	0.0
6	2625101	G	C	0	0	0	0	0	0	0	0	0	0	0	0.0	0.0
6	2625304	A	G	0	0	0	0	0	0	0	0	0	0	0	0.0	0.0
6	2626083	C	T	0	0	0	0	0	0	0	0	0	0	0	0.0	0.0
6	2626824	T	C	0	0	0	0	0	0	0	0	0	0	0	0.0	0.0
6	2627200	A	G	0	0	0	0	0	0	0	0	0	0	0	0.0	0.0
6	2627901	A	G	0	0	0	0	0	0	0	0	0	0	0	0.0	0.0
6	2628938	C	A	0	0	0	0	0	0	0	0	0	0	0	0.0	0.0
6	2629151	T	C	0	0	0	0	0	0	0	0	0	0	0	0.0	0.0
6	2632108	G	T	0	0	0	0	0	0	0	0	0	0	0	0.0	0.0
6	2632793	C	T	0	0	0	0	0	0	0	0	0	0	0	0.0	0.0
6	2633674	G	C	0	0	0	0	0	0	0	0	0	0	0	0.0	0.0
6	2634939	C	G	0	0	0	0	0	0	0	0	0	0	0	0.0	0.0
6	2635495	A	G	0	0	0	0	0	0	0	0	0	0	0	0.0	0.0
6	2637920	G	A	0	0	0	0	0	0	0	0	0	0	0	0.0	0.0
6	2638284	G	A	0	0	0	0	0	0	0	0	0	0	0	0.0	0.0
6	2638409	G	T	0	0	0	0	0	0	0	0	0	0	0	0.0	0.0
6	2638542	C	A	0	0	0	0	0	0	0	0	0	0	0	0.0	0.0
6	2639014	C	T	0	0	0	0	0	0	0	0	0	0	0	0.0	0.0
6	2639286	A	C	0	0	0	0	0	0	0	0	0	0	0	0.0	0.0
6	2639308	T	C	0	0	0	0	0	0	0	0	0	0	0	0.0	0.0
6	2639470	A	G	0	0	0	0	0	0	0	0	0	0	0	0.0	0.0
6	2639579	C	T	0	0	0	0	0	0	0	0	0	0	0	0.0	0.0
6	2640997	A	G	0	0	0	0	0	0	0	0	0	0	0	0.0	0.0
6	2641192	A	G	0	0	0	0	0	0	0	0	0	0	0	0.0	0.0
6	2642032	C	T	0	0	0	0	0	0	0	0	0	0	0	0.0	0.0
6	2642290	C	T	0	0	0	0	0	0	0	0	0	0	0	0.0	0.0
6	2642505	C	T	0	0	0	0	0	0	0	0	0	0	0	0.0	0.0
6	2642862	T	C	0	0	0	0	0	0	0	0	0	0	0	0.0	0.0
6	2642996	A	G	0	0	0	0	0	0	0	0	0	0	0	0.0	0.0
6	2643593	G	T	0	0	0	0	0	0	0	0	0	0	0	0.0	0.0
6	2644839	A	G	0	0	0	0	0	0	0	0	0	0	0	0.0	0.0
6	2645325	T	C	0	0	0	0	0	0	0	0	0	0	0	0.0	0.0
6	2645451	G	A	0	0	0	0	0	0	0	0	0	0	0	0.0	0.0
6	2647120	T	C	0	0	0	0	0	0	0	0	0	0	0	0.0	0.0
6	2649537	G	A	0	0	0	0	0	0	0	0	0	0	0	0.0	0.0
6	2650251	A	G	0	0	0	0	0	0	0	0	0	0	0	0.0	0.0
6	2651417	C	T	0	0	0	0	0	0	0	0	0	0	0	0.0	0.0
6	2651987	A	G	0	0	0	0	0	0	0	0	0	0	0	0.0	0.0
6	2653145	A	G	0	0	0	0	0	0	0	0	0	0	0	0.0	0.0
6	2654226	G	A	0	0	0	0	0	0	0	0	0	0	0	0.0	0.0
6	2654830	G	A	0	0	0	0	0	0	0	0	0	0	0	0.0	0.0
6	2655285	C	T	0	0	0	0	0	0	0	0	0	0	0	0.0	0.0
6	2655849	T	C	0	0	0	0	0	0	0	0	0	0	0	0.0	0.0
6	2658420	G	A	0	0	0	0	0	0	0	0	0	0	0	0.0	0.0
6	2660050	C	T	0	0	0	0	0	0	0	0	0	0	0	0.0	0.0
6	2660059	G	A	0	0	0	0	0	0	0	0	0	0	0	0.0	0.0
6	2660239	C	T	0	0	0	0	0	0	0	0	0	0	0	0.0	0.0
6	2661080	G	C	0	0	0	0	0	0	0	0	0	0	0	0.0	0.0
6	2661327	T	C	0	0	0	0	0	0	0	0	0	0	0	0.0	0.0
6	2662401	C	T	0	0	0	0	0	0	0	0	0	0	0	0.0	0.0
6	2662442	G	C	0	0	0	0	0	0	0	0	0	0	0	0.0	0.0
6	2662547	C	T	0	0	0	0	0	0	0	0	0	0	0	0.0	0.0
6	2664375	C	A	0	0	0	0	0	0	0	0	0	0	0	0.0	0.0
6	2665938	G	A	0	0	0	0	0	0	0	0	0	0	0	0.0	0.0
6	2693442	A	C	0	0	0	0	0	0	0	0	0	0	0	0.0	0.0
6	2693786	T	C	0	0	0	0	0	0	0	0	0	0	0	0.0	0.0
6	2694053	G	A	0	0	0	0	0	0	0	0	0	0	0	0.0	0.0
6	2694229	T	G	0	0	0	0	0	0	0	0	0	0	0	0.0	0.0
6	2695607	A	C	0	0	0	0	0	0	0	0	0	0	0	0.0	0.0
6	2695702	G	T	0	0	0	0	0	0	0	0	0	0	0	0.0	0.0
6	2696213	A	G	0	0	0	0	0	0	0	0	0	0	0	0.0	0.0
6	2696823	A	G	0	0	0	0	0	0	0	0	0	0	0	0.0	0.0
6	2700815	C	G	0	0	0	0	0	0	0	0	0	0	0	0.0	0.0
6	2701957	G	A	0	0	0	0	0	0	0	0	0	0	0	0.0	0.0
6	2703316	C	T	0	0	0	0	0	0	0	0	0	0	0	0.0	0.0
6	2704052	G	A	0	0	0	0	0	0	0	0	0	0	0	0.0	0.0
6	2705016	G	T	0	0	0	0	0	0	0	0	0	0	0	0.0	0.0
6	2705305	A	C	0	0	0	0	0	0	0	0	0	0	0	0.0	0.0
6	2706065	C	T	0	0	0	0	0	0	0	0	0	0	0	0.0	0.0
6	2706569	G	A	0	0	0	0	0	0	0	0	0	0	0	0.0	0.0
6	2706917	T	C	0	0	0	0	0	0	0	0	0	0	0	0.0	0.0
6	2707437	A	T	0	0	0	0	0	0	0	0	0	0	0	0.0	0.0
6	2708178	A	G	0	0	0	0	0	0	0	0	0	0	0	0.0	0.0
6	2708867	T	C	0	0	0	0	0	0	0	0	0	0	0	0.0	0.0
6	2710448	G	A	0	0	0	0	0	0	0	0	0	0	0	0.0	0.0
6	2711622	T	G	0	0	0	0	0	0	0	0	0	0	0	0.0	0.0
6	2712195	T	C	0	0	0	0	0	0	0	0	0	0	0	0.0	0.0
6	2712217	T	C	0	0	0	0	0	0	0	0	0	0	0	0.0	0.0
6	2712945	C	T	0	0	0	0	0	0	0	0	0	0	0	0.0	0.0
6	2713156	T	A	0	0	0	0	0	0	0	0	0	0	0	0.0	0.0
6	2713472	T	C	0	0	0	0	0	0	0	0	0	0	0	0.0	0.0
6	2713568	A	T	0	0	0	0	0	0	0	0	0	0	0	0.0	0.0
6	2714386	C	G	0	0	0	0	0	0	0	0	0	0	0	0.0	0.0
6	2714541	G	A	0	0	0	0	0	0	0	0	0	0	0	0.0	0.0
6	2715305	C	A	0	0	0	0	0	0	0	0	0	0	0	0.0	0.0
6	2715384	G	A	0	0	0	0	0	0	0	0	0	0	0	0.0	0.0
6	2715950	G	C	0	0	0	0	0	0	0	0	0	0	0	0.0	0.0
6	2716892	A	G	0	0	0	0	0	0	0	0	0	0	0	0.0	0.0
6	2717355	A	C	0	0	0	0	0	0	0	0	0	0	0	0.0	0.0
6	2717392	T	C	0	0	0	0	0	0	0	0	0	0	0	0.0	0.0
6	2717651	C	T	0	0	0	0	0	0	0	0	0	0	0	0.0	0.0
6	2719315	C	T	0	0	0	0	0	0	0	0	0	0	0	0.0	0.0
6	2721252	G	A	0	0	0	0	0	0	0	0	0	0	0	0.0	0.0
6	2721949	C	T	0	0	0	0	0	0	0	0	0	0	0	0.0	0.0
6	2722344	G	A	0	0	0	0	0	0	0	0	0	0	0	0.0	0.0
6	2724837	A	G	0	0	0	0	0	0	0	0	0	0	0	0.0	0.0
6	2725210	C	T	0	0	0	0	0	0	0	0	0	0	0	0.0	0.0
6	2725339	A	G	0	0	0	0	0	0	0	0	0	0	0	0.0	0.0
6	2725681	C	G	0	0	0	0	0	0	0	0	0	0	0	0.0	0.0
6	2726172	C	T	0	0	0	0	0	0	0	0	0	0	0	0.0	0.0
6	2726356	T	C	0	0	0	0	0	0	0	0	0	0	0	0.0	0.0
6	2726653	G	T	0	0	0	0	0	0	0	0	0	0	0	0.0	0.0
6	2727012	A	G	0	0	0	0	0	0	0	0	0	0	0	0.0	0.0
6	2727141	C	T	0	0	0	0	0	0	0	0	0	0	0	0.0	0.0
6	2727732	C	G	0	0	0	0	0	0	0	0	0	0	0	0.0	0.0
6	2728061	A	G	0	0	0	0	0	0	0	0	0	0	0	0.0	0.0
6	2728342	G	A	0	0	0	0	0	0	0	0	0	0	0	0.0	0.0
6	2728352	C	T	0	0	0	0	0	0	0	0	0	0	0	0.0	0.0
6	2728357	G	A	0	0	0	0	0	0	0	0	0	0	0	0.0	0.0
6	2728419	G	A	0	0	0	0	0	0	0	0	0	0	0	0.0	0.0
6	2728600	T	C	0	0	0	0	0	0	0	0	0	0	0	0.0	0.0
6	2728654	C	A	0	0	0	0	0	0	0	0	0	0	0	0.0	0.0
6	2729604	C	T	0	0	0	0	0	0	0	0	0	0	0	0.0	0.0
6	2729912	C	T	0	0	0	0	0	0	0	0	0	0	0	0.0	0.0
6	2731286	T	A	0	0	0	0	0	0	0	0	0	0	0	0.0	0.0
6	2731454	G	T	0	0	0	0	0	0	0	0	0	0	0	0.0	0.0
6	2731572	T	G	0	0	0	0	0	0	0	0	0	0	0	0.0	0.0
6	2731971	G	A	0	0	0	0	0	0	0	0	0	0	0	0.0	0.0
6	2733169	C	T	0	0	0	0	0	0	0	0	0	0	0	0.0	0.0
6	2733300	T	C	0	0	0	0	0	0	0	0	0	0	0	0.0	0.0
6	2733775	C	T	0	0	0	0	0	0	0	0	0	0	0	0.0	0.0
6	2735245	A	G	0	0	0	0	0	0	0	0	0	0	0	0.0	0.0
6	2736678	G	A	0	0	0	0	0	0	0	0	0	0	0	0.0	0.0
6	2736688	A	G	0	0	0	0	0	0	0	0	0	0	0	0.0	0.0
6	2737331	G	A	0	0	0	0	0	0	0	0	0	0	0	0.0	0.0
6	2737416	G	A	0	0	0	0	0	0	0	0	0	0	0	0.0	0.0
6	2737734	G	A	0	0	0	0	0	0	0	0	0	0	0	0.0	0.0
6	2737787	T	C	0	0	0	0	0	0	0	0	0	0	0	0.0	0.0
6	2738672	A	G	0	0	0	0	0	0	0	0	0	0	0	0.0	0.0
6	2739619	T	C	0	0	0	0	0	0	0	0	0	0	0	0.0	0.0
6	2739764	T	C	0	0	0	0	0	0	0	0	0	0	0	0.0	0.0
6	2740085	G	T	0	0	0	0	0	0	0	0	0	0	0	0.0	0.0
6	2740501	C	A	0	0	0	0	0	0	0	0	0	0	0	0.0	0.0
6	2741241	T	A	0	0	0	0	0	0	0	0	0	0	0	0.0	0.0
6	2742567	A	G	0	0	0	0	0	0	0	0	0	0	0	0.0	0.0
6	2742834	C	T	0	0	0	0	0	0	0	0	0	0	0	0.0	0.0
6	2743237	T	C	0	0	0	0	0	0	0	0	0	0	0	0.0	0.0
6	2745412	A	G	0	0	0	0	0	0	0	0	0	0	0	0.0	0.0
6	2746338	A	T	0	0	0	0	0	0	0	0	0	0	0	0.0	0.0
6	2747530	A	G	0	0	0	0	0	0	0	0	0	0	0	0.0	0.0
6	2747741	G	A	0	0	0	0	0	0	0	0	0	0	0	0.0	0.0
6	2747884	T	A	0	0	0	0	0	0	0	0	0	0	0	0.0	0.0
6	2748046	G	A	0	0	0	0	0	0	0	0	0	0	0	0.0	0.0
6	2748517	G	A	0	0	0	0	0	0	0	0	0	0	0	0.0	0.0
6	2749381	C	T	0	0	0	0	0	0	0	0	0	0	0	0.0	0.0
6	2749661	A	G	0	0	0	0	0	0	0	0	0	0	0	0.0	0.0
6	2753152	C	T	0	0	0	0	0	0	0	0	0	0	0	0.0	0.0
6	2754794	C	A	0	0	0	0	0	0	0	0	0	0	0	0.0	0.0
6	2755258	T	C	0	0	0	0	0	0	0	0	0	0	0	0.0	0.0
6	2756683	G	A	0	0	0	0	0	0	0	0	0	0	0	0.0	0.0
6	2756785	C	G	0	0	0	0	0	0	0	0	0	0	0	0.0	0.0
6	2756880	G	A	0	0	0	0	0	0	0	0	0	0	0	0.0	0.0
6	2756982	A	G	0	0	0	0	0	0	0	0	0	0	0	0.0	0.0
6	2758152	C	T	0	0	0	0	0	0	0	0	0	0	0	0.0	0.0
6	2759490	C	G	0	0	0	0	0	0	0	0	0	0	0	0.0	0.0
6	2759913	C	T	0	0	0	0	0	0	0	0	0	0	0	0.0	0.0
6	2760245	C	T	0	0	0	0	0	0	0	0	0	0	0	0.0	0.0
6	2762941	G	A	0	0	0	0	0	0	0	0	0	0	0	0.0	0.0
6	2763112	C	G	0	0	0	0	0	0	0	0	0	0	0	0.0	0.0
6	2763515	T	C	0	0	0	0	0	0	0	0	0	0	0	0.0	0.0
6	2763613	A	G	0	0	0	0	0	0	0	0	0	0	0	0.0	0.0
6	2763629	T	C	0	0	0	0	0	0	0	0	0	0	0	0.0	0.0
6	2763668	G	A	0	0	0	0	0	0	0	0	0	0	0	0.0	0.0
6	2763726	T	C	0	0	0	0	0	0	0	0	0	0	0	0.0	0.0
6	2763738	C	T	0	0	0	0	0	0	0	0	0	0	0	0.0	0.0
6	2763885	A	G	0	0	0	0	0	0	0	0	0	0	0	0.0	0.0
6	2763908	G	A	0	0	0	0	0	0	0	0	0	0	0	0.0	0.0
6	2763923	C	T	0	0	0	0	0	0	0	0	0	0	0	0.0	0.0
6	2763935	A	G	0	0	0	0	0	0	0	0	0	0	0	0.0	0.0
6	2764036	A	T	0	0	0	0	0	0	0	0	0	0	0	0.0	0.0
6	2764407	G	A	0	0	0	0	0	0	0	0	0	0	0	0.0	0.0
6	2764415	A	G	0	0	0	0	0	0	0	0	0	0	0	0.0	0.0
6	2768211	G	C	0	0	0	0	0	0	0	0	0	0	0	0.0	0.0
6	2768816	G	T	0	0	0	0	0	0	0	0	0	0	0	0.0	0.0
6	2768905	A	G	0	0	0	0	0	0	0	0	0	0	0	0.0	0.0
6	2769649	A	G	0	0	0	0	0	0	0	0	0	0	0	0.0	0.0
6	2769752	C	T	0	0	0	0	0	0	0	0	0	0	0	0.0	0.0
6	2769941	G	A	0	0	0	0	0	0	0	0	0	0	0	0.0	0.0
6	2773076	C	A	0	0	0	0	0	0	0	0	0	0	0	0.0	0.0
6	2773722	C	T	0	0	0	0	0	0	0	0	0	0	0	0.0	0.0
6	2773755	G	A	0	0	0	0	0	0	0	0	0	0	0	0.0	0.0
6	2775080	G	C	0	0	0	0	0	0	0	0	0	0	0	0.0	0.0
6	2775424	A	T	0	0	0	0	0	0	0	0	0	0	0	0.0	0.0
6	2775431	C	T	0	0	0	0	0	0	0	0	0	0	0	0.0	0.0
6	2776087	A	C	0	0	0	0	0	0	0	0	0	0	0	0.0	0.0
6	2777153	T	G	0	0	0	0	0	0	0	0	0	0	0	0.0	0.0
6	2777264	G	A	0	0	0	0	0	0	0	0	0	0	0	0.0	0.0
6	2777334	A	G	0	0	0	0	0	0	0	0	0	0	0	0.0	0.0
6	2777955	A	G	0	0	0	0	0	0	0	0	0	0	0	0.0	0.0
6	2777972	T	C	0	0	0	0	0	0	0	0	0	0	0	0.0	0.0
6	2777980	C	A	0	0	0	0	0	0	0	0	0	0	0	0.0	0.0
6	2779882	C	T	0	0	0	0	0	0	0	0	0	0	0	0.0	0.0
6	2779940	G	C	0	0	0	0	0	0	0	0	0	0	0	0.0	0.0
6	2780961	A	T	0	0	0	0	0	0	0	0	0	0	0	0.0	0.0
6	2781618	C	G	0	0	0	0	0	0	0	0	0	0	0	0.0	0.0
6	2781800	G	T	0	0	0	0	0	0	0	0	0	0	0	0.0	0.0
6	2781931	G	A	0	0	0	0	0	0	0	0	0	0	0	0.0	0.0
6	2783996	A	T	0	0	0	0	0	0	0	0	0	0	0	0.0	0.0
6	2784353	C	G	0	0	0	0	0	0	0	0	0	0	0	0.0	0.0
6	2784797	T	C	0	0	0	0	0	0	0	0	0	0	0	0.0	0.0
6	2785636	G	T	0	0	0	0	0	0	0	0	0	0	0	0.0	0.0
6	2786136	C	T	0	0	0	0	0	0	0	0	0	0	0	0.0	0.0
6	2786563	C	T	0	0	0	0	0	0	0	0	0	0	0	0.0	0.0
6	2786636	C	G	0	0	0	0	0	0	0	0	0	0	0	0.0	0.0
6	2787766	G	C	0	0	0	0	0	0	0	0	0	0	0	0.0	0.0
6	2787925	A	G	0	0	0	0	0	0	0	0	0	0	0	0.0	0.0
6	2788019	T	C	0	0	0	0	0	0	0	0	0	0	0	0.0	0.0
6	2788064	C	T	0	0	0	0	0	0	0	0	0	0	0	0.0	0.0
6	2788774	G	A	0	0	0	0	0	0	0	0	0	0	0	0.0	0.0
6	2789067	C	A	0	0	0	0	0	0	0	0	0	0	0	0.0	0.0
6	2789371	G	A	0	0	0	0	0	0	0	0	0	0	0	0.0	0.0
6	2789603	T	A	0	0	0	0	0	0	0	0	0	0	0	0.0	0.0
6	2789932	G	A	0	0	0	0	0	0	0	0	0	0	0	0.0	0.0
6	2791344	A	G	0	0	0	0	0	0	0	0	0	0	0	0.0	0.0
6	2791683	G	A	0	0	0	0	0	0	0	0	0	0	0	0.0	0.0
6	2791938	T	A	0	0	0	0	0	0	0	0	0	0	0	0.0	0.0
6	2791969	A	G	0	0	0	0	0	0	0	0	0	0	0	0.0	0.0
6	2793939	C	T	0	0	0	0	0	0	0	0	0	0	0	0.0	0.0
6	2793954	G	A	0	0	0	0	0	0	0	0	0	0	0	0.0	0.0
6	2795337	C	T	0	0	0	0	0	0	0	0	0	0	0	0.0	0.0
6	2795674	C	T	0	0	0	0	0	0	0	0	0	0	0	0.0	0.0
6	2796591	A	G	0	0	0	0	0	0	0	0	0	0	0	0.0	0.0
6	2796623	T	C	0	0	0	0	0	0	0	0	0	0	0	0.0	0.0
6	2796658	T	G	0	0	0	0	0	0	0	0	0	0	0	0.0	0.0
6	2796729	A	C	0	0	0	0	0	0	0	0	0	0	0	0.0	0.0
6	2796757	C	T	0	0	0	0	0	0	0	0	0	0	0	0.0	0.0
6	2796770	T	C	0	0	0	0	0	0	0	0	0	0	0	0.0	0.0
6	2797425	G	A	0	0	0	0	0	0	0	0	0	0	0	0.0	0.0
6	2798740	C	T	0	0	0	0	0	0	0	0	0	0	0	0.0	0.0
6	2800998	C	A	0	0	0	0	0	0	0	0	0	0	0	0.0	0.0
6	2801308	C	T	0	0	0	0	0	0	0	0	0	0	0	0.0	0.0
6	2801477	T	C	0	0	0	0	0	0	0	0	0	0	0	0.0	0.0
6	2801724	G	T	0	0	0	0	0	0	0	0	0	0	0	0.0	0.0
6	2801948	A	G	0	0	0	0	0	0	0	0	0	0	0	0.0	0.0
6	2802630	C	T	0	0	0	0	0	0	0	0	0	0	0	0.0	0.0
6	2803326	A	G	0	0	0	0	0	0	0	0	0	0	0	0.0	0.0
6	2803633	A	G	0	0	0	0	0	0	0	0	0	0	0	0.0	0.0
6	2803717	G	A	0	0	0	0	0	0	0	0	0	0	0	0.0	0.0
6	2803718	C	T	0	0	0	0	0	0	0	0	0	0	0	0.0	0.0
6	2804189	G	A	0	0	0	0	0	0	0	0	0	0	0	0.0	0.0
6	2804264	C	T	0	0	0	0	0	0	0	0	0	0	0	0.0	0.0
6	2805102	A	G	0	0	0	0	0	0	0	0	0	0	0	0.0	0.0
6	2805887	C	G	0	0	0	0	0	0	0	0	0	0	0	0.0	0.0
6	2806504	C	T	0	0	0	0	0	0	0	0	0	0	0	0.0	0.0
6	2807359	A	G	0	0	0	0	0	0	0	0	0	0	0	0.0	0.0
6	2807760	G	T	0	0	0	0	0	0	0	0	0	0	0	0.0	0.0
6	2808028	C	T	0	0	0	0	0	0	0	0	0	0	0	0.0	0.0
6	2808495	C	A	0	0	0	0	0	0	0	0	0	0	0	0.0	0.0
6	2810306	C	T	0	0	0	0	0	0	0	0	0	0	0	0.0	0.0
6	2810459	C	G	0	0	0	0	0	0	0	0	0	0	0	0.0	0.0
6	2810759	G	C	0	0	0	0	0	0	0	0	0	0	0	0.0	0.0
6	2810889	C	T	0	0	0	0	0	0	0	0	0	0	0	0.0	0.0
6	2811850	G	A	0	0	0	0	0	0	0	0	0	0	0	0.0	0.0
6	2812175	T	G	0	0	0	0	0	0	0	0	0	0	0	0.0	0.0
6	2812289	C	G	0	0	0	0	0	0	0	0	0	0	0	0.0	0.0
6	2812507	A	G	0	0	0	0	0	0	0	0	0	0	0	0.0	0.0
6	2813311	G	A	0	0	0	0	0	0	0	0	0	0	0	0.0	0.0
6	2813412	C	T	0	0	0	0	0	0	0	0	0	0	0	0.0	0.0
6	2813476	A	T	0	0	0	0	0	0	0	0	0	0	0	0.0	0.0
6	2813702	G	C	0	0	0	0	0	0	0	0	0	0	0	0.0	0.0
6	2814466	C	T	0	0	0	0	0	0	0	0	0	0	0	0.0	0.0
6	2815277	C	T	0	0	0	0	0	0	0	0	0	0	0	0.0	0.0
6	2815379	C	T	0	0	0	0	0	0	0	0	0	0	0	0.0	0.0
6	2815380	A	G	0	0	0	0	0	0	0	0	0	0	0	0.0	0.0
6	2815588	C	T	0	0	0	0	0	0	0	0	0	0	0	0.0	0.0
6	2816117	G	A	0	0	0	0	0	0	0	0	0	0	0	0.0	0.0
6	2817143	C	A	0	0	0	0	0	0	0	0	0	0	0	0.0	0.0
6	2817587	A	G	0	0	0	0	0	0	0	0	0	0	0	0.0	0.0
6	2818077	C	G	0	0	0	0	0	0	0	0	0	0	0	0.0	0.0
6	2818647	C	G	0	0	0	0	0	0	0	0	0	0	0	0.0	0.0
6	2818875	G	A	0	0	0	0	0	0	0	0	0	0	0	0.0	0.0
6	2819634	G	A	0	0	0	0	0	0	0	0	0	0	0	0.0	0.0
6	2820187	T	C	0	0	0	0	0	0	0	0	0	0	0	0.0	0.0
6	2820207	T	C	0	0	0	0	0	0	0	0	0	0	0	0.0	0.0
6	2820274	T	C	0	0	0	0	0	0	0	0	0	0	0	0.0	0.0
6	2820714	T	C	0	0	0	0	0	0	0	0	0	0	0	0.0	0.0
6	2820788	C	G	0	0	0	0	0	0	0	0	0	0	0	0.0	0.0
6	2820814	G	A	0	0	0	0	0	0	0	0	0	0	0	0.0	0.0
6	2820878	G	A	0	0	0	0	0	0	0	0	0	0	0	0.0	0.0
6	2821143	C	T	0	0	0	0	0	0	0	0	0	0	0	0.0	0.0
6	2821537	G	A	0	0	0	0	0	0	0	0	0	0	0	0.0	0.0
6	2821901	A	G	0	0	0	0	0	0	0	0	0	0	0	0.0	0.0
6	2821957	G	C	0	0	0	0	0	0	0	0	0	0	0	0.0	0.0
6	2822168	C	A	0	0	0	0	0	0	0	0	0	0	0	0.0	0.0
6	2822331	A	C	0	0	0	0	0	0	0	0	0	0	0	0.0	0.0
6	2823327	T	C	0	0	0	0	0	0	0	0	0	0	0	0.0	0.0
6	2824237	T	C	0	0	0	0	0	0	0	0	0	0	0	0.0	0.0
6	2825082	T	G	0	0	0	0	0	0	0	0	0	0	0	0.0	0.0
6	2825345	C	T	0	0	0	0	0	0	0	0	0	0	0	0.0	0.0
6	2825591	A	T	0	0	0	0	0	0	0	0	0	0	0	0.0	0.0
6	2825865	A	G	0	0	0	0	0	0	0	0	0	0	0	0.0	0.0
6	2826677	A	G	0	0	0	0	0	0	0	0	0	0	0	0.0	0.0
6	2827150	C	T	0	0	0	0	0	0	0	0	0	0	0	0.0	0.0
6	2828026	T	C	0	0	0	0	0	0	0	0	0	0	0	0.0	0.0
6	2828135	A	G	0	0	0	0	0	0	0	0	0	0	0	0.0	0.0
6	2828421	C	T	0	0	0	0	0	0	0	0	0	0	0	0.0	0.0
6	2828570	G	A	0	0	0	0	0	0	0	0	0	0	0	0.0	0.0
6	2830844	T	C	0	0	0	0	0	0	0	0	0	0	0	0.0	0.0
6	2831191	T	C	0	0	0	0	0	0	0	0	0	0	0	0.0	0.0
6	2832055	C	T	0	0	0	0	0	0	0	0	0	0	0	0.0	0.0
6	2832078	C	T	0	0	0	0	0	0	0	0	0	0	0	0.0	0.0
6	2842598	T	C	0	0	0	0	0	0	0	0	0	0	0	0.0	0.0
6	2843335	T	G	0	0	0	0	0	0	0	0	0	0	0	0.0	0.0
6	2843426	T	G	0	0	0	0	0	0	0	0	0	0	0	0.0	0.0
6	2843443	C	T	0	0	0	0	0	0	0	0	0	0	0	0.0	0.0
6	2843742	G	A	0	0	0	0	0	0	0	0	0	0	0	0.0	0.0
6	2843749	A	T	0	0	0	0	0	0	0	0	0	0	0	0.0	0.0
6	2843822	G	A	0	0	0	0	0	0	0	0	0	0	0	0.0	0.0
6	2843855	A	G	0	0	0	0	0	0	0	0	0	0	0	0.0	0.0
6	2843974	C	T	0	0	0	0	0	0	0	0	0	0	0	0.0	0.0
6	2844705	C	T	0	0	0	0	0	0	0	0	0	0	0	0.0	0.0
6	2845099	T	C	0	0	0	0	0	0	0	0	0	0	0	0.0	0.0
6	2845861	T	C	0	0	0	0	0	0	0	0	0	0	0	0.0	0.0
6	2845990	G	A	0	0	0	0	0	0	0	0	0	0	0	0.0	0.0
6	2846938	T	C	0	0	0	0	0	0	0	0	0	0	0	0.0	0.0
6	2847411	T	C	0	0	0	0	0	0	0	0	0	0	0	0.0	0.0
6	2847543	A	C	0	0	0	0	0	0	0	0	0	0	0	0.0	0.0
6	2847554	T	A	0	0	0	0	0	0	0	0	0	0	0	0.0	0.0
6	2847576	G	A	0	0	0	0	0	0	0	0	0	0	0	0.0	0.0
6	2847986	C	T	0	0	0	0	0	0	0	0	0	0	0	0.0	0.0
6	2848009	T	G	0	0	0	0	0	0	0	0	0	0	0	0.0	0.0
6	2848424	C	T	0	0	0	0	0	0	0	0	0	0	0	0.0	0.0
