#Chr	Pos	Ref	Alt	Depth	A	a	T	t	G	g	C	c	ref_depth	alt_depth	ref_freq	alt_freq
14	19005507	T	C	0	0	0	0	0	0	0	0	0	0	0	0.0	0.0
14	19007199	C	T	0	0	0	0	0	0	0	0	0	0	0	0.0	0.0
14	19009012	C	G	0	0	0	0	0	0	0	0	0	0	0	0.0	0.0
14	19018235	T	G	0	0	0	0	0	0	0	0	0	0	0	0.0	0.0
14	19021860	G	T	0	0	0	0	0	0	0	0	0	0	0	0.0	0.0
14	19057714	T	G	0	0	0	0	0	0	0	0	0	0	0	0.0	0.0
14	19067949	T	C	0	0	0	0	0	0	0	0	0	0	0	0.0	0.0
14	19071955	T	A	0	0	0	0	0	0	0	0	0	0	0	0.0	0.0
14	19073582	G	A	0	0	0	0	0	0	0	0	0	0	0	0.0	0.0
14	19079652	T	C	0	0	0	0	0	0	0	0	0	0	0	0.0	0.0
14	19087872	G	C	0	0	0	0	0	0	0	0	0	0	0	0.0	0.0
14	19091043	C	T	0	0	0	0	0	0	0	0	0	0	0	0.0	0.0
14	19091044	C	T	0	0	0	0	0	0	0	0	0	0	0	0.0	0.0
14	19094615	G	C	0	0	0	0	0	0	0	0	0	0	0	0.0	0.0
14	19095489	C	T	0	0	0	0	0	0	0	0	0	0	0	0.0	0.0
14	19104596	T	C	0	0	0	0	0	0	0	0	0	0	0	0.0	0.0
14	19116323	A	G	0	0	0	0	0	0	0	0	0	0	0	0.0	0.0
14	19120560	A	C	0	0	0	0	0	0	0	0	0	0	0	0.0	0.0
14	19161652	G	T	0	0	0	0	0	0	0	0	0	0	0	0.0	0.0
14	19171811	G	A	0	0	0	0	0	0	0	0	0	0	0	0.0	0.0
14	19176109	C	T	0	0	0	0	0	0	0	0	0	0	0	0.0	0.0
14	19178707	C	T	0	0	0	0	0	0	0	0	0	0	0	0.0	0.0
14	19185929	A	G	0	0	0	0	0	0	0	0	0	0	0	0.0	0.0
14	19186298	A	T	0	0	0	0	0	0	0	0	0	0	0	0.0	0.0
14	19189049	A	G	0	0	0	0	0	0	0	0	0	0	0	0.0	0.0
14	19198928	A	C	0	0	0	0	0	0	0	0	0	0	0	0.0	0.0
14	19216065	T	G	0	0	0	0	0	0	0	0	0	0	0	0.0	0.0
14	19224624	C	T	0	0	0	0	0	0	0	0	0	0	0	0.0	0.0
14	19411568	A	G	0	0	0	0	0	0	0	0	0	0	0	0.0	0.0
14	19431978	A	G	0	0	0	0	0	0	0	0	0	0	0	0.0	0.0
14	19431979	G	T	0	0	0	0	0	0	0	0	0	0	0	0.0	0.0
14	19440784	C	T	0	0	0	0	0	0	0	0	0	0	0	0.0	0.0
14	19440785	A	G	0	0	0	0	0	0	0	0	0	0	0	0.0	0.0
14	19442748	G	A	0	0	0	0	0	0	0	0	0	0	0	0.0	0.0
14	19446475	A	G	0	0	0	0	0	0	0	0	0	0	0	0.0	0.0
14	19465246	G	T	0	0	0	0	0	0	0	0	0	0	0	0.0	0.0
14	19585694	A	G	0	0	0	0	0	0	0	0	0	0	0	0.0	0.0
14	19590187	C	A	0	0	0	0	0	0	0	0	0	0	0	0.0	0.0
14	19597546	G	C	0	0	0	0	0	0	0	0	0	0	0	0.0	0.0
14	19613632	C	T	0	0	0	0	0	0	0	0	0	0	0	0.0	0.0
14	19695129	G	C	0	0	0	0	0	0	0	0	0	0	0	0.0	0.0
14	19776418	C	A	0	0	0	0	0	0	0	0	0	0	0	0.0	0.0
14	19779518	A	T	0	0	0	0	0	0	0	0	0	0	0	0.0	0.0
14	19779833	T	C	0	0	0	0	0	0	0	0	0	0	0	0.0	0.0
14	19785601	G	A	0	0	0	0	0	0	0	0	0	0	0	0.0	0.0
14	19787220	C	T	0	0	0	0	0	0	0	0	0	0	0	0.0	0.0
14	19787984	C	T	0	0	0	0	0	0	0	0	0	0	0	0.0	0.0
14	19803902	T	C	0	0	0	0	0	0	0	0	0	0	0	0.0	0.0
14	19820690	T	C	0	0	0	0	0	0	0	0	0	0	0	0.0	0.0
14	19820802	G	T	0	0	0	0	0	0	0	0	0	0	0	0.0	0.0
14	19822970	A	G	0	0	0	0	0	0	0	0	0	0	0	0.0	0.0
14	19830043	C	G	0	0	0	0	0	0	0	0	0	0	0	0.0	0.0
14	19852248	A	G	0	0	0	0	0	0	0	0	0	0	0	0.0	0.0
14	19988279	T	C	0	0	0	0	0	0	0	0	0	0	0	0.0	0.0
14	20057902	G	A	0	0	0	0	0	0	0	0	0	0	0	0.0	0.0
14	20116915	C	T	0	0	0	0	0	0	0	0	0	0	0	0.0	0.0
14	20149888	G	A	0	0	0	0	0	0	0	0	0	0	0	0.0	0.0
14	20151749	T	A	0	0	0	0	0	0	0	0	0	0	0	0.0	0.0
14	20171591	T	C	0	0	0	0	0	0	0	0	0	0	0	0.0	0.0
14	20180061	C	T	0	0	0	0	0	0	0	0	0	0	0	0.0	0.0
14	20194867	G	A	0	0	0	0	0	0	0	0	0	0	0	0.0	0.0
14	20194876	T	A	0	0	0	0	0	0	0	0	0	0	0	0.0	0.0
14	20195040	T	A	0	0	0	0	0	0	0	0	0	0	0	0.0	0.0
14	20195542	T	G	0	0	0	0	0	0	0	0	0	0	0	0.0	0.0
14	20197081	C	T	0	0	0	0	0	0	0	0	0	0	0	0.0	0.0
14	20197140	C	A	0	0	0	0	0	0	0	0	0	0	0	0.0	0.0
14	20197194	G	T	0	0	0	0	0	0	0	0	0	0	0	0.0	0.0
14	20197334	T	C	0	0	0	0	0	0	0	0	0	0	0	0.0	0.0
14	20197771	A	G	0	0	0	0	0	0	0	0	0	0	0	0.0	0.0
14	20198171	C	T	0	0	0	0	0	0	0	0	0	0	0	0.0	0.0
14	20199907	G	T	0	0	0	0	0	0	0	0	0	0	0	0.0	0.0
14	20202389	G	T	0	0	0	0	0	0	0	0	0	0	0	0.0	0.0
14	20202554	A	G	0	0	0	0	0	0	0	0	0	0	0	0.0	0.0
14	20203726	T	C	0	0	0	0	0	0	0	0	0	0	0	0.0	0.0
14	20203877	T	C	0	0	0	0	0	0	0	0	0	0	0	0.0	0.0
14	20204371	T	G	0	0	0	0	0	0	0	0	0	0	0	0.0	0.0
14	20204576	G	A	0	0	0	0	0	0	0	0	0	0	0	0.0	0.0
14	20205026	C	A	0	0	0	0	0	0	0	0	0	0	0	0.0	0.0
14	20206974	A	T	0	0	0	0	0	0	0	0	0	0	0	0.0	0.0
14	20207188	C	T	0	0	0	0	0	0	0	0	0	0	0	0.0	0.0
14	20207718	T	C	0	0	0	0	0	0	0	0	0	0	0	0.0	0.0
14	20209121	C	A	0	0	0	0	0	0	0	0	0	0	0	0.0	0.0
14	20209610	C	G	0	0	0	0	0	0	0	0	0	0	0	0.0	0.0
14	20209789	G	A	0	0	0	0	0	0	0	0	0	0	0	0.0	0.0
14	20210134	C	T	0	0	0	0	0	0	0	0	0	0	0	0.0	0.0
14	20210474	A	G	0	0	0	0	0	0	0	0	0	0	0	0.0	0.0
14	20211239	T	C	0	0	0	0	0	0	0	0	0	0	0	0.0	0.0
14	20211644	C	T	0	0	0	0	0	0	0	0	0	0	0	0.0	0.0
14	20212544	G	A	0	0	0	0	0	0	0	0	0	0	0	0.0	0.0
14	20212642	T	A	0	0	0	0	0	0	0	0	0	0	0	0.0	0.0
14	20212709	G	A	0	0	0	0	0	0	0	0	0	0	0	0.0	0.0
14	20213037	G	A	0	0	0	0	0	0	0	0	0	0	0	0.0	0.0
14	20213181	G	A	0	0	0	0	0	0	0	0	0	0	0	0.0	0.0
14	20213461	T	C	0	0	0	0	0	0	0	0	0	0	0	0.0	0.0
14	20213791	A	C	0	0	0	0	0	0	0	0	0	0	0	0.0	0.0
14	20213937	G	A	0	0	0	0	0	0	0	0	0	0	0	0.0	0.0
14	20214094	G	A	0	0	0	0	0	0	0	0	0	0	0	0.0	0.0
14	20214096	A	T	0	0	0	0	0	0	0	0	0	0	0	0.0	0.0
14	20214375	T	C	0	0	0	0	0	0	0	0	0	0	0	0.0	0.0
14	20214907	T	C	1	0	0	0	0	0	0	1	0	0	1	0.0	1.0
14	20215378	A	C	0	0	0	0	0	0	0	0	0	0	0	0.0	0.0
14	20215448	C	T	0	0	0	0	0	0	0	0	0	0	0	0.0	0.0
14	20215501	G	A	0	0	0	0	0	0	0	0	0	0	0	0.0	0.0
14	20215989	A	G	0	0	0	0	0	0	0	0	0	0	0	0.0	0.0
14	20216560	C	T	0	0	0	0	0	0	0	0	0	0	0	0.0	0.0
14	20219125	G	A	0	0	0	0	0	0	0	0	0	0	0	0.0	0.0
14	20220854	A	G	0	0	0	0	0	0	0	0	0	0	0	0.0	0.0
14	20220906	G	C	0	0	0	0	0	0	0	0	0	0	0	0.0	0.0
14	20221299	G	A	0	0	0	0	0	0	0	0	0	0	0	0.0	0.0
14	20223042	A	G	0	0	0	0	0	0	0	0	0	0	0	0.0	0.0
14	20223678	C	T	0	0	0	0	0	0	0	0	0	0	0	0.0	0.0
14	20224003	A	G	0	0	0	0	0	0	0	0	0	0	0	0.0	0.0
14	20224868	C	T	0	0	0	0	0	0	0	0	0	0	0	0.0	0.0
14	20224925	C	A	0	0	0	0	0	0	0	0	0	0	0	0.0	0.0
14	20224967	C	A	0	0	0	0	0	0	0	0	0	0	0	0.0	0.0
14	20225892	G	T	0	0	0	0	0	0	0	0	0	0	0	0.0	0.0
14	20226096	G	A	0	0	0	0	0	0	0	0	0	0	0	0.0	0.0
14	20226448	G	A	0	0	0	0	0	0	0	0	0	0	0	0.0	0.0
14	20226479	A	G	0	0	0	0	0	0	0	0	0	0	0	0.0	0.0
14	20226495	T	C	0	0	0	0	0	0	0	0	0	0	0	0.0	0.0
14	20226528	G	T	0	0	0	0	0	0	0	0	0	0	0	0.0	0.0
14	20226662	G	T	0	0	0	0	0	0	0	0	0	0	0	0.0	0.0
14	20226769	C	A	0	0	0	0	0	0	0	0	0	0	0	0.0	0.0
14	20226778	A	T	0	0	0	0	0	0	0	0	0	0	0	0.0	0.0
14	20227304	G	A	0	0	0	0	0	0	0	0	0	0	0	0.0	0.0
14	20227820	T	C	0	0	0	0	0	0	0	0	0	0	0	0.0	0.0
14	20229206	C	A	0	0	0	0	0	0	0	0	0	0	0	0.0	0.0
14	20229481	C	T	0	0	0	0	0	0	0	0	0	0	0	0.0	0.0
14	20229916	A	T	0	0	0	0	0	0	0	0	0	0	0	0.0	0.0
14	20229929	G	A	0	0	0	0	0	0	0	0	0	0	0	0.0	0.0
14	20230766	G	A	0	0	0	0	0	0	0	0	0	0	0	0.0	0.0
14	20230821	A	G	0	0	0	0	0	0	0	0	0	0	0	0.0	0.0
14	20231914	G	A	0	0	0	0	0	0	0	0	0	0	0	0.0	0.0
14	20232146	A	G	0	0	0	0	0	0	0	0	0	0	0	0.0	0.0
14	20233840	T	C	0	0	0	0	0	0	0	0	0	0	0	0.0	0.0
14	20237650	A	G	0	0	0	0	0	0	0	0	0	0	0	0.0	0.0
14	20238520	C	A	0	0	0	0	0	0	0	0	0	0	0	0.0	0.0
14	20239385	C	T	0	0	0	0	0	0	0	0	0	0	0	0.0	0.0
14	20239479	C	A	0	0	0	0	0	0	0	0	0	0	0	0.0	0.0
14	20239687	C	A	0	0	0	0	0	0	0	0	0	0	0	0.0	0.0
14	20241429	C	A	0	0	0	0	0	0	0	0	0	0	0	0.0	0.0
14	20242582	T	C	0	0	0	0	0	0	0	0	0	0	0	0.0	0.0
14	20242788	C	T	0	0	0	0	0	0	0	0	0	0	0	0.0	0.0
14	20244919	A	G	0	0	0	0	0	0	0	0	0	0	0	0.0	0.0
14	20247780	C	A	0	0	0	0	0	0	0	0	0	0	0	0.0	0.0
14	20248828	C	T	0	0	0	0	0	0	0	0	0	0	0	0.0	0.0
14	20249879	G	C	0	0	0	0	0	0	0	0	0	0	0	0.0	0.0
14	20249968	T	A	0	0	0	0	0	0	0	0	0	0	0	0.0	0.0
14	20251450	G	T	0	0	0	0	0	0	0	0	0	0	0	0.0	0.0
14	20252674	A	G	0	0	0	0	0	0	0	0	0	0	0	0.0	0.0
14	20254984	G	A	0	0	0	0	0	0	0	0	0	0	0	0.0	0.0
14	20256614	G	A	0	0	0	0	0	0	0	0	0	0	0	0.0	0.0
14	20258891	A	G	0	0	0	0	0	0	0	0	0	0	0	0.0	0.0
14	20260433	T	C	0	0	0	0	0	0	0	0	0	0	0	0.0	0.0
14	20261105	T	G	0	0	0	0	0	0	0	0	0	0	0	0.0	0.0
14	20261489	G	A	0	0	0	0	0	0	0	0	0	0	0	0.0	0.0
14	20261982	G	A	0	0	0	0	0	0	0	0	0	0	0	0.0	0.0
14	20264019	C	T	0	0	0	0	0	0	0	0	0	0	0	0.0	0.0
14	20264211	C	T	0	0	0	0	0	0	0	0	0	0	0	0.0	0.0
14	20266386	G	A	0	0	0	0	0	0	0	0	0	0	0	0.0	0.0
14	20266715	G	A	0	0	0	0	0	0	0	0	0	0	0	0.0	0.0
14	20267014	C	T	0	0	0	0	0	0	0	0	0	0	0	0.0	0.0
14	20267491	G	A	0	0	0	0	0	0	0	0	0	0	0	0.0	0.0
14	20268162	C	G	0	0	0	0	0	0	0	0	0	0	0	0.0	0.0
14	20268313	T	G	0	0	0	0	0	0	0	0	0	0	0	0.0	0.0
14	20268888	C	G	0	0	0	0	0	0	0	0	0	0	0	0.0	0.0
14	20272219	T	A	0	0	0	0	0	0	0	0	0	0	0	0.0	0.0
14	20276334	G	A	0	0	0	0	0	0	0	0	0	0	0	0.0	0.0
14	20291410	T	G	0	0	0	0	0	0	0	0	0	0	0	0.0	0.0
14	20300896	C	A	0	0	0	0	0	0	0	0	0	0	0	0.0	0.0
14	20301595	G	T	0	0	0	0	0	0	0	0	0	0	0	0.0	0.0
14	20302379	C	T	0	0	0	0	0	0	0	0	0	0	0	0.0	0.0
14	20302746	G	A	0	0	0	0	0	0	0	0	0	0	0	0.0	0.0
14	20311935	C	T	0	0	0	0	0	0	0	0	0	0	0	0.0	0.0
14	20311981	A	G	0	0	0	0	0	0	0	0	0	0	0	0.0	0.0
14	20312088	A	G	0	0	0	0	0	0	0	0	0	0	0	0.0	0.0
14	20312734	G	A	0	0	0	0	0	0	0	0	0	0	0	0.0	0.0
14	20312847	T	C	0	0	0	0	0	0	0	0	0	0	0	0.0	0.0
14	20313103	C	T	0	0	0	0	0	0	0	0	0	0	0	0.0	0.0
14	20313371	A	C	0	0	0	0	0	0	0	0	0	0	0	0.0	0.0
14	20314561	C	A	0	0	0	0	0	0	0	0	0	0	0	0.0	0.0
14	20314725	T	C	0	0	0	0	0	0	0	0	0	0	0	0.0	0.0
14	20316521	T	G	0	0	0	0	0	0	0	0	0	0	0	0.0	0.0
14	20316839	A	G	0	0	0	0	0	0	0	0	0	0	0	0.0	0.0
14	20316963	T	G	0	0	0	0	0	0	0	0	0	0	0	0.0	0.0
14	20317024	T	G	0	0	0	0	0	0	0	0	0	0	0	0.0	0.0
14	20317747	A	C	0	0	0	0	0	0	0	0	0	0	0	0.0	0.0
14	20317880	C	T	0	0	0	0	0	0	0	0	0	0	0	0.0	0.0
14	20318041	C	T	0	0	0	0	0	0	0	0	0	0	0	0.0	0.0
14	20318112	C	T	0	0	0	0	0	0	0	0	0	0	0	0.0	0.0
14	20319154	T	A	0	0	0	0	0	0	0	0	0	0	0	0.0	0.0
14	20319536	C	T	0	0	0	0	0	0	0	0	0	0	0	0.0	0.0
14	20320913	C	G	0	0	0	0	0	0	0	0	0	0	0	0.0	0.0
14	20321604	T	C	0	0	0	0	0	0	0	0	0	0	0	0.0	0.0
14	20322278	A	G	0	0	0	0	0	0	0	0	0	0	0	0.0	0.0
14	20322341	G	C	0	0	0	0	0	0	0	0	0	0	0	0.0	0.0
14	20323037	A	G	0	0	0	0	0	0	0	0	0	0	0	0.0	0.0
14	20323044	G	A	0	0	0	0	0	0	0	0	0	0	0	0.0	0.0
14	20323308	A	T	0	0	0	0	0	0	0	0	0	0	0	0.0	0.0
14	20323479	G	A	0	0	0	0	0	0	0	0	0	0	0	0.0	0.0
14	20323637	G	C	0	0	0	0	0	0	0	0	0	0	0	0.0	0.0
14	20324972	G	A	0	0	0	0	0	0	0	0	0	0	0	0.0	0.0
14	20325082	T	C	1	0	0	0	0	0	0	1	0	0	1	0.0	1.0
14	20325552	T	A	0	0	0	0	0	0	0	0	0	0	0	0.0	0.0
14	20325731	A	G	0	0	0	0	0	0	0	0	0	0	0	0.0	0.0
14	20325750	G	C	0	0	0	0	0	0	0	0	0	0	0	0.0	0.0
14	20330707	G	A	0	0	0	0	0	0	0	0	0	0	0	0.0	0.0
14	20332091	T	C	0	0	0	0	0	0	0	0	0	0	0	0.0	0.0
14	20332781	A	G	0	0	0	0	0	0	0	0	0	0	0	0.0	0.0
14	20332855	C	T	0	0	0	0	0	0	0	0	0	0	0	0.0	0.0
14	20334886	A	C	0	0	0	0	0	0	0	0	0	0	0	0.0	0.0
14	20334887	A	G	0	0	0	0	0	0	0	0	0	0	0	0.0	0.0
14	20337127	A	G	0	0	0	0	0	0	0	0	0	0	0	0.0	0.0
14	20337392	G	A	0	0	0	0	0	0	0	0	0	0	0	0.0	0.0
14	20341645	A	C	0	0	0	0	0	0	0	0	0	0	0	0.0	0.0
14	20342169	G	A	0	0	0	0	0	0	0	0	0	0	0	0.0	0.0
14	20343557	G	T	0	0	0	0	0	0	0	0	0	0	0	0.0	0.0
14	20345346	A	T	0	0	0	0	0	0	0	0	0	0	0	0.0	0.0
14	20346346	G	A	0	0	0	0	0	0	0	0	0	0	0	0.0	0.0
14	20347432	T	G	0	0	0	0	0	0	0	0	0	0	0	0.0	0.0
14	20349168	C	T	0	0	0	0	0	0	0	0	0	0	0	0.0	0.0
14	20349694	C	T	0	0	0	0	0	0	0	0	0	0	0	0.0	0.0
14	20349812	T	A	0	0	0	0	0	0	0	0	0	0	0	0.0	0.0
14	20350321	A	G	0	0	0	0	0	0	0	0	0	0	0	0.0	0.0
14	20350572	C	T	0	0	0	0	0	0	0	0	0	0	0	0.0	0.0
14	20351049	T	C	0	0	0	0	0	0	0	0	0	0	0	0.0	0.0
14	20351564	C	T	0	0	0	0	0	0	0	0	0	0	0	0.0	0.0
14	20351934	C	A	0	0	0	0	0	0	0	0	0	0	0	0.0	0.0
14	20352732	A	T	0	0	0	0	0	0	0	0	0	0	0	0.0	0.0
14	20353577	T	G	0	0	0	0	0	0	0	0	0	0	0	0.0	0.0
14	20354407	T	C	0	0	0	0	0	0	0	0	0	0	0	0.0	0.0
14	20355978	C	T	0	0	0	0	0	0	0	0	0	0	0	0.0	0.0
14	20356179	A	G	0	0	0	0	0	0	0	0	0	0	0	0.0	0.0
14	20356323	T	A	0	0	0	0	0	0	0	0	0	0	0	0.0	0.0
14	20356684	T	C	0	0	0	0	0	0	0	0	0	0	0	0.0	0.0
14	20356690	A	C	0	0	0	0	0	0	0	0	0	0	0	0.0	0.0
14	20357070	G	C	0	0	0	0	0	0	0	0	0	0	0	0.0	0.0
14	20357233	G	A	0	0	0	0	0	0	0	0	0	0	0	0.0	0.0
14	20357678	T	C	0	0	0	0	0	0	0	0	0	0	0	0.0	0.0
14	20357772	G	A	0	0	0	0	0	0	0	0	0	0	0	0.0	0.0
14	20358280	G	A	0	0	0	0	0	0	0	0	0	0	0	0.0	0.0
14	20359021	T	C	0	0	0	0	0	0	0	0	0	0	0	0.0	0.0
14	20359286	T	G	0	0	0	0	0	0	0	0	0	0	0	0.0	0.0
14	20360054	T	C	0	0	0	0	0	0	0	0	0	0	0	0.0	0.0
14	20363170	G	A	0	0	0	0	0	0	0	0	0	0	0	0.0	0.0
14	20364201	A	G	0	0	0	0	0	0	0	0	0	0	0	0.0	0.0
14	20365853	A	T	0	0	0	0	0	0	0	0	0	0	0	0.0	0.0
14	20366269	C	A	0	0	0	0	0	0	0	0	0	0	0	0.0	0.0
14	20366302	T	C	0	0	0	0	0	0	0	0	0	0	0	0.0	0.0
14	20366315	T	A	0	0	0	0	0	0	0	0	0	0	0	0.0	0.0
14	20366351	A	G	0	0	0	0	0	0	0	0	0	0	0	0.0	0.0
14	20366408	T	C	0	0	0	0	0	0	0	0	0	0	0	0.0	0.0
14	20366922	A	C	0	0	0	0	0	0	0	0	0	0	0	0.0	0.0
14	20367367	T	G	0	0	0	0	0	0	0	0	0	0	0	0.0	0.0
14	20367588	C	T	0	0	0	0	0	0	0	0	0	0	0	0.0	0.0
14	20367611	G	A	0	0	0	0	0	0	0	0	0	0	0	0.0	0.0
14	20369591	C	G	0	0	0	0	0	0	0	0	0	0	0	0.0	0.0
14	20369634	C	A	0	0	0	0	0	0	0	0	0	0	0	0.0	0.0
14	20370166	C	A	0	0	0	0	0	0	0	0	0	0	0	0.0	0.0
14	20370384	A	G	0	0	0	0	0	0	0	0	0	0	0	0.0	0.0
14	20370774	G	T	0	0	0	0	0	0	0	0	0	0	0	0.0	0.0
14	20370962	C	T	0	0	0	0	0	0	0	0	0	0	0	0.0	0.0
14	20371318	G	A	0	0	0	0	0	0	0	0	0	0	0	0.0	0.0
14	20371758	T	C	0	0	0	0	0	0	0	0	0	0	0	0.0	0.0
14	20372048	T	C	0	0	0	0	0	0	0	0	0	0	0	0.0	0.0
14	20372715	A	C	0	0	0	0	0	0	0	0	0	0	0	0.0	0.0
14	20372749	T	A	0	0	0	0	0	0	0	0	0	0	0	0.0	0.0
14	20372755	T	A	0	0	0	0	0	0	0	0	0	0	0	0.0	0.0
14	20373034	G	A	0	0	0	0	0	0	0	0	0	0	0	0.0	0.0
14	20373086	G	A	0	0	0	0	0	0	0	0	0	0	0	0.0	0.0
14	20373718	C	A	0	0	0	0	0	0	0	0	0	0	0	0.0	0.0
14	20375413	G	T	0	0	0	0	0	0	0	0	0	0	0	0.0	0.0
14	20375456	T	G	0	0	0	0	0	0	0	0	0	0	0	0.0	0.0
14	20379034	G	A	0	0	0	0	0	0	0	0	0	0	0	0.0	0.0
14	20379520	T	C	0	0	0	0	0	0	0	0	0	0	0	0.0	0.0
14	20383050	T	C	0	0	0	0	0	0	0	0	0	0	0	0.0	0.0
14	20383755	T	C	0	0	0	0	0	0	0	0	0	0	0	0.0	0.0
14	20385550	G	T	0	0	0	0	0	0	0	0	0	0	0	0.0	0.0
14	20385894	G	A	0	0	0	0	0	0	0	0	0	0	0	0.0	0.0
14	20386925	C	A	0	0	0	0	0	0	0	0	0	0	0	0.0	0.0
14	20387028	G	T	0	0	0	0	0	0	0	0	0	0	0	0.0	0.0
14	20387678	T	C	0	0	0	0	0	0	0	0	0	0	0	0.0	0.0
14	20388264	T	C	0	0	0	0	0	0	0	0	0	0	0	0.0	0.0
14	20390912	C	T	1	0	0	0	0	0	0	1	0	1	0	1.0	0.0
14	20391129	T	C	0	0	0	0	0	0	0	0	0	0	0	0.0	0.0
14	20391582	G	A	0	0	0	0	0	0	0	0	0	0	0	0.0	0.0
14	20394837	G	C	0	0	0	0	0	0	0	0	0	0	0	0.0	0.0
14	20394873	C	T	0	0	0	0	0	0	0	0	0	0	0	0.0	0.0
14	20395102	A	G	0	0	0	0	0	0	0	0	0	0	0	0.0	0.0
14	20395793	G	T	0	0	0	0	0	0	0	0	0	0	0	0.0	0.0
14	20395838	T	C	0	0	0	0	0	0	0	0	0	0	0	0.0	0.0
14	20396568	T	C	0	0	0	0	0	0	0	0	0	0	0	0.0	0.0
14	20396684	A	T	0	0	0	0	0	0	0	0	0	0	0	0.0	0.0
14	20398088	A	C	0	0	0	0	0	0	0	0	0	0	0	0.0	0.0
14	20400226	C	A	0	0	0	0	0	0	0	0	0	0	0	0.0	0.0
14	20400550	G	C	0	0	0	0	0	0	0	0	0	0	0	0.0	0.0
14	20400580	C	T	0	0	0	0	0	0	0	0	0	0	0	0.0	0.0
14	20401656	A	T	0	0	0	0	0	0	0	0	0	0	0	0.0	0.0
14	20401991	A	G	0	0	0	0	0	0	0	0	0	0	0	0.0	0.0
14	20402092	G	A	0	0	0	0	0	0	0	0	0	0	0	0.0	0.0
14	20402293	T	C	0	0	0	0	0	0	0	0	0	0	0	0.0	0.0
14	20403703	T	C	0	0	0	0	0	0	0	0	0	0	0	0.0	0.0
14	20404091	G	A	0	0	0	0	0	0	0	0	0	0	0	0.0	0.0
14	20404614	C	A	0	0	0	0	0	0	0	0	0	0	0	0.0	0.0
14	20404736	G	A	0	0	0	0	0	0	0	0	0	0	0	0.0	0.0
14	20404767	A	G	0	0	0	0	0	0	0	0	0	0	0	0.0	0.0
14	20405055	T	C	0	0	0	0	0	0	0	0	0	0	0	0.0	0.0
14	20405870	C	T	0	0	0	0	0	0	0	0	0	0	0	0.0	0.0
14	20406541	C	A	0	0	0	0	0	0	0	0	0	0	0	0.0	0.0
14	20407000	A	T	0	0	0	0	0	0	0	0	0	0	0	0.0	0.0
14	20407275	T	C	0	0	0	0	0	0	0	0	0	0	0	0.0	0.0
14	20408911	T	G	0	0	0	0	0	0	0	0	0	0	0	0.0	0.0
14	20410648	T	A	0	0	0	0	0	0	0	0	0	0	0	0.0	0.0
14	20410850	G	T	0	0	0	0	0	0	0	0	0	0	0	0.0	0.0
14	20412459	A	G	0	0	0	0	0	0	0	0	0	0	0	0.0	0.0
14	20412460	G	T	0	0	0	0	0	0	0	0	0	0	0	0.0	0.0
14	20412778	T	A	0	0	0	0	0	0	0	0	0	0	0	0.0	0.0
14	20413217	C	T	0	0	0	0	0	0	0	0	0	0	0	0.0	0.0
14	20413692	A	G	0	0	0	0	0	0	0	0	0	0	0	0.0	0.0
14	20413929	C	T	0	0	0	0	0	0	0	0	0	0	0	0.0	0.0
14	20414138	T	A	0	0	0	0	0	0	0	0	0	0	0	0.0	0.0
14	20414407	C	A	0	0	0	0	0	0	0	0	0	0	0	0.0	0.0
14	20414410	T	C	0	0	0	0	0	0	0	0	0	0	0	0.0	0.0
14	20414737	C	T	0	0	0	0	0	0	0	0	0	0	0	0.0	0.0
14	20414792	G	A	0	0	0	0	0	0	0	0	0	0	0	0.0	0.0
14	20414884	G	A	1	0	0	0	0	1	0	0	0	1	0	1.0	0.0
14	20415638	G	A	0	0	0	0	0	0	0	0	0	0	0	0.0	0.0
14	20416150	C	G	0	0	0	0	0	0	0	0	0	0	0	0.0	0.0
14	20416640	T	C	0	0	0	0	0	0	0	0	0	0	0	0.0	0.0
14	20417235	C	T	0	0	0	0	0	0	0	0	0	0	0	0.0	0.0
14	20417488	A	G	0	0	0	0	0	0	0	0	0	0	0	0.0	0.0
14	20417541	T	C	0	0	0	0	0	0	0	0	0	0	0	0.0	0.0
14	20417563	G	C	0	0	0	0	0	0	0	0	0	0	0	0.0	0.0
14	20417588	A	G	0	0	0	0	0	0	0	0	0	0	0	0.0	0.0
14	20417675	A	G	0	0	0	0	0	0	0	0	0	0	0	0.0	0.0
14	20418489	T	C	0	0	0	0	0	0	0	0	0	0	0	0.0	0.0
14	20419241	C	T	0	0	0	0	0	0	0	0	0	0	0	0.0	0.0
14	20419259	T	C	0	0	0	0	0	0	0	0	0	0	0	0.0	0.0
14	20419659	T	A	0	0	0	0	0	0	0	0	0	0	0	0.0	0.0
14	20419661	T	A	0	0	0	0	0	0	0	0	0	0	0	0.0	0.0
14	20419842	G	A	0	0	0	0	0	0	0	0	0	0	0	0.0	0.0
14	20419870	G	T	0	0	0	0	0	0	0	0	0	0	0	0.0	0.0
14	20419967	A	G	0	0	0	0	0	0	0	0	0	0	0	0.0	0.0
14	20420430	C	A	0	0	0	0	0	0	0	0	0	0	0	0.0	0.0
14	20421368	A	G	0	0	0	0	0	0	0	0	0	0	0	0.0	0.0
14	20421596	G	T	0	0	0	0	0	0	0	0	0	0	0	0.0	0.0
14	20421694	C	T	0	0	0	0	0	0	0	0	0	0	0	0.0	0.0
14	20421915	G	A	0	0	0	0	0	0	0	0	0	0	0	0.0	0.0
14	20421935	A	G	0	0	0	0	0	0	0	0	0	0	0	0.0	0.0
14	20421980	C	T	0	0	0	0	0	0	0	0	0	0	0	0.0	0.0
14	20422023	A	G	0	0	0	0	0	0	0	0	0	0	0	0.0	0.0
14	20422583	C	T	0	0	0	0	0	0	0	0	0	0	0	0.0	0.0
14	20422601	A	G	0	0	0	0	0	0	0	0	0	0	0	0.0	0.0
14	20422800	G	A	0	0	0	0	0	0	0	0	0	0	0	0.0	0.0
14	20423173	A	T	0	0	0	0	0	0	0	0	0	0	0	0.0	0.0
14	20423581	G	A	0	0	0	0	0	0	0	0	0	0	0	0.0	0.0
14	20423865	A	C	0	0	0	0	0	0	0	0	0	0	0	0.0	0.0
14	20423904	C	T	0	0	0	0	0	0	0	0	0	0	0	0.0	0.0
14	20424306	C	A	0	0	0	0	0	0	0	0	0	0	0	0.0	0.0
14	20424485	G	C	0	0	0	0	0	0	0	0	0	0	0	0.0	0.0
14	20424507	A	C	0	0	0	0	0	0	0	0	0	0	0	0.0	0.0
14	20425051	T	C	0	0	0	0	0	0	0	0	0	0	0	0.0	0.0
14	20425171	G	A	0	0	0	0	0	0	0	0	0	0	0	0.0	0.0
14	20425180	G	A	0	0	0	0	0	0	0	0	0	0	0	0.0	0.0
14	20425220	A	G	0	0	0	0	0	0	0	0	0	0	0	0.0	0.0
14	20425911	T	A	0	0	0	0	0	0	0	0	0	0	0	0.0	0.0
14	20426398	G	A	0	0	0	0	0	0	0	0	0	0	0	0.0	0.0
14	20426420	T	G	0	0	0	0	0	0	0	0	0	0	0	0.0	0.0
14	20426704	G	A	0	0	0	0	0	0	0	0	0	0	0	0.0	0.0
14	20426742	G	A	0	0	0	0	0	0	0	0	0	0	0	0.0	0.0
14	20427381	C	T	0	0	0	0	0	0	0	0	0	0	0	0.0	0.0
14	20428079	C	A	0	0	0	0	0	0	0	0	0	0	0	0.0	0.0
14	20428098	A	G	0	0	0	0	0	0	0	0	0	0	0	0.0	0.0
14	20428592	A	G	0	0	0	0	0	0	0	0	0	0	0	0.0	0.0
14	20428664	C	A	0	0	0	0	0	0	0	0	0	0	0	0.0	0.0
14	20428832	G	C	0	0	0	0	0	0	0	0	0	0	0	0.0	0.0
14	20428854	T	A	0	0	0	0	0	0	0	0	0	0	0	0.0	0.0
14	20429337	T	G	0	0	0	0	0	0	0	0	0	0	0	0.0	0.0
14	20429537	A	C	0	0	0	0	0	0	0	0	0	0	0	0.0	0.0
14	20430277	G	T	0	0	0	0	0	0	0	0	0	0	0	0.0	0.0
14	20430392	G	A	0	0	0	0	0	0	0	0	0	0	0	0.0	0.0
14	20430701	T	C	0	0	0	0	0	0	0	0	0	0	0	0.0	0.0
14	20430742	G	T	0	0	0	0	0	0	0	0	0	0	0	0.0	0.0
14	20430805	G	A	0	0	0	0	0	0	0	0	0	0	0	0.0	0.0
14	20430835	G	T	0	0	0	0	0	0	0	0	0	0	0	0.0	0.0
14	20432664	A	G	0	0	0	0	0	0	0	0	0	0	0	0.0	0.0
14	20432785	T	C	0	0	0	0	0	0	0	0	0	0	0	0.0	0.0
14	20432786	G	A	0	0	0	0	0	0	0	0	0	0	0	0.0	0.0
14	20432801	G	A	0	0	0	0	0	0	0	0	0	0	0	0.0	0.0
14	20432833	G	A	0	0	0	0	0	0	0	0	0	0	0	0.0	0.0
14	20432878	T	C	0	0	0	0	0	0	0	0	0	0	0	0.0	0.0
14	20432988	T	A	0	0	0	0	0	0	0	0	0	0	0	0.0	0.0
14	20433044	T	A	0	0	0	0	0	0	0	0	0	0	0	0.0	0.0
14	20433141	C	T	0	0	0	0	0	0	0	0	0	0	0	0.0	0.0
14	20433207	C	T	0	0	0	0	0	0	0	0	0	0	0	0.0	0.0
14	20433226	T	C	0	0	0	0	0	0	0	0	0	0	0	0.0	0.0
14	20433227	G	A	0	0	0	0	0	0	0	0	0	0	0	0.0	0.0
14	20433675	A	T	0	0	0	0	0	0	0	0	0	0	0	0.0	0.0
14	20433711	T	G	0	0	0	0	0	0	0	0	0	0	0	0.0	0.0
14	20433957	A	G	0	0	0	0	0	0	0	0	0	0	0	0.0	0.0
14	20434409	T	C	0	0	0	0	0	0	0	0	0	0	0	0.0	0.0
14	20434414	T	C	0	0	0	0	0	0	0	0	0	0	0	0.0	0.0
14	20434688	C	T	0	0	0	0	0	0	0	0	0	0	0	0.0	0.0
14	20434842	G	C	0	0	0	0	0	0	0	0	0	0	0	0.0	0.0
14	20435076	A	T	0	0	0	0	0	0	0	0	0	0	0	0.0	0.0
14	20435246	C	A	0	0	0	0	0	0	0	0	0	0	0	0.0	0.0
14	20435552	C	G	0	0	0	0	0	0	0	0	0	0	0	0.0	0.0
14	20435805	G	A	0	0	0	0	0	0	0	0	0	0	0	0.0	0.0
14	20435809	C	G	0	0	0	0	0	0	0	0	0	0	0	0.0	0.0
14	20436843	A	C	0	0	0	0	0	0	0	0	0	0	0	0.0	0.0
14	20436864	C	A	0	0	0	0	0	0	0	0	0	0	0	0.0	0.0
14	20437568	G	A	0	0	0	0	0	0	0	0	0	0	0	0.0	0.0
14	20437827	G	A	0	0	0	0	0	0	0	0	0	0	0	0.0	0.0
14	20437981	G	A	0	0	0	0	0	0	0	0	0	0	0	0.0	0.0
14	20438079	G	A	0	0	0	0	0	0	0	0	0	0	0	0.0	0.0
14	20438149	G	A	0	0	0	0	0	0	0	0	0	0	0	0.0	0.0
14	20469272	T	A	0	0	0	0	0	0	0	0	0	0	0	0.0	0.0
14	20477452	C	G	0	0	0	0	0	0	0	0	0	0	0	0.0	0.0
14	20477680	G	A	0	0	0	0	0	0	0	0	0	0	0	0.0	0.0
14	20478763	C	T	0	0	0	0	0	0	0	0	0	0	0	0.0	0.0
14	20478934	C	T	0	0	0	0	0	0	0	0	0	0	0	0.0	0.0
14	20480521	C	G	0	0	0	0	0	0	0	0	0	0	0	0.0	0.0
14	20480750	T	C	0	0	0	0	0	0	0	0	0	0	0	0.0	0.0
14	20481873	A	T	0	0	0	0	0	0	0	0	0	0	0	0.0	0.0
14	20482471	C	T	0	0	0	0	0	0	0	0	0	0	0	0.0	0.0
14	20483627	T	C	0	0	0	0	0	0	0	0	0	0	0	0.0	0.0
14	20483644	C	G	0	0	0	0	0	0	0	0	0	0	0	0.0	0.0
14	20483657	T	C	0	0	0	0	0	0	0	0	0	0	0	0.0	0.0
14	20483873	C	T	0	0	0	0	0	0	0	0	0	0	0	0.0	0.0
14	20484740	G	A	0	0	0	0	0	0	0	0	0	0	0	0.0	0.0
14	20485164	A	C	0	0	0	0	0	0	0	0	0	0	0	0.0	0.0
14	20485634	G	A	0	0	0	0	0	0	0	0	0	0	0	0.0	0.0
14	20485721	C	T	0	0	0	0	0	0	0	0	0	0	0	0.0	0.0
14	20485878	A	C	0	0	0	0	0	0	0	0	0	0	0	0.0	0.0
14	20485905	T	A	0	0	0	0	0	0	0	0	0	0	0	0.0	0.0
14	20486424	G	A	0	0	0	0	0	0	0	0	0	0	0	0.0	0.0
14	20486600	A	G	0	0	0	0	0	0	0	0	0	0	0	0.0	0.0
14	20486823	C	T	0	0	0	0	0	0	0	0	0	0	0	0.0	0.0
14	20486846	T	C	0	0	0	0	0	0	0	0	0	0	0	0.0	0.0
14	20487504	T	A	0	0	0	0	0	0	0	0	0	0	0	0.0	0.0
14	20487688	T	C	0	0	0	0	0	0	0	0	0	0	0	0.0	0.0
14	20488307	T	C	0	0	0	0	0	0	0	0	0	0	0	0.0	0.0
14	20488658	C	T	0	0	0	0	0	0	0	0	0	0	0	0.0	0.0
14	20488664	A	G	0	0	0	0	0	0	0	0	0	0	0	0.0	0.0
14	20489363	C	T	0	0	0	0	0	0	0	0	0	0	0	0.0	0.0
14	20489393	C	T	0	0	0	0	0	0	0	0	0	0	0	0.0	0.0
14	20491109	G	A	0	0	0	0	0	0	0	0	0	0	0	0.0	0.0
14	20491115	T	G	0	0	0	0	0	0	0	0	0	0	0	0.0	0.0
14	20491352	T	A	0	0	0	0	0	0	0	0	0	0	0	0.0	0.0
14	20491936	T	C	0	0	0	0	0	0	0	0	0	0	0	0.0	0.0
14	20492492	C	T	0	0	0	0	0	0	0	0	0	0	0	0.0	0.0
14	20492574	G	A	0	0	0	0	0	0	0	0	0	0	0	0.0	0.0
14	20494107	A	T	0	0	0	0	0	0	0	0	0	0	0	0.0	0.0
14	20494475	G	A	0	0	0	0	0	0	0	0	0	0	0	0.0	0.0
14	20494499	T	C	0	0	0	0	0	0	0	0	0	0	0	0.0	0.0
14	20496907	G	A	0	0	0	0	0	0	0	0	0	0	0	0.0	0.0
14	20498506	A	T	0	0	0	0	0	0	0	0	0	0	0	0.0	0.0
14	20498973	A	G	0	0	0	0	0	0	0	0	0	0	0	0.0	0.0
14	20499170	A	T	0	0	0	0	0	0	0	0	0	0	0	0.0	0.0
14	20499988	C	T	0	0	0	0	0	0	0	0	0	0	0	0.0	0.0
14	20500762	T	C	0	0	0	0	0	0	0	0	0	0	0	0.0	0.0
14	20501368	T	C	0	0	0	0	0	0	0	0	0	0	0	0.0	0.0
14	20502921	G	A	0	0	0	0	0	0	0	0	0	0	0	0.0	0.0
14	20504186	T	C	0	0	0	0	0	0	0	0	0	0	0	0.0	0.0
14	20505375	A	T	0	0	0	0	0	0	0	0	0	0	0	0.0	0.0
14	20506682	T	G	0	0	0	0	0	0	0	0	0	0	0	0.0	0.0
14	20508071	G	A	0	0	0	0	0	0	0	0	0	0	0	0.0	0.0
14	20508503	T	A	0	0	0	0	0	0	0	0	0	0	0	0.0	0.0
14	20508851	G	A	0	0	0	0	0	0	0	0	0	0	0	0.0	0.0
14	20509315	A	G	0	0	0	0	0	0	0	0	0	0	0	0.0	0.0
14	20509620	T	A	0	0	0	0	0	0	0	0	0	0	0	0.0	0.0
14	20509666	C	T	0	0	0	0	0	0	0	0	0	0	0	0.0	0.0
14	20509867	T	G	0	0	0	0	0	0	0	0	0	0	0	0.0	0.0
14	20510171	C	A	0	0	0	0	0	0	0	0	0	0	0	0.0	0.0
14	20510919	G	A	0	0	0	0	0	0	0	0	0	0	0	0.0	0.0
14	20511264	G	A	0	0	0	0	0	0	0	0	0	0	0	0.0	0.0
14	20511273	G	C	0	0	0	0	0	0	0	0	0	0	0	0.0	0.0
14	20511673	T	C	0	0	0	0	0	0	0	0	0	0	0	0.0	0.0
14	20512610	A	C	0	0	0	0	0	0	0	0	0	0	0	0.0	0.0
14	20512772	G	T	0	0	0	0	0	0	0	0	0	0	0	0.0	0.0
14	20512825	C	T	0	0	0	0	0	0	0	0	0	0	0	0.0	0.0
14	20512828	G	A	0	0	0	0	0	0	0	0	0	0	0	0.0	0.0
14	20513399	C	T	0	0	0	0	0	0	0	0	0	0	0	0.0	0.0
14	20513775	A	G	0	0	0	0	0	0	0	0	0	0	0	0.0	0.0
14	20513847	G	T	0	0	0	0	0	0	0	0	0	0	0	0.0	0.0
14	20514321	T	C	0	0	0	0	0	0	0	0	0	0	0	0.0	0.0
14	20514384	G	C	0	0	0	0	0	0	0	0	0	0	0	0.0	0.0
14	20514639	G	C	0	0	0	0	0	0	0	0	0	0	0	0.0	0.0
14	20514903	C	T	0	0	0	0	0	0	0	0	0	0	0	0.0	0.0
14	20515294	T	C	0	0	0	0	0	0	0	0	0	0	0	0.0	0.0
14	20515383	C	G	0	0	0	0	0	0	0	0	0	0	0	0.0	0.0
14	20515436	C	T	0	0	0	0	0	0	0	0	0	0	0	0.0	0.0
14	20515598	A	G	0	0	0	0	0	0	0	0	0	0	0	0.0	0.0
14	20515652	A	G	0	0	0	0	0	0	0	0	0	0	0	0.0	0.0
14	20515763	A	T	0	0	0	0	0	0	0	0	0	0	0	0.0	0.0
14	20516132	A	T	0	0	0	0	0	0	0	0	0	0	0	0.0	0.0
14	20516355	C	G	0	0	0	0	0	0	0	0	0	0	0	0.0	0.0
14	20516416	T	C	0	0	0	0	0	0	0	0	0	0	0	0.0	0.0
14	20516422	C	T	0	0	0	0	0	0	0	0	0	0	0	0.0	0.0
14	20517065	T	C	0	0	0	0	0	0	0	0	0	0	0	0.0	0.0
14	20517354	C	T	0	0	0	0	0	0	0	0	0	0	0	0.0	0.0
14	20517369	T	C	0	0	0	0	0	0	0	0	0	0	0	0.0	0.0
14	20517501	T	C	0	0	0	0	0	0	0	0	0	0	0	0.0	0.0
14	20517648	A	G	0	0	0	0	0	0	0	0	0	0	0	0.0	0.0
14	20517670	C	T	0	0	0	0	0	0	0	0	0	0	0	0.0	0.0
14	20517688	C	A	0	0	0	0	0	0	0	0	0	0	0	0.0	0.0
14	20517721	T	A	0	0	0	0	0	0	0	0	0	0	0	0.0	0.0
14	20537391	A	T	0	0	0	0	0	0	0	0	0	0	0	0.0	0.0
14	20564397	A	C	0	0	0	0	0	0	0	0	0	0	0	0.0	0.0
14	20603315	T	A	0	0	0	0	0	0	0	0	0	0	0	0.0	0.0
14	20614639	C	T	0	0	0	0	0	0	0	0	0	0	0	0.0	0.0
14	20629759	G	T	0	0	0	0	0	0	0	0	0	0	0	0.0	0.0
14	20666857	A	C	0	0	0	0	0	0	0	0	0	0	0	0.0	0.0
14	20678809	T	C	0	0	0	0	0	0	0	0	0	0	0	0.0	0.0
14	20680576	T	C	0	0	0	0	0	0	0	0	0	0	0	0.0	0.0
14	20691992	C	A	0	0	0	0	0	0	0	0	0	0	0	0.0	0.0
14	20692353	T	C	0	0	0	0	0	0	0	0	0	0	0	0.0	0.0
14	20694799	C	T	0	0	0	0	0	0	0	0	0	0	0	0.0	0.0
14	20694917	A	T	0	0	0	0	0	0	0	0	0	0	0	0.0	0.0
14	20709815	C	T	0	0	0	0	0	0	0	0	0	0	0	0.0	0.0
14	20710095	A	T	0	0	0	0	0	0	0	0	0	0	0	0.0	0.0
14	20710212	G	A	0	0	0	0	0	0	0	0	0	0	0	0.0	0.0
14	20710215	A	G	0	0	0	0	0	0	0	0	0	0	0	0.0	0.0
14	20710321	G	A	0	0	0	0	0	0	0	0	0	0	0	0.0	0.0
14	20710337	C	T	0	0	0	0	0	0	0	0	0	0	0	0.0	0.0
14	20711852	C	G	0	0	0	0	0	0	0	0	0	0	0	0.0	0.0
14	20713987	T	C	0	0	0	0	0	0	0	0	0	0	0	0.0	0.0
14	20715469	G	C	0	0	0	0	0	0	0	0	0	0	0	0.0	0.0
14	20723446	A	G	0	0	0	0	0	0	0	0	0	0	0	0.0	0.0
14	20731855	C	T	1	0	0	0	0	0	0	1	0	1	0	1.0	0.0
14	20772725	T	C	0	0	0	0	0	0	0	0	0	0	0	0.0	0.0
14	20791225	A	G	0	0	0	0	0	0	0	0	0	0	0	0.0	0.0
14	20847876	T	G	0	0	0	0	0	0	0	0	0	0	0	0.0	0.0
14	20855208	C	T	0	0	0	0	0	0	0	0	0	0	0	0.0	0.0
14	20855290	G	A	0	0	0	0	0	0	0	0	0	0	0	0.0	0.0
14	20855294	T	G	0	0	0	0	0	0	0	0	0	0	0	0.0	0.0
14	20855435	A	G	0	0	0	0	0	0	0	0	0	0	0	0.0	0.0
14	20858174	G	A	0	0	0	0	0	0	0	0	0	0	0	0.0	0.0
14	20859013	G	A	0	0	0	0	0	0	0	0	0	0	0	0.0	0.0
14	20860073	G	A	0	0	0	0	0	0	0	0	0	0	0	0.0	0.0
14	20860990	T	C	0	0	0	0	0	0	0	0	0	0	0	0.0	0.0
14	20861448	A	G	0	0	0	0	0	0	0	0	0	0	0	0.0	0.0
14	20861576	A	G	0	0	0	0	0	0	0	0	0	0	0	0.0	0.0
14	20861859	G	A	0	0	0	0	0	0	0	0	0	0	0	0.0	0.0
14	20863142	G	C	0	0	0	0	0	0	0	0	0	0	0	0.0	0.0
14	20863258	A	G	0	0	0	0	0	0	0	0	0	0	0	0.0	0.0
14	20863677	C	A	0	0	0	0	0	0	0	0	0	0	0	0.0	0.0
14	20865759	C	T	0	0	0	0	0	0	0	0	0	0	0	0.0	0.0
14	20866159	G	A	0	0	0	0	0	0	0	0	0	0	0	0.0	0.0
14	20866691	A	C	0	0	0	0	0	0	0	0	0	0	0	0.0	0.0
14	20868197	C	A	0	0	0	0	0	0	0	0	0	0	0	0.0	0.0
14	20868291	C	T	0	0	0	0	0	0	0	0	0	0	0	0.0	0.0
14	20868412	A	G	0	0	0	0	0	0	0	0	0	0	0	0.0	0.0
14	20868751	G	A	1	0	0	0	0	1	0	0	0	1	0	1.0	0.0
14	20869819	A	T	0	0	0	0	0	0	0	0	0	0	0	0.0	0.0
14	20870519	A	G	0	0	0	0	0	0	0	0	0	0	0	0.0	0.0
14	20871089	A	G	0	0	0	0	0	0	0	0	0	0	0	0.0	0.0
14	20871173	A	G	1	0	0	0	0	1	0	0	0	0	1	0.0	1.0
14	20871645	C	A	0	0	0	0	0	0	0	0	0	0	0	0.0	0.0
14	20871846	A	G	0	0	0	0	0	0	0	0	0	0	0	0.0	0.0
14	20877003	C	A	0	0	0	0	0	0	0	0	0	0	0	0.0	0.0
14	20879421	C	T	0	0	0	0	0	0	0	0	0	0	0	0.0	0.0
14	20879584	A	G	0	0	0	0	0	0	0	0	0	0	0	0.0	0.0
14	20880160	T	C	0	0	0	0	0	0	0	0	0	0	0	0.0	0.0
14	20880328	G	A	0	0	0	0	0	0	0	0	0	0	0	0.0	0.0
14	20880660	C	A	0	0	0	0	0	0	0	0	0	0	0	0.0	0.0
14	20881789	C	A	0	0	0	0	0	0	0	0	0	0	0	0.0	0.0
14	20882591	T	C	0	0	0	0	0	0	0	0	0	0	0	0.0	0.0
14	20883064	C	T	0	0	0	0	0	0	0	0	0	0	0	0.0	0.0
14	20883949	T	C	0	0	0	0	0	0	0	0	0	0	0	0.0	0.0
14	20885441	G	A	0	0	0	0	0	0	0	0	0	0	0	0.0	0.0
14	20888564	T	A	0	0	0	0	0	0	0	0	0	0	0	0.0	0.0
14	20890776	A	G	0	0	0	0	0	0	0	0	0	0	0	0.0	0.0
14	20891549	C	T	0	0	0	0	0	0	0	0	0	0	0	0.0	0.0
14	20892763	C	T	0	0	0	0	0	0	0	0	0	0	0	0.0	0.0
14	20893219	T	G	0	0	0	0	0	0	0	0	0	0	0	0.0	0.0
14	20893369	C	T	0	0	0	0	0	0	0	0	0	0	0	0.0	0.0
14	20893921	G	A	0	0	0	0	0	0	0	0	0	0	0	0.0	0.0
14	20894211	T	A	0	0	0	0	0	0	0	0	0	0	0	0.0	0.0
14	20894333	C	T	0	0	0	0	0	0	0	0	0	0	0	0.0	0.0
14	20894483	A	C	0	0	0	0	0	0	0	0	0	0	0	0.0	0.0
14	20894797	C	T	1	0	0	0	0	0	0	1	0	1	0	1.0	0.0
14	20895078	A	G	0	0	0	0	0	0	0	0	0	0	0	0.0	0.0
14	20895646	T	C	0	0	0	0	0	0	0	0	0	0	0	0.0	0.0
14	20896244	C	T	0	0	0	0	0	0	0	0	0	0	0	0.0	0.0
14	20896245	T	C	0	0	0	0	0	0	0	0	0	0	0	0.0	0.0
14	20896256	A	G	0	0	0	0	0	0	0	0	0	0	0	0.0	0.0
14	20896524	G	A	0	0	0	0	0	0	0	0	0	0	0	0.0	0.0
14	20896828	T	C	0	0	0	0	0	0	0	0	0	0	0	0.0	0.0
14	20897064	C	T	0	0	0	0	0	0	0	0	0	0	0	0.0	0.0
14	20897882	G	A	0	0	0	0	0	0	0	0	0	0	0	0.0	0.0
14	20898917	A	G	0	0	0	0	0	0	0	0	0	0	0	0.0	0.0
14	20899176	C	T	0	0	0	0	0	0	0	0	0	0	0	0.0	0.0
14	20900810	G	T	0	0	0	0	0	0	0	0	0	0	0	0.0	0.0
14	20901621	A	G	1	0	0	0	0	1	0	0	0	0	1	0.0	1.0
14	20901956	A	G	0	0	0	0	0	0	0	0	0	0	0	0.0	0.0
14	20902160	G	C	1	0	0	0	0	0	1	0	0	1	0	1.0	0.0
14	20902486	A	G	0	0	0	0	0	0	0	0	0	0	0	0.0	0.0
14	20902610	C	G	0	0	0	0	0	0	0	0	0	0	0	0.0	0.0
14	20902615	A	G	0	0	0	0	0	0	0	0	0	0	0	0.0	0.0
14	20903906	C	T	0	0	0	0	0	0	0	0	0	0	0	0.0	0.0
14	20904467	T	C	0	0	0	0	0	0	0	0	0	0	0	0.0	0.0
14	20904498	A	G	0	0	0	0	0	0	0	0	0	0	0	0.0	0.0
14	20905141	T	C	0	0	0	0	0	0	0	0	0	0	0	0.0	0.0
14	20905250	G	A	0	0	0	0	0	0	0	0	0	0	0	0.0	0.0
14	20905515	A	G	0	0	0	0	0	0	0	0	0	0	0	0.0	0.0
14	20906651	C	A	0	0	0	0	0	0	0	0	0	0	0	0.0	0.0
14	20907438	A	G	0	0	0	0	0	0	0	0	0	0	0	0.0	0.0
14	20907439	C	T	0	0	0	0	0	0	0	0	0	0	0	0.0	0.0
14	20907464	G	T	0	0	0	0	0	0	0	0	0	0	0	0.0	0.0
14	20907554	A	T	0	0	0	0	0	0	0	0	0	0	0	0.0	0.0
14	20907650	A	G	0	0	0	0	0	0	0	0	0	0	0	0.0	0.0
14	20907666	C	T	0	0	0	0	0	0	0	0	0	0	0	0.0	0.0
14	20907775	A	G	0	0	0	0	0	0	0	0	0	0	0	0.0	0.0
14	20907776	T	C	0	0	0	0	0	0	0	0	0	0	0	0.0	0.0
14	20908286	C	T	0	0	0	0	0	0	0	0	0	0	0	0.0	0.0
14	20908346	A	G	0	0	0	0	0	0	0	0	0	0	0	0.0	0.0
14	20908353	A	G	0	0	0	0	0	0	0	0	0	0	0	0.0	0.0
14	20908503	A	G	0	0	0	0	0	0	0	0	0	0	0	0.0	0.0
14	20908660	C	G	0	0	0	0	0	0	0	0	0	0	0	0.0	0.0
14	20908724	A	G	0	0	0	0	0	0	0	0	0	0	0	0.0	0.0
14	20908741	T	C	0	0	0	0	0	0	0	0	0	0	0	0.0	0.0
14	20909019	T	C	0	0	0	0	0	0	0	0	0	0	0	0.0	0.0
14	20909472	C	T	0	0	0	0	0	0	0	0	0	0	0	0.0	0.0
14	20909564	T	C	0	0	0	0	0	0	0	0	0	0	0	0.0	0.0
14	20909877	G	T	0	0	0	0	0	0	0	0	0	0	0	0.0	0.0
14	20910232	G	T	0	0	0	0	0	0	0	0	0	0	0	0.0	0.0
14	20910408	C	T	0	0	0	0	0	0	0	0	0	0	0	0.0	0.0
14	20911822	G	A	0	0	0	0	0	0	0	0	0	0	0	0.0	0.0
14	20911829	G	A	0	0	0	0	0	0	0	0	0	0	0	0.0	0.0
14	20913059	G	A	0	0	0	0	0	0	0	0	0	0	0	0.0	0.0
14	20913292	G	C	0	0	0	0	0	0	0	0	0	0	0	0.0	0.0
14	20913523	G	A	0	0	0	0	0	0	0	0	0	0	0	0.0	0.0
14	20913707	G	C	0	0	0	0	0	0	0	0	0	0	0	0.0	0.0
14	20913996	C	T	0	0	0	0	0	0	0	0	0	0	0	0.0	0.0
14	20914140	C	A	0	0	0	0	0	0	0	0	0	0	0	0.0	0.0
14	20914149	G	C	0	0	0	0	0	0	0	0	0	0	0	0.0	0.0
14	20921053	G	A	0	0	0	0	0	0	0	0	0	0	0	0.0	0.0
14	20923416	C	T	0	0	0	0	0	0	0	0	0	0	0	0.0	0.0
14	20925154	T	G	0	0	0	0	0	0	0	0	0	0	0	0.0	0.0
14	20927267	C	T	0	0	0	0	0	0	0	0	0	0	0	0.0	0.0
14	20928359	C	A	0	0	0	0	0	0	0	0	0	0	0	0.0	0.0
14	20930038	A	C	0	0	0	0	0	0	0	0	0	0	0	0.0	0.0
14	20932110	C	G	0	0	0	0	0	0	0	0	0	0	0	0.0	0.0
14	20933218	T	C	0	0	0	0	0	0	0	0	0	0	0	0.0	0.0
14	20933615	A	G	0	0	0	0	0	0	0	0	0	0	0	0.0	0.0
14	20933715	G	C	0	0	0	0	0	0	0	0	0	0	0	0.0	0.0
14	20933806	C	G	0	0	0	0	0	0	0	0	0	0	0	0.0	0.0
14	20934321	A	C	0	0	0	0	0	0	0	0	0	0	0	0.0	0.0
14	20934661	T	G	0	0	0	0	0	0	0	0	0	0	0	0.0	0.0
14	20936077	A	G	0	0	0	0	0	0	0	0	0	0	0	0.0	0.0
14	20936151	A	T	0	0	0	0	0	0	0	0	0	0	0	0.0	0.0
14	20944427	G	A	0	0	0	0	0	0	0	0	0	0	0	0.0	0.0
14	20945014	C	T	0	0	0	0	0	0	0	0	0	0	0	0.0	0.0
14	20947268	T	G	0	0	0	0	0	0	0	0	0	0	0	0.0	0.0
14	20950900	T	G	0	0	0	0	0	0	0	0	0	0	0	0.0	0.0
14	20953359	C	G	1	0	0	0	0	0	1	0	0	0	1	0.0	1.0
14	20954356	C	T	0	0	0	0	0	0	0	0	0	0	0	0.0	0.0
14	20954429	C	T	0	0	0	0	0	0	0	0	0	0	0	0.0	0.0
14	20959422	T	C	0	0	0	0	0	0	0	0	0	0	0	0.0	0.0
14	20959456	A	G	0	0	0	0	0	0	0	0	0	0	0	0.0	0.0
14	20959767	C	T	0	0	0	0	0	0	0	0	0	0	0	0.0	0.0
14	20962694	G	A	0	0	0	0	0	0	0	0	0	0	0	0.0	0.0
14	20962995	T	C	0	0	0	0	0	0	0	0	0	0	0	0.0	0.0
14	20967644	T	C	0	0	0	0	0	0	0	0	0	0	0	0.0	0.0
14	20968674	G	A	0	0	0	0	0	0	0	0	0	0	0	0.0	0.0
14	20969733	A	G	0	0	0	0	0	0	0	0	0	0	0	0.0	0.0
14	20970693	G	T	0	0	0	0	0	0	0	0	0	0	0	0.0	0.0
14	20971407	G	C	0	0	0	0	0	0	0	0	0	0	0	0.0	0.0
14	20971442	C	T	0	0	0	0	0	0	0	0	0	0	0	0.0	0.0
14	20971784	A	G	0	0	0	0	0	0	0	0	0	0	0	0.0	0.0
14	20972840	C	A	0	0	0	0	0	0	0	0	0	0	0	0.0	0.0
14	20972963	T	A	0	0	0	0	0	0	0	0	0	0	0	0.0	0.0
14	20975794	T	A	0	0	0	0	0	0	0	0	0	0	0	0.0	0.0
14	20978019	C	T	0	0	0	0	0	0	0	0	0	0	0	0.0	0.0
14	20980143	C	T	0	0	0	0	0	0	0	0	0	0	0	0.0	0.0
14	20980797	C	T	0	0	0	0	0	0	0	0	0	0	0	0.0	0.0
14	20981337	G	T	0	0	0	0	0	0	0	0	0	0	0	0.0	0.0
14	20981368	T	C	0	0	0	0	0	0	0	0	0	0	0	0.0	0.0
14	20982580	T	A	0	0	0	0	0	0	0	0	0	0	0	0.0	0.0
14	20983113	C	T	0	0	0	0	0	0	0	0	0	0	0	0.0	0.0
14	20984031	C	T	0	0	0	0	0	0	0	0	0	0	0	0.0	0.0
14	20985940	A	T	0	0	0	0	0	0	0	0	0	0	0	0.0	0.0
14	20986463	G	A	0	0	0	0	0	0	0	0	0	0	0	0.0	0.0
14	20986526	T	C	0	0	0	0	0	0	0	0	0	0	0	0.0	0.0
14	20987407	C	T	0	0	0	0	0	0	0	0	0	0	0	0.0	0.0
14	20987966	G	T	0	0	0	0	0	0	0	0	0	0	0	0.0	0.0
14	20992484	C	T	0	0	0	0	0	0	0	0	0	0	0	0.0	0.0
14	20992887	A	G	0	0	0	0	0	0	0	0	0	0	0	0.0	0.0
14	20993320	C	A	0	0	0	0	0	0	0	0	0	0	0	0.0	0.0
14	20996814	C	G	0	0	0	0	0	0	0	0	0	0	0	0.0	0.0
14	20997221	C	T	0	0	0	0	0	0	0	0	0	0	0	0.0	0.0
14	20998596	T	A	0	0	0	0	0	0	0	0	0	0	0	0.0	0.0
14	21000118	T	A	0	0	0	0	0	0	0	0	0	0	0	0.0	0.0
14	21000198	A	G	0	0	0	0	0	0	0	0	0	0	0	0.0	0.0
14	21002347	A	T	0	0	0	0	0	0	0	0	0	0	0	0.0	0.0
14	21002874	C	T	0	0	0	0	0	0	0	0	0	0	0	0.0	0.0
14	21004037	A	G	0	0	0	0	0	0	0	0	0	0	0	0.0	0.0
14	21004578	T	C	0	0	0	0	0	0	0	0	0	0	0	0.0	0.0
14	21006701	C	T	0	0	0	0	0	0	0	0	0	0	0	0.0	0.0
14	21006704	G	T	0	0	0	0	0	0	0	0	0	0	0	0.0	0.0
14	21006752	T	C	0	0	0	0	0	0	0	0	0	0	0	0.0	0.0
14	21007157	A	C	0	0	0	0	0	0	0	0	0	0	0	0.0	0.0
14	21007648	T	C	0	0	0	0	0	0	0	0	0	0	0	0.0	0.0
14	21007740	T	C	0	0	0	0	0	0	0	0	0	0	0	0.0	0.0
14	21008574	T	C	0	0	0	0	0	0	0	0	0	0	0	0.0	0.0
14	21009009	G	A	0	0	0	0	0	0	0	0	0	0	0	0.0	0.0
14	21009015	G	A	0	0	0	0	0	0	0	0	0	0	0	0.0	0.0
14	21010151	G	A	0	0	0	0	0	0	0	0	0	0	0	0.0	0.0
14	21011371	T	C	0	0	0	0	0	0	0	0	0	0	0	0.0	0.0
14	21011623	A	T	0	0	0	0	0	0	0	0	0	0	0	0.0	0.0
14	21012633	C	T	0	0	0	0	0	0	0	0	0	0	0	0.0	0.0
14	21012674	G	A	0	0	0	0	0	0	0	0	0	0	0	0.0	0.0
14	21012759	A	G	0	0	0	0	0	0	0	0	0	0	0	0.0	0.0
14	21013716	C	T	0	0	0	0	0	0	0	0	0	0	0	0.0	0.0
14	21013765	T	A	0	0	0	0	0	0	0	0	0	0	0	0.0	0.0
14	21013883	A	G	0	0	0	0	0	0	0	0	0	0	0	0.0	0.0
14	21026292	A	G	0	0	0	0	0	0	0	0	0	0	0	0.0	0.0
14	21026302	A	G	0	0	0	0	0	0	0	0	0	0	0	0.0	0.0
14	21026335	T	C	0	0	0	0	0	0	0	0	0	0	0	0.0	0.0
14	21026773	C	T	0	0	0	0	0	0	0	0	0	0	0	0.0	0.0
14	21027194	G	C	0	0	0	0	0	0	0	0	0	0	0	0.0	0.0
14	21027394	A	C	0	0	0	0	0	0	0	0	0	0	0	0.0	0.0
14	21027895	T	C	0	0	0	0	0	0	0	0	0	0	0	0.0	0.0
14	21031740	G	C	0	0	0	0	0	0	0	0	0	0	0	0.0	0.0
14	21035000	A	G	0	0	0	0	0	0	0	0	0	0	0	0.0	0.0
14	21036284	T	C	0	0	0	0	0	0	0	0	0	0	0	0.0	0.0
14	21042217	T	G	0	0	0	0	0	0	0	0	0	0	0	0.0	0.0
14	21042574	T	C	0	0	0	0	0	0	0	0	0	0	0	0.0	0.0
14	21043283	C	T	0	0	0	0	0	0	0	0	0	0	0	0.0	0.0
14	21043894	T	C	0	0	0	0	0	0	0	0	0	0	0	0.0	0.0
14	21044363	G	A	0	0	0	0	0	0	0	0	0	0	0	0.0	0.0
14	21044376	A	G	0	0	0	0	0	0	0	0	0	0	0	0.0	0.0
14	21044418	T	A	0	0	0	0	0	0	0	0	0	0	0	0.0	0.0
14	21044492	C	T	0	0	0	0	0	0	0	0	0	0	0	0.0	0.0
14	21044493	G	T	0	0	0	0	0	0	0	0	0	0	0	0.0	0.0
14	21045060	T	C	0	0	0	0	0	0	0	0	0	0	0	0.0	0.0
14	21045091	T	C	0	0	0	0	0	0	0	0	0	0	0	0.0	0.0
14	21045133	C	T	0	0	0	0	0	0	0	0	0	0	0	0.0	0.0
14	21045147	C	T	0	0	0	0	0	0	0	0	0	0	0	0.0	0.0
14	21045280	T	C	0	0	0	0	0	0	0	0	0	0	0	0.0	0.0
14	21045675	G	A	0	0	0	0	0	0	0	0	0	0	0	0.0	0.0
14	21045856	C	T	0	0	0	0	0	0	0	0	0	0	0	0.0	0.0
14	21045985	G	T	0	0	0	0	0	0	0	0	0	0	0	0.0	0.0
14	21046363	G	A	0	0	0	0	0	0	0	0	0	0	0	0.0	0.0
14	21049533	C	T	0	0	0	0	0	0	0	0	0	0	0	0.0	0.0
14	21050114	G	A	0	0	0	0	0	0	0	0	0	0	0	0.0	0.0
14	21050409	T	G	0	0	0	0	0	0	0	0	0	0	0	0.0	0.0
14	21050921	T	C	0	0	0	0	0	0	0	0	0	0	0	0.0	0.0
14	21051027	A	T	0	0	0	0	0	0	0	0	0	0	0	0.0	0.0
14	21051304	T	C	1	0	0	1	0	0	0	0	0	1	0	1.0	0.0
14	21051447	G	A	0	0	0	0	0	0	0	0	0	0	0	0.0	0.0
14	21052259	T	C	0	0	0	0	0	0	0	0	0	0	0	0.0	0.0
14	21053261	T	C	0	0	0	0	0	0	0	0	0	0	0	0.0	0.0
14	21053322	A	G	0	0	0	0	0	0	0	0	0	0	0	0.0	0.0
14	21056232	A	G	0	0	0	0	0	0	0	0	0	0	0	0.0	0.0
14	21056545	A	C	0	0	0	0	0	0	0	0	0	0	0	0.0	0.0
14	21056563	G	A	0	0	0	0	0	0	0	0	0	0	0	0.0	0.0
14	21057553	T	C	0	0	0	0	0	0	0	0	0	0	0	0.0	0.0
14	21057951	A	C	0	0	0	0	0	0	0	0	0	0	0	0.0	0.0
14	21058322	T	C	0	0	0	0	0	0	0	0	0	0	0	0.0	0.0
14	21058337	C	T	0	0	0	0	0	0	0	0	0	0	0	0.0	0.0
14	21059161	T	A	0	0	0	0	0	0	0	0	0	0	0	0.0	0.0
14	21059722	T	G	0	0	0	0	0	0	0	0	0	0	0	0.0	0.0
14	21061074	A	G	0	0	0	0	0	0	0	0	0	0	0	0.0	0.0
14	21061956	C	T	0	0	0	0	0	0	0	0	0	0	0	0.0	0.0
14	21062224	T	C	0	0	0	0	0	0	0	0	0	0	0	0.0	0.0
14	21063626	G	A	0	0	0	0	0	0	0	0	0	0	0	0.0	0.0
14	21063683	C	A	0	0	0	0	0	0	0	0	0	0	0	0.0	0.0
14	21063924	C	T	0	0	0	0	0	0	0	0	0	0	0	0.0	0.0
14	21065702	T	C	0	0	0	0	0	0	0	0	0	0	0	0.0	0.0
14	21065729	A	G	0	0	0	0	0	0	0	0	0	0	0	0.0	0.0
14	21065976	C	T	0	0	0	0	0	0	0	0	0	0	0	0.0	0.0
14	21068103	A	C	0	0	0	0	0	0	0	0	0	0	0	0.0	0.0
14	21068724	C	T	0	0	0	0	0	0	0	0	0	0	0	0.0	0.0
14	21068725	T	G	0	0	0	0	0	0	0	0	0	0	0	0.0	0.0
14	21069249	T	C	0	0	0	0	0	0	0	0	0	0	0	0.0	0.0
14	21070123	A	C	0	0	0	0	0	0	0	0	0	0	0	0.0	0.0
14	21070379	T	C	0	0	0	0	0	0	0	0	0	0	0	0.0	0.0
14	21070769	T	C	0	0	0	0	0	0	0	0	0	0	0	0.0	0.0
14	21071714	A	G	0	0	0	0	0	0	0	0	0	0	0	0.0	0.0
14	21072704	G	A	0	0	0	0	0	0	0	0	0	0	0	0.0	0.0
14	21072984	G	A	0	0	0	0	0	0	0	0	0	0	0	0.0	0.0
14	21073696	G	A	0	0	0	0	0	0	0	0	0	0	0	0.0	0.0
14	21074397	G	A	0	0	0	0	0	0	0	0	0	0	0	0.0	0.0
14	21074427	C	A	0	0	0	0	0	0	0	0	0	0	0	0.0	0.0
14	21075107	T	C	0	0	0	0	0	0	0	0	0	0	0	0.0	0.0
14	21075139	A	T	0	0	0	0	0	0	0	0	0	0	0	0.0	0.0
14	21075330	T	G	0	0	0	0	0	0	0	0	0	0	0	0.0	0.0
14	21078452	A	T	0	0	0	0	0	0	0	0	0	0	0	0.0	0.0
14	21081996	C	T	0	0	0	0	0	0	0	0	0	0	0	0.0	0.0
14	21082624	C	T	0	0	0	0	0	0	0	0	0	0	0	0.0	0.0
14	21085966	T	C	2	0	0	2	0	0	0	0	0	2	0	1.0	0.0
14	21089910	C	T	0	0	0	0	0	0	0	0	0	0	0	0.0	0.0
14	21090887	G	C	0	0	0	0	0	0	0	0	0	0	0	0.0	0.0
14	21090899	C	T	0	0	0	0	0	0	0	0	0	0	0	0.0	0.0
14	21091127	T	G	0	0	0	0	0	0	0	0	0	0	0	0.0	0.0
14	21093456	A	G	0	0	0	0	0	0	0	0	0	0	0	0.0	0.0
14	21095963	A	G	0	0	0	0	0	0	0	0	0	0	0	0.0	0.0
14	21095988	T	A	0	0	0	0	0	0	0	0	0	0	0	0.0	0.0
14	21096062	A	G	0	0	0	0	0	0	0	0	0	0	0	0.0	0.0
14	21096070	A	G	0	0	0	0	0	0	0	0	0	0	0	0.0	0.0
14	21096376	T	C	0	0	0	0	0	0	0	0	0	0	0	0.0	0.0
14	21096534	A	C	0	0	0	0	0	0	0	0	0	0	0	0.0	0.0
14	21096920	C	T	0	0	0	0	0	0	0	0	0	0	0	0.0	0.0
14	21098666	G	A	0	0	0	0	0	0	0	0	0	0	0	0.0	0.0
14	21098963	G	A	0	0	0	0	0	0	0	0	0	0	0	0.0	0.0
14	21098976	G	A	0	0	0	0	0	0	0	0	0	0	0	0.0	0.0
14	21099291	T	C	0	0	0	0	0	0	0	0	0	0	0	0.0	0.0
14	21099313	C	T	0	0	0	0	0	0	0	0	0	0	0	0.0	0.0
14	21099368	C	T	0	0	0	0	0	0	0	0	0	0	0	0.0	0.0
14	21099400	G	A	0	0	0	0	0	0	0	0	0	0	0	0.0	0.0
14	21100102	C	G	0	0	0	0	0	0	0	0	0	0	0	0.0	0.0
14	21100338	G	A	0	0	0	0	0	0	0	0	0	0	0	0.0	0.0
14	21100401	T	C	0	0	0	0	0	0	0	0	0	0	0	0.0	0.0
14	21100613	G	A	0	0	0	0	0	0	0	0	0	0	0	0.0	0.0
14	21100976	G	A	0	0	0	0	0	0	0	0	0	0	0	0.0	0.0
14	21100986	C	T	0	0	0	0	0	0	0	0	0	0	0	0.0	0.0
14	21101098	T	C	0	0	0	0	0	0	0	0	0	0	0	0.0	0.0
14	21101155	C	T	0	0	0	0	0	0	0	0	0	0	0	0.0	0.0
14	21101333	A	T	0	0	0	0	0	0	0	0	0	0	0	0.0	0.0
14	21101349	G	A	0	0	0	0	0	0	0	0	0	0	0	0.0	0.0
14	21101381	C	T	0	0	0	0	0	0	0	0	0	0	0	0.0	0.0
14	21101457	C	A	0	0	0	0	0	0	0	0	0	0	0	0.0	0.0
14	21101580	C	G	0	0	0	0	0	0	0	0	0	0	0	0.0	0.0
14	21101630	C	T	0	0	0	0	0	0	0	0	0	0	0	0.0	0.0
14	21102347	C	T	0	0	0	0	0	0	0	0	0	0	0	0.0	0.0
14	21102422	A	G	0	0	0	0	0	0	0	0	0	0	0	0.0	0.0
14	21102432	G	A	0	0	0	0	0	0	0	0	0	0	0	0.0	0.0
14	21102627	G	A	0	0	0	0	0	0	0	0	0	0	0	0.0	0.0
14	21103421	G	A	0	0	0	0	0	0	0	0	0	0	0	0.0	0.0
14	21104371	A	G	0	0	0	0	0	0	0	0	0	0	0	0.0	0.0
14	21104610	C	T	0	0	0	0	0	0	0	0	0	0	0	0.0	0.0
14	21104715	A	G	1	1	0	0	0	0	0	0	0	1	0	1.0	0.0
14	21104892	T	C	0	0	0	0	0	0	0	0	0	0	0	0.0	0.0
14	21105249	A	G	0	0	0	0	0	0	0	0	0	0	0	0.0	0.0
14	21105857	A	T	0	0	0	0	0	0	0	0	0	0	0	0.0	0.0
14	21106138	G	A	0	0	0	0	0	0	0	0	0	0	0	0.0	0.0
14	21106158	A	G	0	0	0	0	0	0	0	0	0	0	0	0.0	0.0
14	21106201	A	G	0	0	0	0	0	0	0	0	0	0	0	0.0	0.0
14	21106391	A	G	1	1	0	0	0	0	0	0	0	1	0	1.0	0.0
14	21106527	G	A	0	0	0	0	0	0	0	0	0	0	0	0.0	0.0
14	21106731	C	T	1	0	0	0	1	0	0	0	0	0	1	0.0	1.0
14	21106863	T	C	0	0	0	0	0	0	0	0	0	0	0	0.0	0.0
14	21106959	C	A	0	0	0	0	0	0	0	0	0	0	0	0.0	0.0
14	21106987	C	T	0	0	0	0	0	0	0	0	0	0	0	0.0	0.0
14	21107324	C	T	0	0	0	0	0	0	0	0	0	0	0	0.0	0.0
14	21107442	G	A	0	0	0	0	0	0	0	0	0	0	0	0.0	0.0
14	21107471	A	T	0	0	0	0	0	0	0	0	0	0	0	0.0	0.0
14	21108064	T	C	0	0	0	0	0	0	0	0	0	0	0	0.0	0.0
14	21108097	C	T	0	0	0	0	0	0	0	0	0	0	0	0.0	0.0
14	21108297	C	T	0	0	0	0	0	0	0	0	0	0	0	0.0	0.0
14	21108431	G	A	0	0	0	0	0	0	0	0	0	0	0	0.0	0.0
14	21108449	G	A	0	0	0	0	0	0	0	0	0	0	0	0.0	0.0
14	21108457	G	A	0	0	0	0	0	0	0	0	0	0	0	0.0	0.0
14	21108621	C	T	0	0	0	0	0	0	0	0	0	0	0	0.0	0.0
14	21108748	G	A	0	0	0	0	0	0	0	0	0	0	0	0.0	0.0
14	21108749	C	T	0	0	0	0	0	0	0	0	0	0	0	0.0	0.0
14	21109141	C	T	0	0	0	0	0	0	0	0	0	0	0	0.0	0.0
14	21109278	A	T	0	0	0	0	0	0	0	0	0	0	0	0.0	0.0
14	21109385	C	T	0	0	0	0	0	0	0	0	0	0	0	0.0	0.0
14	21109671	A	G	0	0	0	0	0	0	0	0	0	0	0	0.0	0.0
14	21109726	G	A	0	0	0	0	0	0	0	0	0	0	0	0.0	0.0
14	21109859	T	C	0	0	0	0	0	0	0	0	0	0	0	0.0	0.0
14	21110026	A	G	0	0	0	0	0	0	0	0	0	0	0	0.0	0.0
14	21110508	G	C	0	0	0	0	0	0	0	0	0	0	0	0.0	0.0
14	21111042	A	G	0	0	0	0	0	0	0	0	0	0	0	0.0	0.0
14	21111373	C	A	0	0	0	0	0	0	0	0	0	0	0	0.0	0.0
14	21111594	A	G	0	0	0	0	0	0	0	0	0	0	0	0.0	0.0
14	21111799	G	T	0	0	0	0	0	0	0	0	0	0	0	0.0	0.0
14	21111883	G	C	0	0	0	0	0	0	0	0	0	0	0	0.0	0.0
14	21111988	G	A	0	0	0	0	0	0	0	0	0	0	0	0.0	0.0
14	21112065	A	G	0	0	0	0	0	0	0	0	0	0	0	0.0	0.0
14	21112070	C	T	0	0	0	0	0	0	0	0	0	0	0	0.0	0.0
14	21112232	G	A	0	0	0	0	0	0	0	0	0	0	0	0.0	0.0
14	21112260	G	A	0	0	0	0	0	0	0	0	0	0	0	0.0	0.0
14	21112612	T	A	0	0	0	0	0	0	0	0	0	0	0	0.0	0.0
14	21112660	G	C	0	0	0	0	0	0	0	0	0	0	0	0.0	0.0
14	21112721	A	C	0	0	0	0	0	0	0	0	0	0	0	0.0	0.0
14	21113817	G	A	0	0	0	0	0	0	0	0	0	0	0	0.0	0.0
14	21113898	C	T	0	0	0	0	0	0	0	0	0	0	0	0.0	0.0
14	21113994	T	A	0	0	0	0	0	0	0	0	0	0	0	0.0	0.0
14	21114194	G	T	0	0	0	0	0	0	0	0	0	0	0	0.0	0.0
14	21114258	G	A	0	0	0	0	0	0	0	0	0	0	0	0.0	0.0
14	21114562	A	G	0	0	0	0	0	0	0	0	0	0	0	0.0	0.0
14	21114743	T	C	0	0	0	0	0	0	0	0	0	0	0	0.0	0.0
14	21118543	G	A	0	0	0	0	0	0	0	0	0	0	0	0.0	0.0
14	21121716	C	A	0	0	0	0	0	0	0	0	0	0	0	0.0	0.0
14	21121793	T	C	0	0	0	0	0	0	0	0	0	0	0	0.0	0.0
14	21124447	C	T	0	0	0	0	0	0	0	0	0	0	0	0.0	0.0
14	21125034	C	T	0	0	0	0	0	0	0	0	0	0	0	0.0	0.0
14	21125838	G	A	0	0	0	0	0	0	0	0	0	0	0	0.0	0.0
14	21126406	T	C	0	0	0	0	0	0	0	0	0	0	0	0.0	0.0
14	21126571	C	T	0	0	0	0	0	0	0	0	0	0	0	0.0	0.0
14	21128050	G	C	0	0	0	0	0	0	0	0	0	0	0	0.0	0.0
14	21132920	A	G	0	0	0	0	0	0	0	0	0	0	0	0.0	0.0
14	21141001	A	G	0	0	0	0	0	0	0	0	0	0	0	0.0	0.0
14	21141534	A	G	0	0	0	0	0	0	0	0	0	0	0	0.0	0.0
14	21141722	G	A	0	0	0	0	0	0	0	0	0	0	0	0.0	0.0
14	21141878	A	G	0	0	0	0	0	0	0	0	0	0	0	0.0	0.0
14	21142463	T	C	0	0	0	0	0	0	0	0	0	0	0	0.0	0.0
14	21142470	G	A	0	0	0	0	0	0	0	0	0	0	0	0.0	0.0
14	21142479	C	T	0	0	0	0	0	0	0	0	0	0	0	0.0	0.0
14	21144042	A	T	0	0	0	0	0	0	0	0	0	0	0	0.0	0.0
14	21144132	C	G	0	0	0	0	0	0	0	0	0	0	0	0.0	0.0
14	21146584	C	T	0	0	0	0	0	0	0	0	0	0	0	0.0	0.0
14	21147845	A	G	0	0	0	0	0	0	0	0	0	0	0	0.0	0.0
14	21148319	C	A	0	0	0	0	0	0	0	0	0	0	0	0.0	0.0
14	21148700	G	C	0	0	0	0	0	0	0	0	0	0	0	0.0	0.0
14	21149674	G	A	0	0	0	0	0	0	0	0	0	0	0	0.0	0.0
14	21149785	A	C	0	0	0	0	0	0	0	0	0	0	0	0.0	0.0
14	21149930	T	C	0	0	0	0	0	0	0	0	0	0	0	0.0	0.0
14	21150108	G	A	0	0	0	0	0	0	0	0	0	0	0	0.0	0.0
14	21150595	G	A	0	0	0	0	0	0	0	0	0	0	0	0.0	0.0
14	21151483	T	G	0	0	0	0	0	0	0	0	0	0	0	0.0	0.0
14	21152167	G	C	0	0	0	0	0	0	0	0	0	0	0	0.0	0.0
14	21153299	A	C	0	0	0	0	0	0	0	0	0	0	0	0.0	0.0
14	21153616	G	A	0	0	0	0	0	0	0	0	0	0	0	0.0	0.0
14	21153623	G	A	0	0	0	0	0	0	0	0	0	0	0	0.0	0.0
14	21153788	A	C	0	0	0	0	0	0	0	0	0	0	0	0.0	0.0
14	21154080	C	T	0	0	0	0	0	0	0	0	0	0	0	0.0	0.0
14	21154114	T	G	0	0	0	0	0	0	0	0	0	0	0	0.0	0.0
14	21154249	G	C	0	0	0	0	0	0	0	0	0	0	0	0.0	0.0
14	21154383	G	C	0	0	0	0	0	0	0	0	0	0	0	0.0	0.0
14	21155393	A	G	0	0	0	0	0	0	0	0	0	0	0	0.0	0.0
14	21156191	G	A	0	0	0	0	0	0	0	0	0	0	0	0.0	0.0
14	21156472	G	A	0	0	0	0	0	0	0	0	0	0	0	0.0	0.0
14	21158577	G	A	0	0	0	0	0	0	0	0	0	0	0	0.0	0.0
14	21159266	C	T	0	0	0	0	0	0	0	0	0	0	0	0.0	0.0
14	21161211	G	T	0	0	0	0	0	0	0	0	0	0	0	0.0	0.0
14	21162717	T	C	0	0	0	0	0	0	0	0	0	0	0	0.0	0.0
14	21164245	C	T	0	0	0	0	0	0	0	0	0	0	0	0.0	0.0
14	21164536	C	T	0	0	0	0	0	0	0	0	0	0	0	0.0	0.0
14	21164627	A	G	0	0	0	0	0	0	0	0	0	0	0	0.0	0.0
14	21167149	G	A	0	0	0	0	0	0	0	0	0	0	0	0.0	0.0
14	21169411	G	A	0	0	0	0	0	0	0	0	0	0	0	0.0	0.0
14	21170416	C	G	0	0	0	0	0	0	0	0	0	0	0	0.0	0.0
14	21170880	A	G	0	0	0	0	0	0	0	0	0	0	0	0.0	0.0
14	21171003	C	G	0	0	0	0	0	0	0	0	0	0	0	0.0	0.0
14	21171408	A	C	0	0	0	0	0	0	0	0	0	0	0	0.0	0.0
14	21173371	C	A	0	0	0	0	0	0	0	0	0	0	0	0.0	0.0
14	21179281	T	C	0	0	0	0	0	0	0	0	0	0	0	0.0	0.0
14	21180255	T	A	0	0	0	0	0	0	0	0	0	0	0	0.0	0.0
14	21180568	C	T	0	0	0	0	0	0	0	0	0	0	0	0.0	0.0
14	21180758	C	T	0	0	0	0	0	0	0	0	0	0	0	0.0	0.0
14	21181133	G	A	0	0	0	0	0	0	0	0	0	0	0	0.0	0.0
14	21181356	G	A	0	0	0	0	0	0	0	0	0	0	0	0.0	0.0
14	21182331	C	G	0	0	0	0	0	0	0	0	0	0	0	0.0	0.0
14	21182385	A	G	0	0	0	0	0	0	0	0	0	0	0	0.0	0.0
14	21182718	A	G	0	0	0	0	0	0	0	0	0	0	0	0.0	0.0
14	21182800	G	A	0	0	0	0	0	0	0	0	0	0	0	0.0	0.0
14	21183167	A	G	1	1	0	0	0	0	0	0	0	1	0	1.0	0.0
14	21183453	T	C	0	0	0	0	0	0	0	0	0	0	0	0.0	0.0
14	21183455	G	T	0	0	0	0	0	0	0	0	0	0	0	0.0	0.0
14	21183707	T	C	0	0	0	0	0	0	0	0	0	0	0	0.0	0.0
14	21183709	T	A	0	0	0	0	0	0	0	0	0	0	0	0.0	0.0
14	21184482	T	C	0	0	0	0	0	0	0	0	0	0	0	0.0	0.0
14	21184676	C	T	0	0	0	0	0	0	0	0	0	0	0	0.0	0.0
14	21185967	G	T	0	0	0	0	0	0	0	0	0	0	0	0.0	0.0
14	21186000	T	C	0	0	0	0	0	0	0	0	0	0	0	0.0	0.0
14	21186652	C	T	0	0	0	0	0	0	0	0	0	0	0	0.0	0.0
14	21186781	C	T	0	0	0	0	0	0	0	0	0	0	0	0.0	0.0
14	21187471	T	G	0	0	0	0	0	0	0	0	0	0	0	0.0	0.0
14	21190306	A	T	0	0	0	0	0	0	0	0	0	0	0	0.0	0.0
14	21190526	A	C	0	0	0	0	0	0	0	0	0	0	0	0.0	0.0
14	21190532	T	C	0	0	0	0	0	0	0	0	0	0	0	0.0	0.0
14	21191945	C	G	0	0	0	0	0	0	0	0	0	0	0	0.0	0.0
14	21194376	A	G	0	0	0	0	0	0	0	0	0	0	0	0.0	0.0
14	21195062	T	G	0	0	0	0	0	0	0	0	0	0	0	0.0	0.0
14	21207637	G	A	0	0	0	0	0	0	0	0	0	0	0	0.0	0.0
14	21208656	C	T	0	0	0	0	0	0	0	0	0	0	0	0.0	0.0
14	21208997	T	G	0	0	0	0	0	0	0	0	0	0	0	0.0	0.0
14	21209871	A	G	0	0	0	0	0	0	0	0	0	0	0	0.0	0.0
14	21209908	C	T	0	0	0	0	0	0	0	0	0	0	0	0.0	0.0
14	21210030	G	T	0	0	0	0	0	0	0	0	0	0	0	0.0	0.0
14	21210731	T	G	0	0	0	0	0	0	0	0	0	0	0	0.0	0.0
14	21213419	G	C	0	0	0	0	0	0	0	0	0	0	0	0.0	0.0
14	21213670	G	A	0	0	0	0	0	0	0	0	0	0	0	0.0	0.0
14	21213861	A	G	2	0	2	0	0	0	0	0	0	2	0	1.0	0.0
14	21214023	A	G	0	0	0	0	0	0	0	0	0	0	0	0.0	0.0
14	21214145	A	G	0	0	0	0	0	0	0	0	0	0	0	0.0	0.0
14	21214194	A	G	1	1	0	0	0	0	0	0	0	1	0	1.0	0.0
14	21214280	T	C	0	0	0	0	0	0	0	0	0	0	0	0.0	0.0
14	21214438	C	T	0	0	0	0	0	0	0	0	0	0	0	0.0	0.0
14	21215310	C	T	0	0	0	0	0	0	0	0	0	0	0	0.0	0.0
14	21215600	A	G	0	0	0	0	0	0	0	0	0	0	0	0.0	0.0
14	21215692	C	T	0	0	0	0	0	0	0	0	0	0	0	0.0	0.0
14	21215728	G	C	0	0	0	0	0	0	0	0	0	0	0	0.0	0.0
14	21216499	C	T	0	0	0	0	0	0	0	0	0	0	0	0.0	0.0
14	21216755	G	A	0	0	0	0	0	0	0	0	0	0	0	0.0	0.0
14	21216967	G	T	0	0	0	0	0	0	0	0	0	0	0	0.0	0.0
14	21217625	G	A	0	0	0	0	0	0	0	0	0	0	0	0.0	0.0
14	21218340	C	T	0	0	0	0	0	0	0	0	0	0	0	0.0	0.0
14	21218664	A	G	0	0	0	0	0	0	0	0	0	0	0	0.0	0.0
14	21218700	A	C	2	2	0	0	0	0	0	0	0	2	0	1.0	0.0
14	21218778	T	C	0	0	0	0	0	0	0	0	0	0	0	0.0	0.0
14	21219078	G	A	0	0	0	0	0	0	0	0	0	0	0	0.0	0.0
14	21219767	A	G	0	0	0	0	0	0	0	0	0	0	0	0.0	0.0
14	21221302	A	T	0	0	0	0	0	0	0	0	0	0	0	0.0	0.0
14	21222926	T	C	0	0	0	0	0	0	0	0	0	0	0	0.0	0.0
14	21222991	A	G	0	0	0	0	0	0	0	0	0	0	0	0.0	0.0
14	21224885	T	G	1	0	0	1	0	0	0	0	0	1	0	1.0	0.0
14	21226025	A	C	1	0	1	0	0	0	0	0	0	1	0	1.0	0.0
14	21226262	T	C	0	0	0	0	0	0	0	0	0	0	0	0.0	0.0
14	21227181	G	C	0	0	0	0	0	0	0	0	0	0	0	0.0	0.0
14	21228552	G	A	0	0	0	0	0	0	0	0	0	0	0	0.0	0.0
14	21229200	C	G	0	0	0	0	0	0	0	0	0	0	0	0.0	0.0
14	21230172	A	G	0	0	0	0	0	0	0	0	0	0	0	0.0	0.0
14	21230530	A	G	0	0	0	0	0	0	0	0	0	0	0	0.0	0.0
14	21231575	C	G	0	0	0	0	0	0	0	0	0	0	0	0.0	0.0
14	21231754	C	T	0	0	0	0	0	0	0	0	0	0	0	0.0	0.0
14	21232028	A	C	0	0	0	0	0	0	0	0	0	0	0	0.0	0.0
14	21234768	C	G	0	0	0	0	0	0	0	0	0	0	0	0.0	0.0
14	21235245	C	T	2	0	0	2	0	0	0	0	0	0	2	0.0	1.0
14	21235492	T	C	0	0	0	0	0	0	0	0	0	0	0	0.0	0.0
14	21235785	G	T	0	0	0	0	0	0	0	0	0	0	0	0.0	0.0
14	21236181	C	T	0	0	0	0	0	0	0	0	0	0	0	0.0	0.0
14	21236526	T	C	0	0	0	0	0	0	0	0	0	0	0	0.0	0.0
14	21236837	C	T	1	0	0	0	0	0	0	1	0	1	0	1.0	0.0
14	21236951	C	G	1	0	0	0	0	0	0	0	1	1	0	1.0	0.0
14	21237357	T	C	0	0	0	0	0	0	0	0	0	0	0	0.0	0.0
14	21237378	G	A	0	0	0	0	0	0	0	0	0	0	0	0.0	0.0
14	21238318	G	A	0	0	0	0	0	0	0	0	0	0	0	0.0	0.0
14	21242093	T	C	0	0	0	0	0	0	0	0	0	0	0	0.0	0.0
14	21243605	A	G	0	0	0	0	0	0	0	0	0	0	0	0.0	0.0
14	21243626	A	T	0	0	0	0	0	0	0	0	0	0	0	0.0	0.0
14	21244383	T	C	0	0	0	0	0	0	0	0	0	0	0	0.0	0.0
14	21244479	G	A	0	0	0	0	0	0	0	0	0	0	0	0.0	0.0
14	21244502	T	C	0	0	0	0	0	0	0	0	0	0	0	0.0	0.0
14	21244696	A	C	0	0	0	0	0	0	0	0	0	0	0	0.0	0.0
14	21244900	T	C	0	0	0	0	0	0	0	0	0	0	0	0.0	0.0
14	21245361	T	A	0	0	0	0	0	0	0	0	0	0	0	0.0	0.0
14	21245503	A	G	0	0	0	0	0	0	0	0	0	0	0	0.0	0.0
14	21245539	G	T	0	0	0	0	0	0	0	0	0	0	0	0.0	0.0
14	21245670	A	T	0	0	0	0	0	0	0	0	0	0	0	0.0	0.0
14	21247508	C	G	0	0	0	0	0	0	0	0	0	0	0	0.0	0.0
14	21247510	G	A	0	0	0	0	0	0	0	0	0	0	0	0.0	0.0
14	21247600	C	T	0	0	0	0	0	0	0	0	0	0	0	0.0	0.0
14	21247601	C	G	0	0	0	0	0	0	0	0	0	0	0	0.0	0.0
14	21247711	T	C	0	0	0	0	0	0	0	0	0	0	0	0.0	0.0
14	21247801	T	C	0	0	0	0	0	0	0	0	0	0	0	0.0	0.0
14	21249030	T	A	0	0	0	0	0	0	0	0	0	0	0	0.0	0.0
14	21250676	G	A	0	0	0	0	0	0	0	0	0	0	0	0.0	0.0
14	21251375	A	C	0	0	0	0	0	0	0	0	0	0	0	0.0	0.0
14	21253303	G	A	0	0	0	0	0	0	0	0	0	0	0	0.0	0.0
14	21253497	G	C	0	0	0	0	0	0	0	0	0	0	0	0.0	0.0
14	21255927	C	A	0	0	0	0	0	0	0	0	0	0	0	0.0	0.0
14	21256176	G	C	0	0	0	0	0	0	0	0	0	0	0	0.0	0.0
14	21256647	C	G	0	0	0	0	0	0	0	0	0	0	0	0.0	0.0
14	21259258	T	C	0	0	0	0	0	0	0	0	0	0	0	0.0	0.0
14	21259296	T	G	0	0	0	0	0	0	0	0	0	0	0	0.0	0.0
14	21259456	G	A	0	0	0	0	0	0	0	0	0	0	0	0.0	0.0
14	21259573	G	A	0	0	0	0	0	0	0	0	0	0	0	0.0	0.0
14	21259771	G	T	0	0	0	0	0	0	0	0	0	0	0	0.0	0.0
14	21260129	A	G	0	0	0	0	0	0	0	0	0	0	0	0.0	0.0
14	21260463	C	T	0	0	0	0	0	0	0	0	0	0	0	0.0	0.0
14	21260620	T	C	0	0	0	0	0	0	0	0	0	0	0	0.0	0.0
14	21261555	C	G	0	0	0	0	0	0	0	0	0	0	0	0.0	0.0
14	21261605	T	C	0	0	0	0	0	0	0	0	0	0	0	0.0	0.0
14	21266706	G	A	0	0	0	0	0	0	0	0	0	0	0	0.0	0.0
14	21273923	C	T	0	0	0	0	0	0	0	0	0	0	0	0.0	0.0
14	21276899	G	A	0	0	0	0	0	0	0	0	0	0	0	0.0	0.0
14	21284104	G	A	0	0	0	0	0	0	0	0	0	0	0	0.0	0.0
14	21295065	T	G	0	0	0	0	0	0	0	0	0	0	0	0.0	0.0
14	21295683	G	A	0	0	0	0	0	0	0	0	0	0	0	0.0	0.0
14	21302328	G	A	0	0	0	0	0	0	0	0	0	0	0	0.0	0.0
14	21302575	G	C	0	0	0	0	0	0	0	0	0	0	0	0.0	0.0
14	21303284	T	C	0	0	0	0	0	0	0	0	0	0	0	0.0	0.0
14	21303395	G	A	1	1	0	0	0	0	0	0	0	0	1	0.0	1.0
14	21303508	C	T	0	0	0	0	0	0	0	0	0	0	0	0.0	0.0
14	21304348	C	G	0	0	0	0	0	0	0	0	0	0	0	0.0	0.0
14	21305728	T	C	0	0	0	0	0	0	0	0	0	0	0	0.0	0.0
14	21306842	T	G	0	0	0	0	0	0	0	0	0	0	0	0.0	0.0
14	21307824	G	A	0	0	0	0	0	0	0	0	0	0	0	0.0	0.0
14	21308230	G	A	0	0	0	0	0	0	0	0	0	0	0	0.0	0.0
14	21308243	G	A	0	0	0	0	0	0	0	0	0	0	0	0.0	0.0
14	21308261	C	T	0	0	0	0	0	0	0	0	0	0	0	0.0	0.0
14	21308302	C	T	0	0	0	0	0	0	0	0	0	0	0	0.0	0.0
14	21308425	A	G	0	0	0	0	0	0	0	0	0	0	0	0.0	0.0
14	21308657	C	G	0	0	0	0	0	0	0	0	0	0	0	0.0	0.0
14	21309070	C	G	0	0	0	0	0	0	0	0	0	0	0	0.0	0.0
14	21309966	A	G	0	0	0	0	0	0	0	0	0	0	0	0.0	0.0
14	21311656	C	T	0	0	0	0	0	0	0	0	0	0	0	0.0	0.0
14	21312423	A	G	0	0	0	0	0	0	0	0	0	0	0	0.0	0.0
14	21312772	G	A	0	0	0	0	0	0	0	0	0	0	0	0.0	0.0
14	21313054	G	C	0	0	0	0	0	0	0	0	0	0	0	0.0	0.0
14	21313104	G	A	0	0	0	0	0	0	0	0	0	0	0	0.0	0.0
14	21313688	T	C	0	0	0	0	0	0	0	0	0	0	0	0.0	0.0
14	21313819	G	A	0	0	0	0	0	0	0	0	0	0	0	0.0	0.0
14	21313951	G	C	0	0	0	0	0	0	0	0	0	0	0	0.0	0.0
14	21314089	G	A	0	0	0	0	0	0	0	0	0	0	0	0.0	0.0
14	21314632	G	T	0	0	0	0	0	0	0	0	0	0	0	0.0	0.0
14	21314681	A	G	0	0	0	0	0	0	0	0	0	0	0	0.0	0.0
14	21314696	A	C	0	0	0	0	0	0	0	0	0	0	0	0.0	0.0
14	21314697	G	T	0	0	0	0	0	0	0	0	0	0	0	0.0	0.0
14	21314704	C	T	0	0	0	0	0	0	0	0	0	0	0	0.0	0.0
14	21314705	G	A	0	0	0	0	0	0	0	0	0	0	0	0.0	0.0
14	21314946	C	T	0	0	0	0	0	0	0	0	0	0	0	0.0	0.0
14	21315000	C	T	0	0	0	0	0	0	0	0	0	0	0	0.0	0.0
14	21315301	G	C	0	0	0	0	0	0	0	0	0	0	0	0.0	0.0
14	21315840	C	G	0	0	0	0	0	0	0	0	0	0	0	0.0	0.0
14	21316440	G	A	0	0	0	0	0	0	0	0	0	0	0	0.0	0.0
14	21317209	C	T	0	0	0	0	0	0	0	0	0	0	0	0.0	0.0
14	21317312	T	C	0	0	0	0	0	0	0	0	0	0	0	0.0	0.0
14	21318036	T	C	0	0	0	0	0	0	0	0	0	0	0	0.0	0.0
14	21318391	A	G	0	0	0	0	0	0	0	0	0	0	0	0.0	0.0
14	21318402	G	T	0	0	0	0	0	0	0	0	0	0	0	0.0	0.0
14	21318633	A	G	0	0	0	0	0	0	0	0	0	0	0	0.0	0.0
14	21318868	C	T	0	0	0	0	0	0	0	0	0	0	0	0.0	0.0
14	21318914	A	G	0	0	0	0	0	0	0	0	0	0	0	0.0	0.0
14	21321161	T	C	0	0	0	0	0	0	0	0	0	0	0	0.0	0.0
14	21321506	G	A	1	0	0	0	0	0	1	0	0	1	0	1.0	0.0
14	21340407	G	A	0	0	0	0	0	0	0	0	0	0	0	0.0	0.0
14	21341149	C	T	0	0	0	0	0	0	0	0	0	0	0	0.0	0.0
14	21341637	A	G	0	0	0	0	0	0	0	0	0	0	0	0.0	0.0
14	21342236	A	G	0	0	0	0	0	0	0	0	0	0	0	0.0	0.0
14	21342988	C	T	0	0	0	0	0	0	0	0	0	0	0	0.0	0.0
14	21343164	T	C	0	0	0	0	0	0	0	0	0	0	0	0.0	0.0
14	21343957	A	G	0	0	0	0	0	0	0	0	0	0	0	0.0	0.0
14	21344168	T	C	0	0	0	0	0	0	0	0	0	0	0	0.0	0.0
14	21344531	G	A	0	0	0	0	0	0	0	0	0	0	0	0.0	0.0
14	21345707	C	A	0	0	0	0	0	0	0	0	0	0	0	0.0	0.0
14	21346993	T	C	0	0	0	0	0	0	0	0	0	0	0	0.0	0.0
14	21347232	C	T	0	0	0	0	0	0	0	0	0	0	0	0.0	0.0
14	21347911	G	T	0	0	0	0	0	0	0	0	0	0	0	0.0	0.0
14	21348256	G	A	0	0	0	0	0	0	0	0	0	0	0	0.0	0.0
14	21349608	A	G	0	0	0	0	0	0	0	0	0	0	0	0.0	0.0
14	21352088	G	A	0	0	0	0	0	0	0	0	0	0	0	0.0	0.0
14	21356925	G	C	0	0	0	0	0	0	0	0	0	0	0	0.0	0.0
14	21357342	G	A	0	0	0	0	0	0	0	0	0	0	0	0.0	0.0
14	21359296	G	A	0	0	0	0	0	0	0	0	0	0	0	0.0	0.0
14	21360216	C	G	0	0	0	0	0	0	0	0	0	0	0	0.0	0.0
14	21360344	G	C	0	0	0	0	0	0	0	0	0	0	0	0.0	0.0
14	21360623	A	G	0	0	0	0	0	0	0	0	0	0	0	0.0	0.0
14	21361621	T	C	0	0	0	0	0	0	0	0	0	0	0	0.0	0.0
14	21361631	G	A	0	0	0	0	0	0	0	0	0	0	0	0.0	0.0
14	21363055	G	C	0	0	0	0	0	0	0	0	0	0	0	0.0	0.0
14	21364220	T	C	0	0	0	0	0	0	0	0	0	0	0	0.0	0.0
14	21364642	G	T	0	0	0	0	0	0	0	0	0	0	0	0.0	0.0
14	21366242	C	T	0	0	0	0	0	0	0	0	0	0	0	0.0	0.0
14	21366244	C	T	0	0	0	0	0	0	0	0	0	0	0	0.0	0.0
14	21367035	C	G	0	0	0	0	0	0	0	0	0	0	0	0.0	0.0
14	21369295	C	T	0	0	0	0	0	0	0	0	0	0	0	0.0	0.0
14	21372063	C	T	0	0	0	0	0	0	0	0	0	0	0	0.0	0.0
14	21372739	G	C	0	0	0	0	0	0	0	0	0	0	0	0.0	0.0
14	21373393	T	C	0	0	0	0	0	0	0	0	0	0	0	0.0	0.0
14	21373394	G	A	0	0	0	0	0	0	0	0	0	0	0	0.0	0.0
14	21373657	T	A	0	0	0	0	0	0	0	0	0	0	0	0.0	0.0
14	21375549	G	T	0	0	0	0	0	0	0	0	0	0	0	0.0	0.0
14	21376870	G	C	0	0	0	0	0	0	0	0	0	0	0	0.0	0.0
14	21378438	G	T	0	0	0	0	0	0	0	0	0	0	0	0.0	0.0
14	21378950	A	C	0	0	0	0	0	0	0	0	0	0	0	0.0	0.0
14	21379064	G	A	0	0	0	0	0	0	0	0	0	0	0	0.0	0.0
14	21379893	A	G	0	0	0	0	0	0	0	0	0	0	0	0.0	0.0
14	21380884	C	A	0	0	0	0	0	0	0	0	0	0	0	0.0	0.0
14	21380903	C	A	0	0	0	0	0	0	0	0	0	0	0	0.0	0.0
14	21384361	A	G	0	0	0	0	0	0	0	0	0	0	0	0.0	0.0
14	21385078	A	G	0	0	0	0	0	0	0	0	0	0	0	0.0	0.0
14	21386215	A	T	0	0	0	0	0	0	0	0	0	0	0	0.0	0.0
14	21387994	A	G	0	0	0	0	0	0	0	0	0	0	0	0.0	0.0
14	21388266	G	C	0	0	0	0	0	0	0	0	0	0	0	0.0	0.0
14	21388302	G	A	0	0	0	0	0	0	0	0	0	0	0	0.0	0.0
14	21391927	G	A	0	0	0	0	0	0	0	0	0	0	0	0.0	0.0
14	21392009	C	A	0	0	0	0	0	0	0	0	0	0	0	0.0	0.0
14	21392390	C	T	0	0	0	0	0	0	0	0	0	0	0	0.0	0.0
14	21393289	T	G	0	0	0	0	0	0	0	0	0	0	0	0.0	0.0
14	21393512	A	G	0	0	0	0	0	0	0	0	0	0	0	0.0	0.0
14	21394768	T	G	0	0	0	0	0	0	0	0	0	0	0	0.0	0.0
14	21395083	C	T	0	0	0	0	0	0	0	0	0	0	0	0.0	0.0
14	21396754	T	C	0	0	0	0	0	0	0	0	0	0	0	0.0	0.0
14	21398383	A	T	0	0	0	0	0	0	0	0	0	0	0	0.0	0.0
14	21399577	T	C	0	0	0	0	0	0	0	0	0	0	0	0.0	0.0
14	21402794	C	T	0	0	0	0	0	0	0	0	0	0	0	0.0	0.0
14	21405885	T	C	0	0	0	0	0	0	0	0	0	0	0	0.0	0.0
14	21408277	A	G	0	0	0	0	0	0	0	0	0	0	0	0.0	0.0
14	21412101	C	T	0	0	0	0	0	0	0	0	0	0	0	0.0	0.0
14	21412145	C	T	0	0	0	0	0	0	0	0	0	0	0	0.0	0.0
14	21416034	G	A	0	0	0	0	0	0	0	0	0	0	0	0.0	0.0
14	21419654	T	C	0	0	0	0	0	0	0	0	0	0	0	0.0	0.0
14	21421088	C	T	0	0	0	0	0	0	0	0	0	0	0	0.0	0.0
14	21422666	T	C	0	0	0	0	0	0	0	0	0	0	0	0.0	0.0
14	21422849	G	C	0	0	0	0	0	0	0	0	0	0	0	0.0	0.0
14	21423790	G	C	0	0	0	0	0	0	0	0	0	0	0	0.0	0.0
14	21426161	G	A	0	0	0	0	0	0	0	0	0	0	0	0.0	0.0
14	21429467	G	A	0	0	0	0	0	0	0	0	0	0	0	0.0	0.0
14	21430269	C	A	0	0	0	0	0	0	0	0	0	0	0	0.0	0.0
14	21430474	C	T	0	0	0	0	0	0	0	0	0	0	0	0.0	0.0
14	21430843	G	A	0	0	0	0	0	0	0	0	0	0	0	0.0	0.0
14	21430994	G	A	0	0	0	0	0	0	0	0	0	0	0	0.0	0.0
14	21431105	G	A	0	0	0	0	0	0	0	0	0	0	0	0.0	0.0
14	21431295	C	T	0	0	0	0	0	0	0	0	0	0	0	0.0	0.0
14	21431304	T	C	0	0	0	0	0	0	0	0	0	0	0	0.0	0.0
14	21431349	T	A	0	0	0	0	0	0	0	0	0	0	0	0.0	0.0
14	21431413	C	T	0	0	0	0	0	0	0	0	0	0	0	0.0	0.0
14	21432436	G	A	0	0	0	0	0	0	0	0	0	0	0	0.0	0.0
14	21432455	G	A	0	0	0	0	0	0	0	0	0	0	0	0.0	0.0
14	21432631	C	T	0	0	0	0	0	0	0	0	0	0	0	0.0	0.0
14	21433036	T	C	0	0	0	0	0	0	0	0	0	0	0	0.0	0.0
14	21433342	T	C	0	0	0	0	0	0	0	0	0	0	0	0.0	0.0
14	21434113	G	A	0	0	0	0	0	0	0	0	0	0	0	0.0	0.0
14	21434319	C	T	0	0	0	0	0	0	0	0	0	0	0	0.0	0.0
14	21434371	C	T	0	0	0	0	0	0	0	0	0	0	0	0.0	0.0
14	21434970	G	A	0	0	0	0	0	0	0	0	0	0	0	0.0	0.0
14	21435285	G	A	0	0	0	0	0	0	0	0	0	0	0	0.0	0.0
14	21435450	T	A	0	0	0	0	0	0	0	0	0	0	0	0.0	0.0
14	21435750	T	C	0	0	0	0	0	0	0	0	0	0	0	0.0	0.0
14	21447666	A	G	0	0	0	0	0	0	0	0	0	0	0	0.0	0.0
14	21455760	T	C	0	0	0	0	0	0	0	0	0	0	0	0.0	0.0
14	21455912	T	C	0	0	0	0	0	0	0	0	0	0	0	0.0	0.0
14	21455973	C	T	0	0	0	0	0	0	0	0	0	0	0	0.0	0.0
14	21456092	C	A	1	0	0	0	0	0	0	1	0	1	0	1.0	0.0
14	21457048	C	T	0	0	0	0	0	0	0	0	0	0	0	0.0	0.0
14	21457945	C	T	0	0	0	0	0	0	0	0	0	0	0	0.0	0.0
14	21459340	T	G	0	0	0	0	0	0	0	0	0	0	0	0.0	0.0
14	21460082	T	C	0	0	0	0	0	0	0	0	0	0	0	0.0	0.0
14	21460160	C	T	0	0	0	0	0	0	0	0	0	0	0	0.0	0.0
14	21460578	T	C	0	0	0	0	0	0	0	0	0	0	0	0.0	0.0
14	21461721	A	T	0	0	0	0	0	0	0	0	0	0	0	0.0	0.0
14	21461836	A	G	0	0	0	0	0	0	0	0	0	0	0	0.0	0.0
14	21466442	A	G	1	0	1	0	0	0	0	0	0	1	0	1.0	0.0
14	21466781	C	T	0	0	0	0	0	0	0	0	0	0	0	0.0	0.0
14	21468156	T	G	0	0	0	0	0	0	0	0	0	0	0	0.0	0.0
14	21468818	A	G	0	0	0	0	0	0	0	0	0	0	0	0.0	0.0
14	21468955	T	C	0	0	0	0	0	0	0	0	0	0	0	0.0	0.0
14	21469151	T	C	0	0	0	0	0	0	0	0	0	0	0	0.0	0.0
14	21471638	A	C	0	0	0	0	0	0	0	0	0	0	0	0.0	0.0
14	21471815	G	A	0	0	0	0	0	0	0	0	0	0	0	0.0	0.0
14	21473298	A	G	0	0	0	0	0	0	0	0	0	0	0	0.0	0.0
14	21475929	C	T	0	0	0	0	0	0	0	0	0	0	0	0.0	0.0
14	21479605	C	T	0	0	0	0	0	0	0	0	0	0	0	0.0	0.0
14	21480834	A	G	0	0	0	0	0	0	0	0	0	0	0	0.0	0.0
14	21484086	A	G	0	0	0	0	0	0	0	0	0	0	0	0.0	0.0
14	21484183	G	A	0	0	0	0	0	0	0	0	0	0	0	0.0	0.0
14	21485506	T	C	0	0	0	0	0	0	0	0	0	0	0	0.0	0.0
14	21491151	A	G	0	0	0	0	0	0	0	0	0	0	0	0.0	0.0
14	21492111	A	G	0	0	0	0	0	0	0	0	0	0	0	0.0	0.0
14	21492310	C	T	0	0	0	0	0	0	0	0	0	0	0	0.0	0.0
14	21493108	G	A	0	0	0	0	0	0	0	0	0	0	0	0.0	0.0
14	21495349	G	C	0	0	0	0	0	0	0	0	0	0	0	0.0	0.0
14	21495355	C	A	0	0	0	0	0	0	0	0	0	0	0	0.0	0.0
14	21495727	A	T	0	0	0	0	0	0	0	0	0	0	0	0.0	0.0
14	21496021	A	G	1	0	1	0	0	0	0	0	0	1	0	1.0	0.0
14	21496067	C	T	0	0	0	0	0	0	0	0	0	0	0	0.0	0.0
14	21499054	G	A	0	0	0	0	0	0	0	0	0	0	0	0.0	0.0
14	21499072	T	C	0	0	0	0	0	0	0	0	0	0	0	0.0	0.0
14	21499884	A	G	0	0	0	0	0	0	0	0	0	0	0	0.0	0.0
14	21500411	C	A	0	0	0	0	0	0	0	0	0	0	0	0.0	0.0
14	21500426	G	A	0	0	0	0	0	0	0	0	0	0	0	0.0	0.0
14	21500455	T	A	0	0	0	0	0	0	0	0	0	0	0	0.0	0.0
14	21501049	G	T	0	0	0	0	0	0	0	0	0	0	0	0.0	0.0
14	21501095	T	C	0	0	0	0	0	0	0	0	0	0	0	0.0	0.0
14	21501195	G	A	0	0	0	0	0	0	0	0	0	0	0	0.0	0.0
14	21507357	G	A	1	1	0	0	0	0	0	0	0	0	1	0.0	1.0
14	21510244	T	A	1	0	0	1	0	0	0	0	0	1	0	1.0	0.0
14	21510926	A	G	0	0	0	0	0	0	0	0	0	0	0	0.0	0.0
14	21510975	G	T	0	0	0	0	0	0	0	0	0	0	0	0.0	0.0
14	21511789	G	A	0	0	0	0	0	0	0	0	0	0	0	0.0	0.0
14	21514405	A	G	0	0	0	0	0	0	0	0	0	0	0	0.0	0.0
14	21515326	C	T	0	0	0	0	0	0	0	0	0	0	0	0.0	0.0
14	21515475	A	G	0	0	0	0	0	0	0	0	0	0	0	0.0	0.0
14	21516253	G	T	0	0	0	0	0	0	0	0	0	0	0	0.0	0.0
14	21537926	G	C	0	0	0	0	0	0	0	0	0	0	0	0.0	0.0
14	21538067	C	A	0	0	0	0	0	0	0	0	0	0	0	0.0	0.0
14	21539684	C	T	0	0	0	0	0	0	0	0	0	0	0	0.0	0.0
14	21539787	G	A	0	0	0	0	0	0	0	0	0	0	0	0.0	0.0
14	21540062	C	T	0	0	0	0	0	0	0	0	0	0	0	0.0	0.0
14	21542037	C	T	0	0	0	0	0	0	0	0	0	0	0	0.0	0.0
14	21542753	G	A	0	0	0	0	0	0	0	0	0	0	0	0.0	0.0
14	21542766	A	G	0	0	0	0	0	0	0	0	0	0	0	0.0	0.0
14	21544274	T	C	0	0	0	0	0	0	0	0	0	0	0	0.0	0.0
14	21545230	A	G	0	0	0	0	0	0	0	0	0	0	0	0.0	0.0
14	21545426	C	G	0	0	0	0	0	0	0	0	0	0	0	0.0	0.0
14	21547371	T	C	0	0	0	0	0	0	0	0	0	0	0	0.0	0.0
14	21548158	A	G	0	0	0	0	0	0	0	0	0	0	0	0.0	0.0
14	21549893	G	C	0	0	0	0	0	0	0	0	0	0	0	0.0	0.0
14	21551069	T	C	0	0	0	0	0	0	0	0	0	0	0	0.0	0.0
14	21553545	T	A	0	0	0	0	0	0	0	0	0	0	0	0.0	0.0
14	21564859	G	A	0	0	0	0	0	0	0	0	0	0	0	0.0	0.0
14	21565146	C	T	0	0	0	0	0	0	0	0	0	0	0	0.0	0.0
14	21565149	G	C	0	0	0	0	0	0	0	0	0	0	0	0.0	0.0
14	21565189	T	C	0	0	0	0	0	0	0	0	0	0	0	0.0	0.0
14	21580671	A	G	0	0	0	0	0	0	0	0	0	0	0	0.0	0.0
14	21583825	A	G	0	0	0	0	0	0	0	0	0	0	0	0.0	0.0
14	21585624	A	G	0	0	0	0	0	0	0	0	0	0	0	0.0	0.0
14	21585791	A	G	0	0	0	0	0	0	0	0	0	0	0	0.0	0.0
14	21586101	G	A	0	0	0	0	0	0	0	0	0	0	0	0.0	0.0
14	21586636	G	A	0	0	0	0	0	0	0	0	0	0	0	0.0	0.0
14	21586876	A	G	0	0	0	0	0	0	0	0	0	0	0	0.0	0.0
14	21587269	T	A	0	0	0	0	0	0	0	0	0	0	0	0.0	0.0
14	21587921	C	A	0	0	0	0	0	0	0	0	0	0	0	0.0	0.0
14	21588521	G	A	0	0	0	0	0	0	0	0	0	0	0	0.0	0.0
14	21590138	T	C	0	0	0	0	0	0	0	0	0	0	0	0.0	0.0
14	21590192	T	C	0	0	0	0	0	0	0	0	0	0	0	0.0	0.0
14	21590680	G	A	0	0	0	0	0	0	0	0	0	0	0	0.0	0.0
14	21590728	A	G	0	0	0	0	0	0	0	0	0	0	0	0.0	0.0
14	21590816	C	T	0	0	0	0	0	0	0	0	0	0	0	0.0	0.0
14	21591040	A	G	0	0	0	0	0	0	0	0	0	0	0	0.0	0.0
14	21591206	G	C	0	0	0	0	0	0	0	0	0	0	0	0.0	0.0
14	21591347	G	A	0	0	0	0	0	0	0	0	0	0	0	0.0	0.0
14	21591667	C	A	0	0	0	0	0	0	0	0	0	0	0	0.0	0.0
14	21591725	C	T	0	0	0	0	0	0	0	0	0	0	0	0.0	0.0
14	21592008	A	C	0	0	0	0	0	0	0	0	0	0	0	0.0	0.0
14	21592012	G	C	0	0	0	0	0	0	0	0	0	0	0	0.0	0.0
14	21592107	A	C	0	0	0	0	0	0	0	0	0	0	0	0.0	0.0
14	21592194	G	C	0	0	0	0	0	0	0	0	0	0	0	0.0	0.0
14	21592752	C	G	0	0	0	0	0	0	0	0	0	0	0	0.0	0.0
14	21593058	A	G	0	0	0	0	0	0	0	0	0	0	0	0.0	0.0
14	21593061	A	G	0	0	0	0	0	0	0	0	0	0	0	0.0	0.0
14	21593503	C	G	0	0	0	0	0	0	0	0	0	0	0	0.0	0.0
14	21595153	C	A	0	0	0	0	0	0	0	0	0	0	0	0.0	0.0
14	21596304	T	C	0	0	0	0	0	0	0	0	0	0	0	0.0	0.0
14	21597014	G	T	0	0	0	0	0	0	0	0	0	0	0	0.0	0.0
14	21597293	G	A	0	0	0	0	0	0	0	0	0	0	0	0.0	0.0
14	21597509	G	A	0	0	0	0	0	0	0	0	0	0	0	0.0	0.0
14	21598498	C	T	0	0	0	0	0	0	0	0	0	0	0	0.0	0.0
14	21600092	T	G	0	0	0	0	0	0	0	0	0	0	0	0.0	0.0
14	21600183	G	A	0	0	0	0	0	0	0	0	0	0	0	0.0	0.0
14	21600529	C	T	0	0	0	0	0	0	0	0	0	0	0	0.0	0.0
14	21601109	C	T	0	0	0	0	0	0	0	0	0	0	0	0.0	0.0
14	21603678	T	C	0	0	0	0	0	0	0	0	0	0	0	0.0	0.0
14	21604589	C	T	0	0	0	0	0	0	0	0	0	0	0	0.0	0.0
14	21604884	A	G	0	0	0	0	0	0	0	0	0	0	0	0.0	0.0
14	21606026	A	G	0	0	0	0	0	0	0	0	0	0	0	0.0	0.0
14	21606499	T	C	0	0	0	0	0	0	0	0	0	0	0	0.0	0.0
14	21606729	C	T	0	0	0	0	0	0	0	0	0	0	0	0.0	0.0
14	21606733	C	G	0	0	0	0	0	0	0	0	0	0	0	0.0	0.0
14	21606946	G	T	0	0	0	0	0	0	0	0	0	0	0	0.0	0.0
14	21607138	C	A	0	0	0	0	0	0	0	0	0	0	0	0.0	0.0
14	21607139	A	C	0	0	0	0	0	0	0	0	0	0	0	0.0	0.0
14	21607149	C	A	0	0	0	0	0	0	0	0	0	0	0	0.0	0.0
14	21607189	C	G	0	0	0	0	0	0	0	0	0	0	0	0.0	0.0
14	21607930	C	T	0	0	0	0	0	0	0	0	0	0	0	0.0	0.0
14	21608023	A	G	0	0	0	0	0	0	0	0	0	0	0	0.0	0.0
14	21608297	G	C	0	0	0	0	0	0	0	0	0	0	0	0.0	0.0
14	21608718	T	G	0	0	0	0	0	0	0	0	0	0	0	0.0	0.0
14	21608802	T	C	0	0	0	0	0	0	0	0	0	0	0	0.0	0.0
14	21608978	C	A	0	0	0	0	0	0	0	0	0	0	0	0.0	0.0
14	21608986	G	A	0	0	0	0	0	0	0	0	0	0	0	0.0	0.0
14	21609020	G	C	0	0	0	0	0	0	0	0	0	0	0	0.0	0.0
14	21609691	A	G	0	0	0	0	0	0	0	0	0	0	0	0.0	0.0
14	21611205	G	A	0	0	0	0	0	0	0	0	0	0	0	0.0	0.0
14	21611759	T	A	0	0	0	0	0	0	0	0	0	0	0	0.0	0.0
14	21611768	C	T	0	0	0	0	0	0	0	0	0	0	0	0.0	0.0
14	21612114	T	G	0	0	0	0	0	0	0	0	0	0	0	0.0	0.0
14	21613165	C	A	0	0	0	0	0	0	0	0	0	0	0	0.0	0.0
14	21613780	C	T	0	0	0	0	0	0	0	0	0	0	0	0.0	0.0
14	21614093	T	C	0	0	0	0	0	0	0	0	0	0	0	0.0	0.0
14	21614400	C	T	0	0	0	0	0	0	0	0	0	0	0	0.0	0.0
14	21614564	A	C	0	0	0	0	0	0	0	0	0	0	0	0.0	0.0
14	21614693	T	C	0	0	0	0	0	0	0	0	0	0	0	0.0	0.0
14	21614705	C	T	0	0	0	0	0	0	0	0	0	0	0	0.0	0.0
14	21615260	T	G	0	0	0	0	0	0	0	0	0	0	0	0.0	0.0
14	21615843	T	G	0	0	0	0	0	0	0	0	0	0	0	0.0	0.0
14	21616020	C	G	0	0	0	0	0	0	0	0	0	0	0	0.0	0.0
14	21618081	C	T	0	0	0	0	0	0	0	0	0	0	0	0.0	0.0
14	21618099	G	A	0	0	0	0	0	0	0	0	0	0	0	0.0	0.0
14	21618630	G	T	0	0	0	0	0	0	0	0	0	0	0	0.0	0.0
14	21618935	C	T	0	0	0	0	0	0	0	0	0	0	0	0.0	0.0
14	21619771	A	G	0	0	0	0	0	0	0	0	0	0	0	0.0	0.0
14	21622641	C	T	0	0	0	0	0	0	0	0	0	0	0	0.0	0.0
14	21623303	G	T	0	0	0	0	0	0	0	0	0	0	0	0.0	0.0
14	21624197	T	C	0	0	0	0	0	0	0	0	0	0	0	0.0	0.0
14	21625242	A	C	0	0	0	0	0	0	0	0	0	0	0	0.0	0.0
14	21626166	A	G	0	0	0	0	0	0	0	0	0	0	0	0.0	0.0
14	21626397	A	T	1	0	1	0	0	0	0	0	0	1	0	1.0	0.0
14	21626506	C	T	0	0	0	0	0	0	0	0	0	0	0	0.0	0.0
14	21626924	C	T	0	0	0	0	0	0	0	0	0	0	0	0.0	0.0
14	21627631	T	C	0	0	0	0	0	0	0	0	0	0	0	0.0	0.0
14	21628946	G	A	0	0	0	0	0	0	0	0	0	0	0	0.0	0.0
14	21629471	T	C	0	0	0	0	0	0	0	0	0	0	0	0.0	0.0
14	21629726	G	A	0	0	0	0	0	0	0	0	0	0	0	0.0	0.0
14	21630147	G	A	0	0	0	0	0	0	0	0	0	0	0	0.0	0.0
14	21630265	C	T	0	0	0	0	0	0	0	0	0	0	0	0.0	0.0
14	21631164	G	T	0	0	0	0	0	0	0	0	0	0	0	0.0	0.0
14	21631457	G	A	0	0	0	0	0	0	0	0	0	0	0	0.0	0.0
14	21632017	C	G	0	0	0	0	0	0	0	0	0	0	0	0.0	0.0
14	21632431	A	C	0	0	0	0	0	0	0	0	0	0	0	0.0	0.0
14	21635871	G	A	0	0	0	0	0	0	0	0	0	0	0	0.0	0.0
14	21636692	T	C	0	0	0	0	0	0	0	0	0	0	0	0.0	0.0
14	21636723	A	G	0	0	0	0	0	0	0	0	0	0	0	0.0	0.0
14	21637785	A	C	0	0	0	0	0	0	0	0	0	0	0	0.0	0.0
14	21638324	T	C	0	0	0	0	0	0	0	0	0	0	0	0.0	0.0
14	21638784	A	G	0	0	0	0	0	0	0	0	0	0	0	0.0	0.0
14	21639751	C	T	0	0	0	0	0	0	0	0	0	0	0	0.0	0.0
14	21639764	A	C	0	0	0	0	0	0	0	0	0	0	0	0.0	0.0
14	21640561	T	C	0	0	0	0	0	0	0	0	0	0	0	0.0	0.0
14	21640614	T	C	0	0	0	0	0	0	0	0	0	0	0	0.0	0.0
14	21640702	C	G	0	0	0	0	0	0	0	0	0	0	0	0.0	0.0
14	21640862	G	A	0	0	0	0	0	0	0	0	0	0	0	0.0	0.0
14	21641006	G	A	0	0	0	0	0	0	0	0	0	0	0	0.0	0.0
14	21642316	C	T	0	0	0	0	0	0	0	0	0	0	0	0.0	0.0
14	21642355	T	A	0	0	0	0	0	0	0	0	0	0	0	0.0	0.0
14	21643317	T	C	0	0	0	0	0	0	0	0	0	0	0	0.0	0.0
14	21643457	G	C	0	0	0	0	0	0	0	0	0	0	0	0.0	0.0
14	21643970	T	C	0	0	0	0	0	0	0	0	0	0	0	0.0	0.0
14	21644162	G	A	0	0	0	0	0	0	0	0	0	0	0	0.0	0.0
14	21644511	T	G	0	0	0	0	0	0	0	0	0	0	0	0.0	0.0
14	21644916	G	A	0	0	0	0	0	0	0	0	0	0	0	0.0	0.0
14	21645060	G	A	0	0	0	0	0	0	0	0	0	0	0	0.0	0.0
14	21645682	C	T	0	0	0	0	0	0	0	0	0	0	0	0.0	0.0
14	21645745	T	C	0	0	0	0	0	0	0	0	0	0	0	0.0	0.0
14	21645912	A	G	0	0	0	0	0	0	0	0	0	0	0	0.0	0.0
14	21645941	C	G	0	0	0	0	0	0	0	0	0	0	0	0.0	0.0
14	21646061	C	T	0	0	0	0	0	0	0	0	0	0	0	0.0	0.0
14	21646139	T	C	0	0	0	0	0	0	0	0	0	0	0	0.0	0.0
14	21646140	A	G	0	0	0	0	0	0	0	0	0	0	0	0.0	0.0
14	21646370	T	C	0	0	0	0	0	0	0	0	0	0	0	0.0	0.0
14	21647420	T	C	0	0	0	0	0	0	0	0	0	0	0	0.0	0.0
14	21648228	C	T	0	0	0	0	0	0	0	0	0	0	0	0.0	0.0
14	21650221	T	C	0	0	0	0	0	0	0	0	0	0	0	0.0	0.0
14	21650295	G	A	0	0	0	0	0	0	0	0	0	0	0	0.0	0.0
14	21651258	G	A	0	0	0	0	0	0	0	0	0	0	0	0.0	0.0
14	21651261	C	T	0	0	0	0	0	0	0	0	0	0	0	0.0	0.0
14	21651288	C	T	0	0	0	0	0	0	0	0	0	0	0	0.0	0.0
14	21651973	G	A	0	0	0	0	0	0	0	0	0	0	0	0.0	0.0
14	21652837	A	G	0	0	0	0	0	0	0	0	0	0	0	0.0	0.0
14	21652897	A	C	0	0	0	0	0	0	0	0	0	0	0	0.0	0.0
14	21652934	G	A	0	0	0	0	0	0	0	0	0	0	0	0.0	0.0
14	21653842	G	A	0	0	0	0	0	0	0	0	0	0	0	0.0	0.0
14	21653941	G	A	0	0	0	0	0	0	0	0	0	0	0	0.0	0.0
14	21654175	C	A	0	0	0	0	0	0	0	0	0	0	0	0.0	0.0
14	21662129	G	A	0	0	0	0	0	0	0	0	0	0	0	0.0	0.0
14	21672669	G	A	0	0	0	0	0	0	0	0	0	0	0	0.0	0.0
14	21674392	C	T	0	0	0	0	0	0	0	0	0	0	0	0.0	0.0
14	21676072	G	A	0	0	0	0	0	0	0	0	0	0	0	0.0	0.0
14	21676563	G	A	0	0	0	0	0	0	0	0	0	0	0	0.0	0.0
14	21677694	T	C	0	0	0	0	0	0	0	0	0	0	0	0.0	0.0
14	21678416	G	C	0	0	0	0	0	0	0	0	0	0	0	0.0	0.0
14	21680424	G	A	0	0	0	0	0	0	0	0	0	0	0	0.0	0.0
14	21681698	A	T	0	0	0	0	0	0	0	0	0	0	0	0.0	0.0
14	21682238	T	G	0	0	0	0	0	0	0	0	0	0	0	0.0	0.0
14	21684077	G	A	0	0	0	0	0	0	0	0	0	0	0	0.0	0.0
14	21685066	T	C	0	0	0	0	0	0	0	0	0	0	0	0.0	0.0
14	21685173	C	T	0	0	0	0	0	0	0	0	0	0	0	0.0	0.0
14	21685514	G	A	0	0	0	0	0	0	0	0	0	0	0	0.0	0.0
14	21686690	C	G	0	0	0	0	0	0	0	0	0	0	0	0.0	0.0
14	21687140	A	G	0	0	0	0	0	0	0	0	0	0	0	0.0	0.0
14	21687394	A	G	0	0	0	0	0	0	0	0	0	0	0	0.0	0.0
14	21687660	A	T	0	0	0	0	0	0	0	0	0	0	0	0.0	0.0
14	21689544	C	T	0	0	0	0	0	0	0	0	0	0	0	0.0	0.0
14	21690195	G	A	0	0	0	0	0	0	0	0	0	0	0	0.0	0.0
14	21690225	A	G	0	0	0	0	0	0	0	0	0	0	0	0.0	0.0
14	21690560	G	A	0	0	0	0	0	0	0	0	0	0	0	0.0	0.0
14	21690637	T	C	0	0	0	0	0	0	0	0	0	0	0	0.0	0.0
14	21691086	G	A	0	0	0	0	0	0	0	0	0	0	0	0.0	0.0
14	21691130	C	T	0	0	0	0	0	0	0	0	0	0	0	0.0	0.0
14	21691269	C	G	0	0	0	0	0	0	0	0	0	0	0	0.0	0.0
14	21691477	G	A	1	0	0	0	0	1	0	0	0	1	0	1.0	0.0
14	21691538	C	T	1	0	0	0	0	0	0	0	1	1	0	1.0	0.0
14	21692923	A	T	0	0	0	0	0	0	0	0	0	0	0	0.0	0.0
14	21697941	A	C	0	0	0	0	0	0	0	0	0	0	0	0.0	0.0
14	21698859	C	T	0	0	0	0	0	0	0	0	0	0	0	0.0	0.0
14	21701329	G	A	0	0	0	0	0	0	0	0	0	0	0	0.0	0.0
14	21703444	G	A	0	0	0	0	0	0	0	0	0	0	0	0.0	0.0
14	21703589	A	G	0	0	0	0	0	0	0	0	0	0	0	0.0	0.0
14	21704661	A	G	0	0	0	0	0	0	0	0	0	0	0	0.0	0.0
14	21706676	C	T	0	0	0	0	0	0	0	0	0	0	0	0.0	0.0
14	21707528	A	G	0	0	0	0	0	0	0	0	0	0	0	0.0	0.0
14	21708992	A	T	0	0	0	0	0	0	0	0	0	0	0	0.0	0.0
14	21709002	A	G	0	0	0	0	0	0	0	0	0	0	0	0.0	0.0
14	21709358	T	C	0	0	0	0	0	0	0	0	0	0	0	0.0	0.0
14	21710112	T	C	0	0	0	0	0	0	0	0	0	0	0	0.0	0.0
14	21710268	C	T	0	0	0	0	0	0	0	0	0	0	0	0.0	0.0
14	21710426	G	A	1	1	0	0	0	0	0	0	0	0	1	0.0	1.0
14	21710770	G	C	0	0	0	0	0	0	0	0	0	0	0	0.0	0.0
14	21710805	G	A	0	0	0	0	0	0	0	0	0	0	0	0.0	0.0
14	21711264	A	G	0	0	0	0	0	0	0	0	0	0	0	0.0	0.0
14	21711545	T	C	0	0	0	0	0	0	0	0	0	0	0	0.0	0.0
14	21713666	T	A	0	0	0	0	0	0	0	0	0	0	0	0.0	0.0
14	21714091	A	G	0	0	0	0	0	0	0	0	0	0	0	0.0	0.0
14	21715302	C	T	0	0	0	0	0	0	0	0	0	0	0	0.0	0.0
14	21716735	C	T	0	0	0	0	0	0	0	0	0	0	0	0.0	0.0
14	21716893	T	C	0	0	0	0	0	0	0	0	0	0	0	0.0	0.0
14	21718739	C	T	0	0	0	0	0	0	0	0	0	0	0	0.0	0.0
14	21718918	C	T	0	0	0	0	0	0	0	0	0	0	0	0.0	0.0
14	21722690	G	A	0	0	0	0	0	0	0	0	0	0	0	0.0	0.0
14	21724070	G	A	0	0	0	0	0	0	0	0	0	0	0	0.0	0.0
14	21724726	G	A	0	0	0	0	0	0	0	0	0	0	0	0.0	0.0
14	21725654	G	A	0	0	0	0	0	0	0	0	0	0	0	0.0	0.0
14	21726316	T	C	0	0	0	0	0	0	0	0	0	0	0	0.0	0.0
14	21726441	C	G	0	0	0	0	0	0	0	0	0	0	0	0.0	0.0
14	21726481	G	A	0	0	0	0	0	0	0	0	0	0	0	0.0	0.0
14	21727084	C	T	0	0	0	0	0	0	0	0	0	0	0	0.0	0.0
14	21728576	A	G	0	0	0	0	0	0	0	0	0	0	0	0.0	0.0
14	21733820	T	G	0	0	0	0	0	0	0	0	0	0	0	0.0	0.0
14	21733874	G	T	0	0	0	0	0	0	0	0	0	0	0	0.0	0.0
14	21735252	C	T	0	0	0	0	0	0	0	0	0	0	0	0.0	0.0
14	21738262	C	T	0	0	0	0	0	0	0	0	0	0	0	0.0	0.0
14	21739652	A	G	0	0	0	0	0	0	0	0	0	0	0	0.0	0.0
14	21743604	C	T	0	0	0	0	0	0	0	0	0	0	0	0.0	0.0
14	21744474	G	A	0	0	0	0	0	0	0	0	0	0	0	0.0	0.0
14	21744483	C	T	0	0	0	0	0	0	0	0	0	0	0	0.0	0.0
14	21744591	C	T	0	0	0	0	0	0	0	0	0	0	0	0.0	0.0
14	21745186	C	T	0	0	0	0	0	0	0	0	0	0	0	0.0	0.0
14	21746058	T	C	0	0	0	0	0	0	0	0	0	0	0	0.0	0.0
14	21747919	G	A	0	0	0	0	0	0	0	0	0	0	0	0.0	0.0
14	21748460	C	T	0	0	0	0	0	0	0	0	0	0	0	0.0	0.0
14	21748646	T	C	0	0	0	0	0	0	0	0	0	0	0	0.0	0.0
14	21749189	T	C	0	0	0	0	0	0	0	0	0	0	0	0.0	0.0
14	21749473	A	G	0	0	0	0	0	0	0	0	0	0	0	0.0	0.0
14	21749490	C	T	0	0	0	0	0	0	0	0	0	0	0	0.0	0.0
14	21750009	G	A	0	0	0	0	0	0	0	0	0	0	0	0.0	0.0
14	21750308	C	T	0	0	0	0	0	0	0	0	0	0	0	0.0	0.0
14	21750357	T	C	0	0	0	0	0	0	0	0	0	0	0	0.0	0.0
14	21751060	T	C	0	0	0	0	0	0	0	0	0	0	0	0.0	0.0
14	21751084	C	T	0	0	0	0	0	0	0	0	0	0	0	0.0	0.0
14	21751711	C	T	0	0	0	0	0	0	0	0	0	0	0	0.0	0.0
14	21752210	A	G	0	0	0	0	0	0	0	0	0	0	0	0.0	0.0
14	21752523	G	A	0	0	0	0	0	0	0	0	0	0	0	0.0	0.0
14	21753116	G	T	0	0	0	0	0	0	0	0	0	0	0	0.0	0.0
14	21753648	G	C	0	0	0	0	0	0	0	0	0	0	0	0.0	0.0
14	21755734	A	G	0	0	0	0	0	0	0	0	0	0	0	0.0	0.0
14	21756610	T	G	0	0	0	0	0	0	0	0	0	0	0	0.0	0.0
14	21757072	A	G	0	0	0	0	0	0	0	0	0	0	0	0.0	0.0
14	21757212	C	T	0	0	0	0	0	0	0	0	0	0	0	0.0	0.0
14	21758855	G	A	0	0	0	0	0	0	0	0	0	0	0	0.0	0.0
14	21759701	T	G	0	0	0	0	0	0	0	0	0	0	0	0.0	0.0
14	21763441	G	T	0	0	0	0	0	0	0	0	0	0	0	0.0	0.0
14	21763695	C	T	0	0	0	0	0	0	0	0	0	0	0	0.0	0.0
14	21763824	G	A	0	0	0	0	0	0	0	0	0	0	0	0.0	0.0
14	21764757	A	G	0	0	0	0	0	0	0	0	0	0	0	0.0	0.0
14	21766125	C	G	0	0	0	0	0	0	0	0	0	0	0	0.0	0.0
14	21766967	T	C	0	0	0	0	0	0	0	0	0	0	0	0.0	0.0
14	21767195	T	C	0	0	0	0	0	0	0	0	0	0	0	0.0	0.0
14	21768442	A	C	0	0	0	0	0	0	0	0	0	0	0	0.0	0.0
14	21770188	G	A	0	0	0	0	0	0	0	0	0	0	0	0.0	0.0
14	21770681	A	G	0	0	0	0	0	0	0	0	0	0	0	0.0	0.0
14	21770730	A	G	0	0	0	0	0	0	0	0	0	0	0	0.0	0.0
14	21770914	G	A	0	0	0	0	0	0	0	0	0	0	0	0.0	0.0
14	21771335	C	T	0	0	0	0	0	0	0	0	0	0	0	0.0	0.0
14	21771866	G	T	0	0	0	0	0	0	0	0	0	0	0	0.0	0.0
14	21771922	G	A	0	0	0	0	0	0	0	0	0	0	0	0.0	0.0
14	21773023	T	C	0	0	0	0	0	0	0	0	0	0	0	0.0	0.0
14	21773165	G	A	0	0	0	0	0	0	0	0	0	0	0	0.0	0.0
14	21774974	C	T	0	0	0	0	0	0	0	0	0	0	0	0.0	0.0
14	21775126	G	A	3	0	0	0	0	3	0	0	0	3	0	1.0	0.0
14	21775816	G	C	0	0	0	0	0	0	0	0	0	0	0	0.0	0.0
14	21776591	G	A	0	0	0	0	0	0	0	0	0	0	0	0.0	0.0
14	21776637	A	G	0	0	0	0	0	0	0	0	0	0	0	0.0	0.0
14	21776910	G	A	0	0	0	0	0	0	0	0	0	0	0	0.0	0.0
14	21776917	C	T	0	0	0	0	0	0	0	0	0	0	0	0.0	0.0
14	21777646	C	T	0	0	0	0	0	0	0	0	0	0	0	0.0	0.0
14	21777901	A	G	0	0	0	0	0	0	0	0	0	0	0	0.0	0.0
14	21778588	G	A	0	0	0	0	0	0	0	0	0	0	0	0.0	0.0
14	21779495	A	G	0	0	0	0	0	0	0	0	0	0	0	0.0	0.0
14	21780245	G	A	0	0	0	0	0	0	0	0	0	0	0	0.0	0.0
14	21780316	T	C	0	0	0	0	0	0	0	0	0	0	0	0.0	0.0
14	21781775	T	C	0	0	0	0	0	0	0	0	0	0	0	0.0	0.0
14	21782241	G	A	0	0	0	0	0	0	0	0	0	0	0	0.0	0.0
14	21782721	G	T	0	0	0	0	0	0	0	0	0	0	0	0.0	0.0
14	21783280	T	C	0	0	0	0	0	0	0	0	0	0	0	0.0	0.0
14	21783884	G	A	0	0	0	0	0	0	0	0	0	0	0	0.0	0.0
14	21785133	G	T	0	0	0	0	0	0	0	0	0	0	0	0.0	0.0
14	21785790	G	A	0	0	0	0	0	0	0	0	0	0	0	0.0	0.0
14	21786400	G	A	0	0	0	0	0	0	0	0	0	0	0	0.0	0.0
14	21786502	C	T	0	0	0	0	0	0	0	0	0	0	0	0.0	0.0
14	21786780	G	T	0	0	0	0	0	0	0	0	0	0	0	0.0	0.0
14	21786797	A	G	0	0	0	0	0	0	0	0	0	0	0	0.0	0.0
14	21786856	G	C	0	0	0	0	0	0	0	0	0	0	0	0.0	0.0
14	21786942	T	C	0	0	0	0	0	0	0	0	0	0	0	0.0	0.0
14	21788740	G	A	0	0	0	0	0	0	0	0	0	0	0	0.0	0.0
14	21788741	C	A	0	0	0	0	0	0	0	0	0	0	0	0.0	0.0
14	21789092	A	T	0	0	0	0	0	0	0	0	0	0	0	0.0	0.0
14	21789794	G	A	0	0	0	0	0	0	0	0	0	0	0	0.0	0.0
14	21789828	C	T	0	0	0	0	0	0	0	0	0	0	0	0.0	0.0
14	21790040	G	T	0	0	0	0	0	0	0	0	0	0	0	0.0	0.0
14	21790460	T	A	0	0	0	0	0	0	0	0	0	0	0	0.0	0.0
14	21791122	C	T	0	0	0	0	0	0	0	0	0	0	0	0.0	0.0
14	21791272	T	C	0	0	0	0	0	0	0	0	0	0	0	0.0	0.0
14	21791646	C	G	0	0	0	0	0	0	0	0	0	0	0	0.0	0.0
14	21791707	A	G	0	0	0	0	0	0	0	0	0	0	0	0.0	0.0
14	21792467	A	G	0	0	0	0	0	0	0	0	0	0	0	0.0	0.0
14	21792811	G	A	0	0	0	0	0	0	0	0	0	0	0	0.0	0.0
14	21793236	G	A	0	0	0	0	0	0	0	0	0	0	0	0.0	0.0
14	21796784	G	C	0	0	0	0	0	0	0	0	0	0	0	0.0	0.0
14	21812334	G	A	0	0	0	0	0	0	0	0	0	0	0	0.0	0.0
14	21821821	A	C	0	0	0	0	0	0	0	0	0	0	0	0.0	0.0
14	21829935	T	A	0	0	0	0	0	0	0	0	0	0	0	0.0	0.0
14	21833979	C	T	0	0	0	0	0	0	0	0	0	0	0	0.0	0.0
14	21870897	G	T	0	0	0	0	0	0	0	0	0	0	0	0.0	0.0
14	21877330	G	C	0	0	0	0	0	0	0	0	0	0	0	0.0	0.0
14	21885797	A	G	0	0	0	0	0	0	0	0	0	0	0	0.0	0.0
14	21885962	G	A	0	0	0	0	0	0	0	0	0	0	0	0.0	0.0
14	21886844	A	G	1	0	1	0	0	0	0	0	0	1	0	1.0	0.0
14	21891636	C	G	0	0	0	0	0	0	0	0	0	0	0	0.0	0.0
14	21899631	C	T	0	0	0	0	0	0	0	0	0	0	0	0.0	0.0
14	21915916	T	C	0	0	0	0	0	0	0	0	0	0	0	0.0	0.0
14	21922050	C	G	0	0	0	0	0	0	0	0	0	0	0	0.0	0.0
14	21923368	A	G	0	0	0	0	0	0	0	0	0	0	0	0.0	0.0
14	21924673	G	C	0	0	0	0	0	0	0	0	0	0	0	0.0	0.0
14	21932592	C	T	0	0	0	0	0	0	0	0	0	0	0	0.0	0.0
14	21944955	G	C	0	0	0	0	0	0	0	0	0	0	0	0.0	0.0
14	21945415	A	G	0	0	0	0	0	0	0	0	0	0	0	0.0	0.0
14	21946473	G	A	0	0	0	0	0	0	0	0	0	0	0	0.0	0.0
14	21946535	A	G	0	0	0	0	0	0	0	0	0	0	0	0.0	0.0
14	21946817	A	G	0	0	0	0	0	0	0	0	0	0	0	0.0	0.0
14	21947531	G	C	0	0	0	0	0	0	0	0	0	0	0	0.0	0.0
14	21947633	C	G	0	0	0	0	0	0	0	0	0	0	0	0.0	0.0
14	21947857	G	A	0	0	0	0	0	0	0	0	0	0	0	0.0	0.0
14	21948266	G	A	0	0	0	0	0	0	0	0	0	0	0	0.0	0.0
14	21949163	C	T	0	0	0	0	0	0	0	0	0	0	0	0.0	0.0
14	21949400	C	T	0	0	0	0	0	0	0	0	0	0	0	0.0	0.0
14	21949425	C	T	0	0	0	0	0	0	0	0	0	0	0	0.0	0.0
14	21949957	A	G	0	0	0	0	0	0	0	0	0	0	0	0.0	0.0
14	21950836	T	G	0	0	0	0	0	0	0	0	0	0	0	0.0	0.0
14	21951142	A	C	0	0	0	0	0	0	0	0	0	0	0	0.0	0.0
14	21951671	A	T	0	0	0	0	0	0	0	0	0	0	0	0.0	0.0
14	21951813	G	A	0	0	0	0	0	0	0	0	0	0	0	0.0	0.0
14	21951848	C	A	0	0	0	0	0	0	0	0	0	0	0	0.0	0.0
14	21951875	A	C	0	0	0	0	0	0	0	0	0	0	0	0.0	0.0
14	21955356	C	T	0	0	0	0	0	0	0	0	0	0	0	0.0	0.0
14	21955930	G	A	0	0	0	0	0	0	0	0	0	0	0	0.0	0.0
14	21957803	T	C	0	0	0	0	0	0	0	0	0	0	0	0.0	0.0
14	21957934	G	A	0	0	0	0	0	0	0	0	0	0	0	0.0	0.0
14	21957986	C	T	0	0	0	0	0	0	0	0	0	0	0	0.0	0.0
14	21958985	C	T	0	0	0	0	0	0	0	0	0	0	0	0.0	0.0
14	21959550	A	G	0	0	0	0	0	0	0	0	0	0	0	0.0	0.0
14	21959605	A	G	0	0	0	0	0	0	0	0	0	0	0	0.0	0.0
14	21959677	C	T	0	0	0	0	0	0	0	0	0	0	0	0.0	0.0
14	21959893	A	G	0	0	0	0	0	0	0	0	0	0	0	0.0	0.0
14	21960318	A	C	0	0	0	0	0	0	0	0	0	0	0	0.0	0.0
14	21960408	A	G	0	0	0	0	0	0	0	0	0	0	0	0.0	0.0
14	21960816	T	C	1	0	0	0	0	0	0	1	0	0	1	0.0	1.0
14	21960969	G	A	0	0	0	0	0	0	0	0	0	0	0	0.0	0.0
14	21962826	G	A	0	0	0	0	0	0	0	0	0	0	0	0.0	0.0
14	21963073	G	A	0	0	0	0	0	0	0	0	0	0	0	0.0	0.0
14	21963809	C	A	0	0	0	0	0	0	0	0	0	0	0	0.0	0.0
14	21964403	C	T	0	0	0	0	0	0	0	0	0	0	0	0.0	0.0
14	21965677	G	T	0	0	0	0	0	0	0	0	0	0	0	0.0	0.0
14	21967133	C	A	0	0	0	0	0	0	0	0	0	0	0	0.0	0.0
14	21967438	G	A	0	0	0	0	0	0	0	0	0	0	0	0.0	0.0
14	21967916	A	G	0	0	0	0	0	0	0	0	0	0	0	0.0	0.0
14	21969672	A	T	0	0	0	0	0	0	0	0	0	0	0	0.0	0.0
14	21970379	A	G	0	0	0	0	0	0	0	0	0	0	0	0.0	0.0
14	21970410	A	G	0	0	0	0	0	0	0	0	0	0	0	0.0	0.0
14	21971729	C	G	0	0	0	0	0	0	0	0	0	0	0	0.0	0.0
14	21972651	T	C	0	0	0	0	0	0	0	0	0	0	0	0.0	0.0
14	21974415	T	C	0	0	0	0	0	0	0	0	0	0	0	0.0	0.0
14	21976759	G	A	0	0	0	0	0	0	0	0	0	0	0	0.0	0.0
14	21977076	C	G	0	0	0	0	0	0	0	0	0	0	0	0.0	0.0
14	21977092	C	A	0	0	0	0	0	0	0	0	0	0	0	0.0	0.0
14	21977316	T	C	0	0	0	0	0	0	0	0	0	0	0	0.0	0.0
14	21977497	A	C	0	0	0	0	0	0	0	0	0	0	0	0.0	0.0
14	21978293	A	G	2	0	0	0	0	0	2	0	0	0	2	0.0	1.0
14	21978884	G	C	0	0	0	0	0	0	0	0	0	0	0	0.0	0.0
14	21979865	C	T	0	0	0	0	0	0	0	0	0	0	0	0.0	0.0
14	21980997	C	T	0	0	0	0	0	0	0	0	0	0	0	0.0	0.0
14	21981275	G	A	0	0	0	0	0	0	0	0	0	0	0	0.0	0.0
14	21981326	T	C	0	0	0	0	0	0	0	0	0	0	0	0.0	0.0
14	21983452	T	C	0	0	0	0	0	0	0	0	0	0	0	0.0	0.0
14	21985734	A	G	0	0	0	0	0	0	0	0	0	0	0	0.0	0.0
14	21986419	G	A	0	0	0	0	0	0	0	0	0	0	0	0.0	0.0
14	21987000	T	C	0	0	0	0	0	0	0	0	0	0	0	0.0	0.0
14	21987151	G	A	0	0	0	0	0	0	0	0	0	0	0	0.0	0.0
14	21987351	G	A	0	0	0	0	0	0	0	0	0	0	0	0.0	0.0
14	21987778	C	G	0	0	0	0	0	0	0	0	0	0	0	0.0	0.0
14	21988472	T	C	0	0	0	0	0	0	0	0	0	0	0	0.0	0.0
14	21988546	A	C	0	0	0	0	0	0	0	0	0	0	0	0.0	0.0
14	21988688	T	A	0	0	0	0	0	0	0	0	0	0	0	0.0	0.0
14	21988900	T	G	0	0	0	0	0	0	0	0	0	0	0	0.0	0.0
14	21989829	T	C	0	0	0	0	0	0	0	0	0	0	0	0.0	0.0
14	21990537	G	A	0	0	0	0	0	0	0	0	0	0	0	0.0	0.0
14	21990555	G	A	0	0	0	0	0	0	0	0	0	0	0	0.0	0.0
14	21993638	G	C	0	0	0	0	0	0	0	0	0	0	0	0.0	0.0
14	22000442	A	G	0	0	0	0	0	0	0	0	0	0	0	0.0	0.0
14	22002343	C	T	0	0	0	0	0	0	0	0	0	0	0	0.0	0.0
14	22007993	T	C	0	0	0	0	0	0	0	0	0	0	0	0.0	0.0
14	22008165	A	G	0	0	0	0	0	0	0	0	0	0	0	0.0	0.0
14	22009284	C	T	0	0	0	0	0	0	0	0	0	0	0	0.0	0.0
14	22009295	G	A	0	0	0	0	0	0	0	0	0	0	0	0.0	0.0
14	22009345	A	G	0	0	0	0	0	0	0	0	0	0	0	0.0	0.0
14	22009659	T	A	0	0	0	0	0	0	0	0	0	0	0	0.0	0.0
14	22014672	A	G	0	0	0	0	0	0	0	0	0	0	0	0.0	0.0
14	22014978	G	A	0	0	0	0	0	0	0	0	0	0	0	0.0	0.0
14	22015049	C	A	0	0	0	0	0	0	0	0	0	0	0	0.0	0.0
14	22015089	G	A	0	0	0	0	0	0	0	0	0	0	0	0.0	0.0
14	22015300	C	G	0	0	0	0	0	0	0	0	0	0	0	0.0	0.0
14	22015301	C	T	0	0	0	0	0	0	0	0	0	0	0	0.0	0.0
14	22015753	G	A	0	0	0	0	0	0	0	0	0	0	0	0.0	0.0
14	22016021	C	T	0	0	0	0	0	0	0	0	0	0	0	0.0	0.0
14	22016100	A	G	0	0	0	0	0	0	0	0	0	0	0	0.0	0.0
14	22016225	G	A	0	0	0	0	0	0	0	0	0	0	0	0.0	0.0
14	22016229	C	T	0	0	0	0	0	0	0	0	0	0	0	0.0	0.0
14	22016230	G	A	0	0	0	0	0	0	0	0	0	0	0	0.0	0.0
14	22016254	G	A	0	0	0	0	0	0	0	0	0	0	0	0.0	0.0
14	22016542	C	T	0	0	0	0	0	0	0	0	0	0	0	0.0	0.0
14	22016544	A	G	0	0	0	0	0	0	0	0	0	0	0	0.0	0.0
14	22016791	A	T	0	0	0	0	0	0	0	0	0	0	0	0.0	0.0
14	22016867	C	T	0	0	0	0	0	0	0	0	0	0	0	0.0	0.0
14	22016871	T	A	0	0	0	0	0	0	0	0	0	0	0	0.0	0.0
14	22017138	G	T	0	0	0	0	0	0	0	0	0	0	0	0.0	0.0
14	22017896	A	G	0	0	0	0	0	0	0	0	0	0	0	0.0	0.0
14	22018673	T	C	0	0	0	0	0	0	0	0	0	0	0	0.0	0.0
14	22018910	A	G	0	0	0	0	0	0	0	0	0	0	0	0.0	0.0
14	22019288	G	A	2	0	2	0	0	0	0	0	0	0	2	0.0	1.0
14	22019827	T	C	0	0	0	0	0	0	0	0	0	0	0	0.0	0.0
14	22019954	A	T	0	0	0	0	0	0	0	0	0	0	0	0.0	0.0
14	22022117	C	T	0	0	0	0	0	0	0	0	0	0	0	0.0	0.0
14	22022946	G	T	0	0	0	0	0	0	0	0	0	0	0	0.0	0.0
14	22023048	A	G	0	0	0	0	0	0	0	0	0	0	0	0.0	0.0
14	22023551	G	A	0	0	0	0	0	0	0	0	0	0	0	0.0	0.0
14	22024336	G	A	0	0	0	0	0	0	0	0	0	0	0	0.0	0.0
14	22025151	T	C	0	0	0	0	0	0	0	0	0	0	0	0.0	0.0
14	22028174	G	A	0	0	0	0	0	0	0	0	0	0	0	0.0	0.0
14	22028579	T	G	0	0	0	0	0	0	0	0	0	0	0	0.0	0.0
14	22028771	A	G	0	0	0	0	0	0	0	0	0	0	0	0.0	0.0
14	22028941	C	T	0	0	0	0	0	0	0	0	0	0	0	0.0	0.0
14	22029186	G	A	0	0	0	0	0	0	0	0	0	0	0	0.0	0.0
14	22029812	T	C	0	0	0	0	0	0	0	0	0	0	0	0.0	0.0
14	22030809	C	T	0	0	0	0	0	0	0	0	0	0	0	0.0	0.0
14	22031075	C	A	0	0	0	0	0	0	0	0	0	0	0	0.0	0.0
14	22031192	C	T	0	0	0	0	0	0	0	0	0	0	0	0.0	0.0
14	22031701	G	A	0	0	0	0	0	0	0	0	0	0	0	0.0	0.0
14	22032003	G	A	0	0	0	0	0	0	0	0	0	0	0	0.0	0.0
14	22032018	C	T	0	0	0	0	0	0	0	0	0	0	0	0.0	0.0
14	22033302	A	G	0	0	0	0	0	0	0	0	0	0	0	0.0	0.0
14	22033742	G	C	0	0	0	0	0	0	0	0	0	0	0	0.0	0.0
14	22034269	C	A	0	0	0	0	0	0	0	0	0	0	0	0.0	0.0
14	22034535	G	T	0	0	0	0	0	0	0	0	0	0	0	0.0	0.0
14	22034542	T	A	0	0	0	0	0	0	0	0	0	0	0	0.0	0.0
14	22036398	C	A	0	0	0	0	0	0	0	0	0	0	0	0.0	0.0
14	22037876	C	T	0	0	0	0	0	0	0	0	0	0	0	0.0	0.0
14	22038525	G	T	0	0	0	0	0	0	0	0	0	0	0	0.0	0.0
14	22038915	A	G	0	0	0	0	0	0	0	0	0	0	0	0.0	0.0
14	22039137	G	C	0	0	0	0	0	0	0	0	0	0	0	0.0	0.0
14	22040146	A	G	0	0	0	0	0	0	0	0	0	0	0	0.0	0.0
14	22041045	T	G	0	0	0	0	0	0	0	0	0	0	0	0.0	0.0
14	22042856	A	C	0	0	0	0	0	0	0	0	0	0	0	0.0	0.0
14	22043361	C	A	0	0	0	0	0	0	0	0	0	0	0	0.0	0.0
14	22043534	G	T	0	0	0	0	0	0	0	0	0	0	0	0.0	0.0
14	22043573	G	T	0	0	0	0	0	0	0	0	0	0	0	0.0	0.0
14	22043611	G	C	0	0	0	0	0	0	0	0	0	0	0	0.0	0.0
14	22043949	T	C	0	0	0	0	0	0	0	0	0	0	0	0.0	0.0
14	22044099	G	A	1	0	0	0	0	1	0	0	0	1	0	1.0	0.0
14	22045871	C	T	0	0	0	0	0	0	0	0	0	0	0	0.0	0.0
14	22045954	G	A	0	0	0	0	0	0	0	0	0	0	0	0.0	0.0
14	22047021	G	A	0	0	0	0	0	0	0	0	0	0	0	0.0	0.0
14	22047343	A	G	0	0	0	0	0	0	0	0	0	0	0	0.0	0.0
14	22048414	T	C	0	0	0	0	0	0	0	0	0	0	0	0.0	0.0
14	22052082	C	T	0	0	0	0	0	0	0	0	0	0	0	0.0	0.0
14	22052261	G	A	0	0	0	0	0	0	0	0	0	0	0	0.0	0.0
14	22052801	G	A	0	0	0	0	0	0	0	0	0	0	0	0.0	0.0
14	22053729	G	A	0	0	0	0	0	0	0	0	0	0	0	0.0	0.0
14	22053817	A	T	0	0	0	0	0	0	0	0	0	0	0	0.0	0.0
14	22053923	C	T	0	0	0	0	0	0	0	0	0	0	0	0.0	0.0
14	22055837	G	A	0	0	0	0	0	0	0	0	0	0	0	0.0	0.0
14	22056183	C	T	0	0	0	0	0	0	0	0	0	0	0	0.0	0.0
14	22056537	T	C	0	0	0	0	0	0	0	0	0	0	0	0.0	0.0
14	22058090	T	G	0	0	0	0	0	0	0	0	0	0	0	0.0	0.0
14	22058732	C	T	0	0	0	0	0	0	0	0	0	0	0	0.0	0.0
14	22059202	C	T	0	0	0	0	0	0	0	0	0	0	0	0.0	0.0
14	22059393	C	T	0	0	0	0	0	0	0	0	0	0	0	0.0	0.0
14	22059566	C	T	0	0	0	0	0	0	0	0	0	0	0	0.0	0.0
14	22060647	C	T	0	0	0	0	0	0	0	0	0	0	0	0.0	0.0
14	22061184	A	T	0	0	0	0	0	0	0	0	0	0	0	0.0	0.0
14	22062005	A	G	0	0	0	0	0	0	0	0	0	0	0	0.0	0.0
14	22062513	G	C	0	0	0	0	0	0	0	0	0	0	0	0.0	0.0
14	22062554	G	T	1	0	0	0	1	0	0	0	0	0	1	0.0	1.0
14	22063266	C	T	0	0	0	0	0	0	0	0	0	0	0	0.0	0.0
14	22064346	C	T	0	0	0	0	0	0	0	0	0	0	0	0.0	0.0
14	22064507	A	G	0	0	0	0	0	0	0	0	0	0	0	0.0	0.0
14	22064895	T	A	0	0	0	0	0	0	0	0	0	0	0	0.0	0.0
14	22066156	C	T	0	0	0	0	0	0	0	0	0	0	0	0.0	0.0
14	22066159	G	A	0	0	0	0	0	0	0	0	0	0	0	0.0	0.0
14	22066672	A	G	0	0	0	0	0	0	0	0	0	0	0	0.0	0.0
14	22068459	C	T	0	0	0	0	0	0	0	0	0	0	0	0.0	0.0
14	22068740	A	G	0	0	0	0	0	0	0	0	0	0	0	0.0	0.0
14	22070707	G	A	0	0	0	0	0	0	0	0	0	0	0	0.0	0.0
14	22073473	G	T	0	0	0	0	0	0	0	0	0	0	0	0.0	0.0
14	22074331	C	T	0	0	0	0	0	0	0	0	0	0	0	0.0	0.0
14	22074959	C	T	0	0	0	0	0	0	0	0	0	0	0	0.0	0.0
14	22075645	A	G	0	0	0	0	0	0	0	0	0	0	0	0.0	0.0
14	22077953	G	A	0	0	0	0	0	0	0	0	0	0	0	0.0	0.0
14	22078861	A	G	0	0	0	0	0	0	0	0	0	0	0	0.0	0.0
14	22087570	C	A	0	0	0	0	0	0	0	0	0	0	0	0.0	0.0
14	22087700	A	G	0	0	0	0	0	0	0	0	0	0	0	0.0	0.0
14	22088296	G	T	0	0	0	0	0	0	0	0	0	0	0	0.0	0.0
14	22089294	A	T	0	0	0	0	0	0	0	0	0	0	0	0.0	0.0
14	22090208	A	G	0	0	0	0	0	0	0	0	0	0	0	0.0	0.0
14	22091105	A	C	0	0	0	0	0	0	0	0	0	0	0	0.0	0.0
14	22091920	C	T	0	0	0	0	0	0	0	0	0	0	0	0.0	0.0
14	22094506	G	T	0	0	0	0	0	0	0	0	0	0	0	0.0	0.0
14	22094954	G	A	0	0	0	0	0	0	0	0	0	0	0	0.0	0.0
14	22095138	T	C	0	0	0	0	0	0	0	0	0	0	0	0.0	0.0
14	22100792	G	A	0	0	0	0	0	0	0	0	0	0	0	0.0	0.0
14	22106343	A	T	0	0	0	0	0	0	0	0	0	0	0	0.0	0.0
14	22106529	G	T	0	0	0	0	0	0	0	0	0	0	0	0.0	0.0
14	22106785	G	T	0	0	0	0	0	0	0	0	0	0	0	0.0	0.0
14	22107694	C	T	0	0	0	0	0	0	0	0	0	0	0	0.0	0.0
14	22107838	C	G	0	0	0	0	0	0	0	0	0	0	0	0.0	0.0
14	22107989	C	G	0	0	0	0	0	0	0	0	0	0	0	0.0	0.0
14	22108109	G	A	0	0	0	0	0	0	0	0	0	0	0	0.0	0.0
14	22108216	T	C	0	0	0	0	0	0	0	0	0	0	0	0.0	0.0
14	22108361	A	G	0	0	0	0	0	0	0	0	0	0	0	0.0	0.0
14	22108632	T	C	0	0	0	0	0	0	0	0	0	0	0	0.0	0.0
14	22108653	C	T	0	0	0	0	0	0	0	0	0	0	0	0.0	0.0
14	22108977	C	T	0	0	0	0	0	0	0	0	0	0	0	0.0	0.0
14	22109233	A	G	0	0	0	0	0	0	0	0	0	0	0	0.0	0.0
14	22109243	C	T	0	0	0	0	0	0	0	0	0	0	0	0.0	0.0
14	22109394	G	T	0	0	0	0	0	0	0	0	0	0	0	0.0	0.0
14	22109630	T	C	0	0	0	0	0	0	0	0	0	0	0	0.0	0.0
14	22109667	A	C	0	0	0	0	0	0	0	0	0	0	0	0.0	0.0
14	22110001	G	C	0	0	0	0	0	0	0	0	0	0	0	0.0	0.0
14	22110482	T	G	2	0	0	0	0	2	0	0	0	0	2	0.0	1.0
14	22112768	G	A	0	0	0	0	0	0	0	0	0	0	0	0.0	0.0
14	22113338	T	C	0	0	0	0	0	0	0	0	0	0	0	0.0	0.0
14	22113995	A	C	0	0	0	0	0	0	0	0	0	0	0	0.0	0.0
14	22114604	C	G	0	0	0	0	0	0	0	0	0	0	0	0.0	0.0
14	22115584	G	A	0	0	0	0	0	0	0	0	0	0	0	0.0	0.0
14	22115591	T	A	0	0	0	0	0	0	0	0	0	0	0	0.0	0.0
14	22115873	T	C	0	0	0	0	0	0	0	0	0	0	0	0.0	0.0
14	22115884	G	T	0	0	0	0	0	0	0	0	0	0	0	0.0	0.0
14	22116008	G	A	0	0	0	0	0	0	0	0	0	0	0	0.0	0.0
14	22116410	A	G	0	0	0	0	0	0	0	0	0	0	0	0.0	0.0
14	22116895	T	C	0	0	0	0	0	0	0	0	0	0	0	0.0	0.0
14	22117475	G	A	0	0	0	0	0	0	0	0	0	0	0	0.0	0.0
14	22122683	A	G	0	0	0	0	0	0	0	0	0	0	0	0.0	0.0
14	22122823	G	A	0	0	0	0	0	0	0	0	0	0	0	0.0	0.0
14	22123377	C	T	0	0	0	0	0	0	0	0	0	0	0	0.0	0.0
14	22125367	C	T	0	0	0	0	0	0	0	0	0	0	0	0.0	0.0
14	22125621	C	T	0	0	0	0	0	0	0	0	0	0	0	0.0	0.0
14	22126776	G	T	0	0	0	0	0	0	0	0	0	0	0	0.0	0.0
14	22126995	G	A	0	0	0	0	0	0	0	0	0	0	0	0.0	0.0
14	22128098	G	T	0	0	0	0	0	0	0	0	0	0	0	0.0	0.0
14	22128144	G	T	0	0	0	0	0	0	0	0	0	0	0	0.0	0.0
14	22128438	A	G	0	0	0	0	0	0	0	0	0	0	0	0.0	0.0
14	22128545	C	T	0	0	0	0	0	0	0	0	0	0	0	0.0	0.0
14	22128551	C	T	0	0	0	0	0	0	0	0	0	0	0	0.0	0.0
14	22129270	G	A	0	0	0	0	0	0	0	0	0	0	0	0.0	0.0
14	22129435	A	T	0	0	0	0	0	0	0	0	0	0	0	0.0	0.0
14	22129890	C	T	0	0	0	0	0	0	0	0	0	0	0	0.0	0.0
14	22132868	T	G	0	0	0	0	0	0	0	0	0	0	0	0.0	0.0
14	22133416	A	G	0	0	0	0	0	0	0	0	0	0	0	0.0	0.0
14	22134018	C	T	0	0	0	0	0	0	0	0	0	0	0	0.0	0.0
14	22134769	C	T	0	0	0	0	0	0	0	0	0	0	0	0.0	0.0
14	22134884	A	G	0	0	0	0	0	0	0	0	0	0	0	0.0	0.0
14	22135352	T	G	0	0	0	0	0	0	0	0	0	0	0	0.0	0.0
14	22135508	A	C	0	0	0	0	0	0	0	0	0	0	0	0.0	0.0
14	22136149	A	T	0	0	0	0	0	0	0	0	0	0	0	0.0	0.0
14	22136453	C	G	0	0	0	0	0	0	0	0	0	0	0	0.0	0.0
14	22136810	T	C	0	0	0	0	0	0	0	0	0	0	0	0.0	0.0
14	22136829	C	T	0	0	0	0	0	0	0	0	0	0	0	0.0	0.0
14	22137510	T	C	0	0	0	0	0	0	0	0	0	0	0	0.0	0.0
14	22137771	C	T	0	0	0	0	0	0	0	0	0	0	0	0.0	0.0
14	22138095	G	A	0	0	0	0	0	0	0	0	0	0	0	0.0	0.0
14	22138385	A	C	0	0	0	0	0	0	0	0	0	0	0	0.0	0.0
14	22138554	G	T	0	0	0	0	0	0	0	0	0	0	0	0.0	0.0
14	22140156	C	T	0	0	0	0	0	0	0	0	0	0	0	0.0	0.0
14	22141025	G	C	0	0	0	0	0	0	0	0	0	0	0	0.0	0.0
14	22141347	T	C	0	0	0	0	0	0	0	0	0	0	0	0.0	0.0
14	22142077	G	A	0	0	0	0	0	0	0	0	0	0	0	0.0	0.0
14	22143598	G	A	1	1	0	0	0	0	0	0	0	0	1	0.0	1.0
14	22143922	C	T	0	0	0	0	0	0	0	0	0	0	0	0.0	0.0
14	22144020	T	C	0	0	0	0	0	0	0	0	0	0	0	0.0	0.0
14	22144816	C	T	0	0	0	0	0	0	0	0	0	0	0	0.0	0.0
14	22144846	G	C	0	0	0	0	0	0	0	0	0	0	0	0.0	0.0
14	22147213	G	T	0	0	0	0	0	0	0	0	0	0	0	0.0	0.0
14	22148008	T	C	0	0	0	0	0	0	0	0	0	0	0	0.0	0.0
14	22152087	C	G	0	0	0	0	0	0	0	0	0	0	0	0.0	0.0
14	22152096	G	C	0	0	0	0	0	0	0	0	0	0	0	0.0	0.0
14	22152133	T	A	0	0	0	0	0	0	0	0	0	0	0	0.0	0.0
14	22153004	A	G	0	0	0	0	0	0	0	0	0	0	0	0.0	0.0
14	22154017	A	C	0	0	0	0	0	0	0	0	0	0	0	0.0	0.0
14	22159311	T	C	0	0	0	0	0	0	0	0	0	0	0	0.0	0.0
14	22159645	C	T	0	0	0	0	0	0	0	0	0	0	0	0.0	0.0
14	22160099	C	G	0	0	0	0	0	0	0	0	0	0	0	0.0	0.0
14	22161162	G	C	0	0	0	0	0	0	0	0	0	0	0	0.0	0.0
14	22163250	A	G	0	0	0	0	0	0	0	0	0	0	0	0.0	0.0
14	22163590	C	T	0	0	0	0	0	0	0	0	0	0	0	0.0	0.0
14	22163591	A	G	0	0	0	0	0	0	0	0	0	0	0	0.0	0.0
14	22164176	C	T	0	0	0	0	0	0	0	0	0	0	0	0.0	0.0
14	22164208	G	A	0	0	0	0	0	0	0	0	0	0	0	0.0	0.0
14	22164486	T	C	0	0	0	0	0	0	0	0	0	0	0	0.0	0.0
14	22164499	A	G	0	0	0	0	0	0	0	0	0	0	0	0.0	0.0
14	22165576	C	G	0	0	0	0	0	0	0	0	0	0	0	0.0	0.0
14	22165661	A	G	0	0	0	0	0	0	0	0	0	0	0	0.0	0.0
14	22166031	C	G	0	0	0	0	0	0	0	0	0	0	0	0.0	0.0
14	22166211	C	T	0	0	0	0	0	0	0	0	0	0	0	0.0	0.0
14	22166336	A	G	0	0	0	0	0	0	0	0	0	0	0	0.0	0.0
14	22169608	T	A	0	0	0	0	0	0	0	0	0	0	0	0.0	0.0
14	22171093	T	A	0	0	0	0	0	0	0	0	0	0	0	0.0	0.0
14	22172806	A	G	0	0	0	0	0	0	0	0	0	0	0	0.0	0.0
14	22175143	T	C	0	0	0	0	0	0	0	0	0	0	0	0.0	0.0
14	22175621	G	A	0	0	0	0	0	0	0	0	0	0	0	0.0	0.0
14	22176920	T	A	0	0	0	0	0	0	0	0	0	0	0	0.0	0.0
14	22178214	C	T	0	0	0	0	0	0	0	0	0	0	0	0.0	0.0
14	22179091	C	T	0	0	0	0	0	0	0	0	0	0	0	0.0	0.0
14	22179595	A	G	0	0	0	0	0	0	0	0	0	0	0	0.0	0.0
14	22179695	C	T	0	0	0	0	0	0	0	0	0	0	0	0.0	0.0
14	22179843	T	C	0	0	0	0	0	0	0	0	0	0	0	0.0	0.0
14	22180214	A	G	0	0	0	0	0	0	0	0	0	0	0	0.0	0.0
14	22180233	G	A	0	0	0	0	0	0	0	0	0	0	0	0.0	0.0
14	22181261	C	T	0	0	0	0	0	0	0	0	0	0	0	0.0	0.0
14	22181536	A	G	0	0	0	0	0	0	0	0	0	0	0	0.0	0.0
14	22181808	A	G	0	0	0	0	0	0	0	0	0	0	0	0.0	0.0
14	22182709	A	G	0	0	0	0	0	0	0	0	0	0	0	0.0	0.0
14	22183717	C	T	0	0	0	0	0	0	0	0	0	0	0	0.0	0.0
14	22183925	C	T	0	0	0	0	0	0	0	0	0	0	0	0.0	0.0
14	22185657	C	T	0	0	0	0	0	0	0	0	0	0	0	0.0	0.0
14	22185694	T	C	0	0	0	0	0	0	0	0	0	0	0	0.0	0.0
14	22185846	A	C	0	0	0	0	0	0	0	0	0	0	0	0.0	0.0
14	22185875	G	C	0	0	0	0	0	0	0	0	0	0	0	0.0	0.0
14	22186087	T	C	1	0	0	1	0	0	0	0	0	1	0	1.0	0.0
14	22186671	G	A	0	0	0	0	0	0	0	0	0	0	0	0.0	0.0
14	22186982	C	T	0	0	0	0	0	0	0	0	0	0	0	0.0	0.0
14	22187584	C	T	0	0	0	0	0	0	0	0	0	0	0	0.0	0.0
14	22187832	T	C	0	0	0	0	0	0	0	0	0	0	0	0.0	0.0
14	22189154	T	C	0	0	0	0	0	0	0	0	0	0	0	0.0	0.0
14	22189259	T	A	0	0	0	0	0	0	0	0	0	0	0	0.0	0.0
14	22189306	A	G	0	0	0	0	0	0	0	0	0	0	0	0.0	0.0
14	22189943	T	G	0	0	0	0	0	0	0	0	0	0	0	0.0	0.0
14	22190811	T	G	0	0	0	0	0	0	0	0	0	0	0	0.0	0.0
14	22191076	G	C	0	0	0	0	0	0	0	0	0	0	0	0.0	0.0
14	22191680	C	T	0	0	0	0	0	0	0	0	0	0	0	0.0	0.0
14	22194319	T	C	0	0	0	0	0	0	0	0	0	0	0	0.0	0.0
14	22194440	T	C	0	0	0	0	0	0	0	0	0	0	0	0.0	0.0
14	22195531	G	A	0	0	0	0	0	0	0	0	0	0	0	0.0	0.0
14	22196210	A	G	0	0	0	0	0	0	0	0	0	0	0	0.0	0.0
14	22196541	A	C	0	0	0	0	0	0	0	0	0	0	0	0.0	0.0
14	22197397	A	G	0	0	0	0	0	0	0	0	0	0	0	0.0	0.0
14	22197477	T	C	0	0	0	0	0	0	0	0	0	0	0	0.0	0.0
14	22197558	G	C	0	0	0	0	0	0	0	0	0	0	0	0.0	0.0
14	22197951	A	G	0	0	0	0	0	0	0	0	0	0	0	0.0	0.0
14	22198246	G	A	0	0	0	0	0	0	0	0	0	0	0	0.0	0.0
14	22198455	A	G	0	0	0	0	0	0	0	0	0	0	0	0.0	0.0
14	22200094	T	C	0	0	0	0	0	0	0	0	0	0	0	0.0	0.0
14	22200989	T	C	0	0	0	0	0	0	0	0	0	0	0	0.0	0.0
14	22201104	T	C	0	0	0	0	0	0	0	0	0	0	0	0.0	0.0
14	22201150	C	T	0	0	0	0	0	0	0	0	0	0	0	0.0	0.0
14	22201888	A	G	0	0	0	0	0	0	0	0	0	0	0	0.0	0.0
14	22201900	C	T	0	0	0	0	0	0	0	0	0	0	0	0.0	0.0
14	22202462	C	T	0	0	0	0	0	0	0	0	0	0	0	0.0	0.0
14	22202711	T	C	0	0	0	0	0	0	0	0	0	0	0	0.0	0.0
14	22203306	C	T	0	0	0	0	0	0	0	0	0	0	0	0.0	0.0
14	22203345	C	T	0	0	0	0	0	0	0	0	0	0	0	0.0	0.0
14	22203869	A	T	0	0	0	0	0	0	0	0	0	0	0	0.0	0.0
14	22204568	G	A	0	0	0	0	0	0	0	0	0	0	0	0.0	0.0
14	22209363	T	C	0	0	0	0	0	0	0	0	0	0	0	0.0	0.0
14	22209989	T	C	0	0	0	0	0	0	0	0	0	0	0	0.0	0.0
14	22210067	T	C	0	0	0	0	0	0	0	0	0	0	0	0.0	0.0
14	22211240	T	C	0	0	0	0	0	0	0	0	0	0	0	0.0	0.0
14	22212404	T	C	0	0	0	0	0	0	0	0	0	0	0	0.0	0.0
14	22212463	A	G	0	0	0	0	0	0	0	0	0	0	0	0.0	0.0
14	22212818	A	G	0	0	0	0	0	0	0	0	0	0	0	0.0	0.0
14	22213535	A	G	0	0	0	0	0	0	0	0	0	0	0	0.0	0.0
14	22213691	G	T	0	0	0	0	0	0	0	0	0	0	0	0.0	0.0
14	22213799	C	T	0	0	0	0	0	0	0	0	0	0	0	0.0	0.0
14	22214273	G	T	0	0	0	0	0	0	0	0	0	0	0	0.0	0.0
14	22214659	A	C	0	0	0	0	0	0	0	0	0	0	0	0.0	0.0
14	22215075	C	T	0	0	0	0	0	0	0	0	0	0	0	0.0	0.0
14	22215593	C	T	0	0	0	0	0	0	0	0	0	0	0	0.0	0.0
14	22216675	C	A	0	0	0	0	0	0	0	0	0	0	0	0.0	0.0
14	22216991	T	C	0	0	0	0	0	0	0	0	0	0	0	0.0	0.0
14	22216993	G	A	0	0	0	0	0	0	0	0	0	0	0	0.0	0.0
14	22217052	C	T	0	0	0	0	0	0	0	0	0	0	0	0.0	0.0
14	22217356	G	A	0	0	0	0	0	0	0	0	0	0	0	0.0	0.0
14	22218051	C	T	0	0	0	0	0	0	0	0	0	0	0	0.0	0.0
14	22218320	T	A	0	0	0	0	0	0	0	0	0	0	0	0.0	0.0
14	22219425	G	A	0	0	0	0	0	0	0	0	0	0	0	0.0	0.0
14	22220569	T	C	0	0	0	0	0	0	0	0	0	0	0	0.0	0.0
14	22220637	G	A	0	0	0	0	0	0	0	0	0	0	0	0.0	0.0
14	22220957	T	G	0	0	0	0	0	0	0	0	0	0	0	0.0	0.0
14	22221077	C	T	0	0	0	0	0	0	0	0	0	0	0	0.0	0.0
