#Chr	Pos	Ref	Alt	Depth	A	a	T	t	G	g	C	c	ref_depth	alt_depth	ref_freq	alt_freq
18	39543	A	C	0	0	0	0	0	0	0	0	0	0	0	0.0	0.0
18	107655	A	T	0	0	0	0	0	0	0	0	0	0	0	0.0	0.0
18	125371	G	A	0	0	0	0	0	0	0	0	0	0	0	0.0	0.0
18	128151	T	C	0	0	0	0	0	0	0	0	0	0	0	0.0	0.0
18	131139	C	T	0	0	0	0	0	0	0	0	0	0	0	0.0	0.0
18	132649	G	A	0	0	0	0	0	0	0	0	0	0	0	0.0	0.0
18	136630	C	T	0	0	0	0	0	0	0	0	0	0	0	0.0	0.0
18	138601	A	G	0	0	0	0	0	0	0	0	0	0	0	0.0	0.0
18	139605	C	A	0	0	0	0	0	0	0	0	0	0	0	0.0	0.0
18	142178	G	C	0	0	0	0	0	0	0	0	0	0	0	0.0	0.0
18	146978	G	C	0	0	0	0	0	0	0	0	0	0	0	0.0	0.0
18	148203	G	A	0	0	0	0	0	0	0	0	0	0	0	0.0	0.0
18	152600	G	C	0	0	0	0	0	0	0	0	0	0	0	0.0	0.0
18	154192	G	A	0	0	0	0	0	0	0	0	0	0	0	0.0	0.0
18	155712	A	G	0	0	0	0	0	0	0	0	0	0	0	0.0	0.0
18	156739	T	G	0	0	0	0	0	0	0	0	0	0	0	0.0	0.0
18	157065	A	C	0	0	0	0	0	0	0	0	0	0	0	0.0	0.0
18	159281	A	G	0	0	0	0	0	0	0	0	0	0	0	0.0	0.0
18	159290	T	C	0	0	0	0	0	0	0	0	0	0	0	0.0	0.0
18	159382	G	A	0	0	0	0	0	0	0	0	0	0	0	0.0	0.0
18	160887	A	G	0	0	0	0	0	0	0	0	0	0	0	0.0	0.0
18	162039	A	G	0	0	0	0	0	0	0	0	0	0	0	0.0	0.0
18	162214	A	G	0	0	0	0	0	0	0	0	0	0	0	0.0	0.0
18	165022	A	C	0	0	0	0	0	0	0	0	0	0	0	0.0	0.0
18	165098	A	G	0	0	0	0	0	0	0	0	0	0	0	0.0	0.0
18	166277	T	C	0	0	0	0	0	0	0	0	0	0	0	0.0	0.0
18	166542	C	A	0	0	0	0	0	0	0	0	0	0	0	0.0	0.0
18	166819	T	C	0	0	0	0	0	0	0	0	0	0	0	0.0	0.0
18	167536	C	T	0	0	0	0	0	0	0	0	0	0	0	0.0	0.0
18	168389	G	A	0	0	0	0	0	0	0	0	0	0	0	0.0	0.0
18	168994	A	G	0	0	0	0	0	0	0	0	0	0	0	0.0	0.0
18	169441	C	A	0	0	0	0	0	0	0	0	0	0	0	0.0	0.0
18	170346	A	G	0	0	0	0	0	0	0	0	0	0	0	0.0	0.0
18	171973	G	A	1	0	0	0	0	0	1	0	0	1	0	1.0	0.0
18	172410	A	G	0	0	0	0	0	0	0	0	0	0	0	0.0	0.0
18	173269	G	C	0	0	0	0	0	0	0	0	0	0	0	0.0	0.0
18	173718	C	T	0	0	0	0	0	0	0	0	0	0	0	0.0	0.0
18	175140	T	C	0	0	0	0	0	0	0	0	0	0	0	0.0	0.0
18	177101	A	T	0	0	0	0	0	0	0	0	0	0	0	0.0	0.0
18	182139	A	G	0	0	0	0	0	0	0	0	0	0	0	0.0	0.0
18	184704	T	C	0	0	0	0	0	0	0	0	0	0	0	0.0	0.0
18	186210	C	A	0	0	0	0	0	0	0	0	0	0	0	0.0	0.0
18	186998	G	A	0	0	0	0	0	0	0	0	0	0	0	0.0	0.0
18	188526	C	T	0	0	0	0	0	0	0	0	0	0	0	0.0	0.0
18	193162	C	T	0	0	0	0	0	0	0	0	0	0	0	0.0	0.0
18	193365	C	T	0	0	0	0	0	0	0	0	0	0	0	0.0	0.0
18	195405	T	C	0	0	0	0	0	0	0	0	0	0	0	0.0	0.0
18	195644	T	G	0	0	0	0	0	0	0	0	0	0	0	0.0	0.0
18	196098	G	A	0	0	0	0	0	0	0	0	0	0	0	0.0	0.0
18	196465	G	A	0	0	0	0	0	0	0	0	0	0	0	0.0	0.0
18	196829	G	A	0	0	0	0	0	0	0	0	0	0	0	0.0	0.0
18	199557	T	A	0	0	0	0	0	0	0	0	0	0	0	0.0	0.0
18	202494	A	G	0	0	0	0	0	0	0	0	0	0	0	0.0	0.0
18	203081	A	C	0	0	0	0	0	0	0	0	0	0	0	0.0	0.0
18	204232	G	A	0	0	0	0	0	0	0	0	0	0	0	0.0	0.0
18	204815	T	A	0	0	0	0	0	0	0	0	0	0	0	0.0	0.0
18	206874	C	T	0	0	0	0	0	0	0	0	0	0	0	0.0	0.0
18	208222	G	A	0	0	0	0	0	0	0	0	0	0	0	0.0	0.0
18	208998	G	A	0	0	0	0	0	0	0	0	0	0	0	0.0	0.0
18	209430	A	G	0	0	0	0	0	0	0	0	0	0	0	0.0	0.0
18	213827	G	A	0	0	0	0	0	0	0	0	0	0	0	0.0	0.0
18	214959	A	G	0	0	0	0	0	0	0	0	0	0	0	0.0	0.0
18	215299	A	T	0	0	0	0	0	0	0	0	0	0	0	0.0	0.0
18	216958	C	T	0	0	0	0	0	0	0	0	0	0	0	0.0	0.0
18	217379	G	A	0	0	0	0	0	0	0	0	0	0	0	0.0	0.0
18	217866	G	A	0	0	0	0	0	0	0	0	0	0	0	0.0	0.0
18	218242	A	T	0	0	0	0	0	0	0	0	0	0	0	0.0	0.0
18	218285	A	G	0	0	0	0	0	0	0	0	0	0	0	0.0	0.0
18	218366	C	T	0	0	0	0	0	0	0	0	0	0	0	0.0	0.0
18	218695	T	C	0	0	0	0	0	0	0	0	0	0	0	0.0	0.0
18	220658	G	A	0	0	0	0	0	0	0	0	0	0	0	0.0	0.0
18	221102	G	T	0	0	0	0	0	0	0	0	0	0	0	0.0	0.0
18	221131	G	T	0	0	0	0	0	0	0	0	0	0	0	0.0	0.0
18	223189	C	T	0	0	0	0	0	0	0	0	0	0	0	0.0	0.0
18	224184	C	G	0	0	0	0	0	0	0	0	0	0	0	0.0	0.0
18	226485	A	G	0	0	0	0	0	0	0	0	0	0	0	0.0	0.0
18	229853	C	G	0	0	0	0	0	0	0	0	0	0	0	0.0	0.0
18	229887	C	T	0	0	0	0	0	0	0	0	0	0	0	0.0	0.0
18	230739	T	A	0	0	0	0	0	0	0	0	0	0	0	0.0	0.0
18	233443	G	A	0	0	0	0	0	0	0	0	0	0	0	0.0	0.0
18	235928	A	G	0	0	0	0	0	0	0	0	0	0	0	0.0	0.0
18	236437	G	A	0	0	0	0	0	0	0	0	0	0	0	0.0	0.0
18	237663	G	T	0	0	0	0	0	0	0	0	0	0	0	0.0	0.0
18	240616	A	T	0	0	0	0	0	0	0	0	0	0	0	0.0	0.0
18	242268	C	G	0	0	0	0	0	0	0	0	0	0	0	0.0	0.0
18	242350	C	T	0	0	0	0	0	0	0	0	0	0	0	0.0	0.0
18	242369	T	C	0	0	0	0	0	0	0	0	0	0	0	0.0	0.0
18	243545	A	T	0	0	0	0	0	0	0	0	0	0	0	0.0	0.0
18	249472	A	G	0	0	0	0	0	0	0	0	0	0	0	0.0	0.0
18	249939	T	C	0	0	0	0	0	0	0	0	0	0	0	0.0	0.0
18	250047	T	C	0	0	0	0	0	0	0	0	0	0	0	0.0	0.0
18	250058	A	G	0	0	0	0	0	0	0	0	0	0	0	0.0	0.0
18	252038	C	T	0	0	0	0	0	0	0	0	0	0	0	0.0	0.0
18	254640	G	A	0	0	0	0	0	0	0	0	0	0	0	0.0	0.0
18	255143	G	A	0	0	0	0	0	0	0	0	0	0	0	0.0	0.0
18	255552	G	A	0	0	0	0	0	0	0	0	0	0	0	0.0	0.0
18	258294	G	A	0	0	0	0	0	0	0	0	0	0	0	0.0	0.0
18	258809	T	C	0	0	0	0	0	0	0	0	0	0	0	0.0	0.0
18	260504	T	C	0	0	0	0	0	0	0	0	0	0	0	0.0	0.0
18	260597	T	C	0	0	0	0	0	0	0	0	0	0	0	0.0	0.0
18	263718	T	C	0	0	0	0	0	0	0	0	0	0	0	0.0	0.0
18	266457	A	C	0	0	0	0	0	0	0	0	0	0	0	0.0	0.0
18	266848	C	T	0	0	0	0	0	0	0	0	0	0	0	0.0	0.0
18	267262	C	G	0	0	0	0	0	0	0	0	0	0	0	0.0	0.0
18	267367	A	C	0	0	0	0	0	0	0	0	0	0	0	0.0	0.0
18	269728	G	A	0	0	0	0	0	0	0	0	0	0	0	0.0	0.0
18	274474	C	T	0	0	0	0	0	0	0	0	0	0	0	0.0	0.0
18	274753	C	T	0	0	0	0	0	0	0	0	0	0	0	0.0	0.0
18	276661	G	A	0	0	0	0	0	0	0	0	0	0	0	0.0	0.0
18	276848	T	C	0	0	0	0	0	0	0	0	0	0	0	0.0	0.0
18	277265	A	G	0	0	0	0	0	0	0	0	0	0	0	0.0	0.0
18	277890	G	A	0	0	0	0	0	0	0	0	0	0	0	0.0	0.0
18	280617	G	A	0	0	0	0	0	0	0	0	0	0	0	0.0	0.0
18	280647	T	G	0	0	0	0	0	0	0	0	0	0	0	0.0	0.0
18	281423	C	G	0	0	0	0	0	0	0	0	0	0	0	0.0	0.0
18	282147	A	C	0	0	0	0	0	0	0	0	0	0	0	0.0	0.0
18	284176	C	T	0	0	0	0	0	0	0	0	0	0	0	0.0	0.0
18	285953	G	A	0	0	0	0	0	0	0	0	0	0	0	0.0	0.0
18	286372	G	T	0	0	0	0	0	0	0	0	0	0	0	0.0	0.0
18	288280	G	A	0	0	0	0	0	0	0	0	0	0	0	0.0	0.0
18	288689	A	G	0	0	0	0	0	0	0	0	0	0	0	0.0	0.0
18	289153	A	G	0	0	0	0	0	0	0	0	0	0	0	0.0	0.0
18	289210	G	A	0	0	0	0	0	0	0	0	0	0	0	0.0	0.0
18	289942	C	T	1	0	0	0	1	0	0	0	0	0	1	0.0	1.0
18	293384	C	G	0	0	0	0	0	0	0	0	0	0	0	0.0	0.0
18	295046	G	T	0	0	0	0	0	0	0	0	0	0	0	0.0	0.0
18	295191	C	T	0	0	0	0	0	0	0	0	0	0	0	0.0	0.0
18	295246	T	C	0	0	0	0	0	0	0	0	0	0	0	0.0	0.0
18	298672	C	G	0	0	0	0	0	0	0	0	0	0	0	0.0	0.0
18	300235	T	C	0	0	0	0	0	0	0	0	0	0	0	0.0	0.0
18	300337	G	A	0	0	0	0	0	0	0	0	0	0	0	0.0	0.0
18	302224	A	G	0	0	0	0	0	0	0	0	0	0	0	0.0	0.0
18	303389	C	T	0	0	0	0	0	0	0	0	0	0	0	0.0	0.0
18	305712	T	C	0	0	0	0	0	0	0	0	0	0	0	0.0	0.0
18	305713	G	A	0	0	0	0	0	0	0	0	0	0	0	0.0	0.0
18	305766	T	C	0	0	0	0	0	0	0	0	0	0	0	0.0	0.0
18	305818	T	C	0	0	0	0	0	0	0	0	0	0	0	0.0	0.0
18	305819	G	T	0	0	0	0	0	0	0	0	0	0	0	0.0	0.0
18	305822	C	T	0	0	0	0	0	0	0	0	0	0	0	0.0	0.0
18	305834	T	C	0	0	0	0	0	0	0	0	0	0	0	0.0	0.0
18	306394	A	C	0	0	0	0	0	0	0	0	0	0	0	0.0	0.0
18	306724	G	C	0	0	0	0	0	0	0	0	0	0	0	0.0	0.0
18	307134	T	G	0	0	0	0	0	0	0	0	0	0	0	0.0	0.0
18	307769	G	A	0	0	0	0	0	0	0	0	0	0	0	0.0	0.0
18	308135	G	A	0	0	0	0	0	0	0	0	0	0	0	0.0	0.0
18	309589	A	G	0	0	0	0	0	0	0	0	0	0	0	0.0	0.0
18	309902	G	A	0	0	0	0	0	0	0	0	0	0	0	0.0	0.0
18	309921	T	C	0	0	0	0	0	0	0	0	0	0	0	0.0	0.0
18	310616	C	T	0	0	0	0	0	0	0	0	0	0	0	0.0	0.0
18	311204	T	C	0	0	0	0	0	0	0	0	0	0	0	0.0	0.0
18	311232	G	C	0	0	0	0	0	0	0	0	0	0	0	0.0	0.0
18	311250	C	A	0	0	0	0	0	0	0	0	0	0	0	0.0	0.0
18	311251	C	T	0	0	0	0	0	0	0	0	0	0	0	0.0	0.0
18	311393	C	G	0	0	0	0	0	0	0	0	0	0	0	0.0	0.0
18	311431	G	A	0	0	0	0	0	0	0	0	0	0	0	0.0	0.0
18	311474	C	T	0	0	0	0	0	0	0	0	0	0	0	0.0	0.0
18	312044	T	C	0	0	0	0	0	0	0	0	0	0	0	0.0	0.0
18	312221	C	T	0	0	0	0	0	0	0	0	0	0	0	0.0	0.0
18	312577	G	A	0	0	0	0	0	0	0	0	0	0	0	0.0	0.0
18	313250	C	T	0	0	0	0	0	0	0	0	0	0	0	0.0	0.0
18	313618	C	T	0	0	0	0	0	0	0	0	0	0	0	0.0	0.0
18	314269	T	C	0	0	0	0	0	0	0	0	0	0	0	0.0	0.0
18	314317	A	T	0	0	0	0	0	0	0	0	0	0	0	0.0	0.0
18	315368	A	T	0	0	0	0	0	0	0	0	0	0	0	0.0	0.0
18	315404	G	A	0	0	0	0	0	0	0	0	0	0	0	0.0	0.0
18	315427	C	A	0	0	0	0	0	0	0	0	0	0	0	0.0	0.0
18	316349	T	C	0	0	0	0	0	0	0	0	0	0	0	0.0	0.0
18	317174	C	T	0	0	0	0	0	0	0	0	0	0	0	0.0	0.0
18	317178	A	G	0	0	0	0	0	0	0	0	0	0	0	0.0	0.0
18	317183	G	A	0	0	0	0	0	0	0	0	0	0	0	0.0	0.0
18	317791	G	T	0	0	0	0	0	0	0	0	0	0	0	0.0	0.0
18	318182	G	A	0	0	0	0	0	0	0	0	0	0	0	0.0	0.0
18	319272	A	G	0	0	0	0	0	0	0	0	0	0	0	0.0	0.0
18	319446	C	A	0	0	0	0	0	0	0	0	0	0	0	0.0	0.0
18	320772	A	T	0	0	0	0	0	0	0	0	0	0	0	0.0	0.0
18	320993	C	T	0	0	0	0	0	0	0	0	0	0	0	0.0	0.0
18	322183	G	A	0	0	0	0	0	0	0	0	0	0	0	0.0	0.0
18	322226	T	A	0	0	0	0	0	0	0	0	0	0	0	0.0	0.0
18	322367	G	T	0	0	0	0	0	0	0	0	0	0	0	0.0	0.0
18	322522	C	T	0	0	0	0	0	0	0	0	0	0	0	0.0	0.0
18	322716	G	C	0	0	0	0	0	0	0	0	0	0	0	0.0	0.0
18	325109	C	G	0	0	0	0	0	0	0	0	0	0	0	0.0	0.0
18	325455	G	C	0	0	0	0	0	0	0	0	0	0	0	0.0	0.0
18	330493	T	G	0	0	0	0	0	0	0	0	0	0	0	0.0	0.0
18	330907	T	A	0	0	0	0	0	0	0	0	0	0	0	0.0	0.0
18	331506	G	A	0	0	0	0	0	0	0	0	0	0	0	0.0	0.0
18	331546	C	T	0	0	0	0	0	0	0	0	0	0	0	0.0	0.0
18	332483	G	A	0	0	0	0	0	0	0	0	0	0	0	0.0	0.0
18	333739	A	G	0	0	0	0	0	0	0	0	0	0	0	0.0	0.0
18	334562	A	G	0	0	0	0	0	0	0	0	0	0	0	0.0	0.0
18	334758	T	C	0	0	0	0	0	0	0	0	0	0	0	0.0	0.0
18	335316	A	C	0	0	0	0	0	0	0	0	0	0	0	0.0	0.0
18	335732	C	T	0	0	0	0	0	0	0	0	0	0	0	0.0	0.0
18	337240	G	T	0	0	0	0	0	0	0	0	0	0	0	0.0	0.0
18	337543	T	C	0	0	0	0	0	0	0	0	0	0	0	0.0	0.0
18	338113	T	C	0	0	0	0	0	0	0	0	0	0	0	0.0	0.0
18	338132	C	A	0	0	0	0	0	0	0	0	0	0	0	0.0	0.0
18	338297	T	C	1	0	0	1	0	0	0	0	0	1	0	1.0	0.0
18	338482	C	T	0	0	0	0	0	0	0	0	0	0	0	0.0	0.0
18	338603	A	G	0	0	0	0	0	0	0	0	0	0	0	0.0	0.0
18	338768	G	A	0	0	0	0	0	0	0	0	0	0	0	0.0	0.0
18	338936	T	C	0	0	0	0	0	0	0	0	0	0	0	0.0	0.0
18	338972	C	T	0	0	0	0	0	0	0	0	0	0	0	0.0	0.0
18	339337	T	C	0	0	0	0	0	0	0	0	0	0	0	0.0	0.0
18	339386	T	C	0	0	0	0	0	0	0	0	0	0	0	0.0	0.0
18	339594	A	C	0	0	0	0	0	0	0	0	0	0	0	0.0	0.0
18	339756	T	C	0	0	0	0	0	0	0	0	0	0	0	0.0	0.0
18	340155	G	C	0	0	0	0	0	0	0	0	0	0	0	0.0	0.0
18	340257	C	G	1	0	0	0	0	1	0	0	0	0	1	0.0	1.0
18	340373	G	A	0	0	0	0	0	0	0	0	0	0	0	0.0	0.0
18	340507	T	C	0	0	0	0	0	0	0	0	0	0	0	0.0	0.0
18	340963	T	C	0	0	0	0	0	0	0	0	0	0	0	0.0	0.0
18	340992	C	T	0	0	0	0	0	0	0	0	0	0	0	0.0	0.0
18	342164	T	C	0	0	0	0	0	0	0	0	0	0	0	0.0	0.0
18	342424	A	G	0	0	0	0	0	0	0	0	0	0	0	0.0	0.0
18	342537	C	T	0	0	0	0	0	0	0	0	0	0	0	0.0	0.0
18	342544	C	T	0	0	0	0	0	0	0	0	0	0	0	0.0	0.0
18	342992	T	A	0	0	0	0	0	0	0	0	0	0	0	0.0	0.0
18	343238	T	A	0	0	0	0	0	0	0	0	0	0	0	0.0	0.0
18	343590	C	T	0	0	0	0	0	0	0	0	0	0	0	0.0	0.0
18	343717	G	A	0	0	0	0	0	0	0	0	0	0	0	0.0	0.0
18	345374	C	A	0	0	0	0	0	0	0	0	0	0	0	0.0	0.0
18	348265	T	C	0	0	0	0	0	0	0	0	0	0	0	0.0	0.0
18	348598	G	A	0	0	0	0	0	0	0	0	0	0	0	0.0	0.0
18	349426	C	T	0	0	0	0	0	0	0	0	0	0	0	0.0	0.0
18	350423	A	G	0	0	0	0	0	0	0	0	0	0	0	0.0	0.0
18	351935	C	A	0	0	0	0	0	0	0	0	0	0	0	0.0	0.0
18	352087	T	C	0	0	0	0	0	0	0	0	0	0	0	0.0	0.0
18	352095	A	T	0	0	0	0	0	0	0	0	0	0	0	0.0	0.0
18	352577	A	G	0	0	0	0	0	0	0	0	0	0	0	0.0	0.0
18	353072	C	G	0	0	0	0	0	0	0	0	0	0	0	0.0	0.0
18	354165	C	G	0	0	0	0	0	0	0	0	0	0	0	0.0	0.0
18	355410	G	A	0	0	0	0	0	0	0	0	0	0	0	0.0	0.0
18	355944	A	G	0	0	0	0	0	0	0	0	0	0	0	0.0	0.0
18	356337	A	T	0	0	0	0	0	0	0	0	0	0	0	0.0	0.0
18	356374	A	G	0	0	0	0	0	0	0	0	0	0	0	0.0	0.0
18	357247	G	A	0	0	0	0	0	0	0	0	0	0	0	0.0	0.0
18	357570	T	C	0	0	0	0	0	0	0	0	0	0	0	0.0	0.0
18	358057	T	C	0	0	0	0	0	0	0	0	0	0	0	0.0	0.0
18	358187	C	T	0	0	0	0	0	0	0	0	0	0	0	0.0	0.0
18	358226	T	C	0	0	0	0	0	0	0	0	0	0	0	0.0	0.0
18	358579	A	T	0	0	0	0	0	0	0	0	0	0	0	0.0	0.0
18	359079	C	T	0	0	0	0	0	0	0	0	0	0	0	0.0	0.0
18	359196	C	T	0	0	0	0	0	0	0	0	0	0	0	0.0	0.0
18	359884	G	A	0	0	0	0	0	0	0	0	0	0	0	0.0	0.0
18	362623	T	C	0	0	0	0	0	0	0	0	0	0	0	0.0	0.0
18	363036	G	C	0	0	0	0	0	0	0	0	0	0	0	0.0	0.0
18	364326	G	A	0	0	0	0	0	0	0	0	0	0	0	0.0	0.0
18	364327	C	T	0	0	0	0	0	0	0	0	0	0	0	0.0	0.0
18	364907	G	A	0	0	0	0	0	0	0	0	0	0	0	0.0	0.0
18	365815	T	C	0	0	0	0	0	0	0	0	0	0	0	0.0	0.0
18	365930	C	G	0	0	0	0	0	0	0	0	0	0	0	0.0	0.0
18	366043	A	C	0	0	0	0	0	0	0	0	0	0	0	0.0	0.0
18	367725	C	A	0	0	0	0	0	0	0	0	0	0	0	0.0	0.0
18	368115	T	C	0	0	0	0	0	0	0	0	0	0	0	0.0	0.0
18	368215	C	T	0	0	0	0	0	0	0	0	0	0	0	0.0	0.0
18	368446	T	C	0	0	0	0	0	0	0	0	0	0	0	0.0	0.0
18	368469	G	C	0	0	0	0	0	0	0	0	0	0	0	0.0	0.0
18	369058	T	C	0	0	0	0	0	0	0	0	0	0	0	0.0	0.0
18	369955	G	C	0	0	0	0	0	0	0	0	0	0	0	0.0	0.0
18	371281	C	T	0	0	0	0	0	0	0	0	0	0	0	0.0	0.0
18	372041	C	T	0	0	0	0	0	0	0	0	0	0	0	0.0	0.0
18	372683	G	A	0	0	0	0	0	0	0	0	0	0	0	0.0	0.0
18	372837	G	T	0	0	0	0	0	0	0	0	0	0	0	0.0	0.0
18	373670	C	T	0	0	0	0	0	0	0	0	0	0	0	0.0	0.0
18	374047	T	A	0	0	0	0	0	0	0	0	0	0	0	0.0	0.0
18	375841	C	T	0	0	0	0	0	0	0	0	0	0	0	0.0	0.0
18	376191	A	G	0	0	0	0	0	0	0	0	0	0	0	0.0	0.0
18	377105	C	T	0	0	0	0	0	0	0	0	0	0	0	0.0	0.0
18	377818	C	T	0	0	0	0	0	0	0	0	0	0	0	0.0	0.0
18	379644	T	C	0	0	0	0	0	0	0	0	0	0	0	0.0	0.0
18	380831	G	C	0	0	0	0	0	0	0	0	0	0	0	0.0	0.0
18	380945	G	A	0	0	0	0	0	0	0	0	0	0	0	0.0	0.0
18	381997	C	G	0	0	0	0	0	0	0	0	0	0	0	0.0	0.0
18	383047	C	G	0	0	0	0	0	0	0	0	0	0	0	0.0	0.0
18	383073	A	G	0	0	0	0	0	0	0	0	0	0	0	0.0	0.0
18	383336	C	T	0	0	0	0	0	0	0	0	0	0	0	0.0	0.0
18	383931	A	G	0	0	0	0	0	0	0	0	0	0	0	0.0	0.0
18	384003	C	T	0	0	0	0	0	0	0	0	0	0	0	0.0	0.0
18	384971	C	G	0	0	0	0	0	0	0	0	0	0	0	0.0	0.0
18	385544	C	T	0	0	0	0	0	0	0	0	0	0	0	0.0	0.0
18	385571	T	C	0	0	0	0	0	0	0	0	0	0	0	0.0	0.0
18	385735	A	G	0	0	0	0	0	0	0	0	0	0	0	0.0	0.0
18	385796	T	C	0	0	0	0	0	0	0	0	0	0	0	0.0	0.0
18	385908	A	G	0	0	0	0	0	0	0	0	0	0	0	0.0	0.0
18	386051	G	A	0	0	0	0	0	0	0	0	0	0	0	0.0	0.0
18	386301	G	T	0	0	0	0	0	0	0	0	0	0	0	0.0	0.0
18	386517	T	C	0	0	0	0	0	0	0	0	0	0	0	0.0	0.0
18	387005	G	A	0	0	0	0	0	0	0	0	0	0	0	0.0	0.0
18	387120	G	A	0	0	0	0	0	0	0	0	0	0	0	0.0	0.0
18	387700	A	G	0	0	0	0	0	0	0	0	0	0	0	0.0	0.0
18	388110	A	T	0	0	0	0	0	0	0	0	0	0	0	0.0	0.0
18	388587	A	T	0	0	0	0	0	0	0	0	0	0	0	0.0	0.0
18	390713	T	C	0	0	0	0	0	0	0	0	0	0	0	0.0	0.0
18	393753	A	G	0	0	0	0	0	0	0	0	0	0	0	0.0	0.0
18	394946	A	C	0	0	0	0	0	0	0	0	0	0	0	0.0	0.0
18	396698	T	C	0	0	0	0	0	0	0	0	0	0	0	0.0	0.0
18	398147	T	C	0	0	0	0	0	0	0	0	0	0	0	0.0	0.0
18	398803	C	G	0	0	0	0	0	0	0	0	0	0	0	0.0	0.0
18	398917	G	C	0	0	0	0	0	0	0	0	0	0	0	0.0	0.0
18	399447	T	C	0	0	0	0	0	0	0	0	0	0	0	0.0	0.0
18	399945	G	A	0	0	0	0	0	0	0	0	0	0	0	0.0	0.0
18	400706	T	C	0	0	0	0	0	0	0	0	0	0	0	0.0	0.0
18	400739	C	A	0	0	0	0	0	0	0	0	0	0	0	0.0	0.0
18	400749	G	A	0	0	0	0	0	0	0	0	0	0	0	0.0	0.0
18	400766	T	C	0	0	0	0	0	0	0	0	0	0	0	0.0	0.0
18	401573	G	A	0	0	0	0	0	0	0	0	0	0	0	0.0	0.0
18	401933	G	T	0	0	0	0	0	0	0	0	0	0	0	0.0	0.0
18	403062	G	A	0	0	0	0	0	0	0	0	0	0	0	0.0	0.0
18	403096	C	T	0	0	0	0	0	0	0	0	0	0	0	0.0	0.0
18	403218	A	G	0	0	0	0	0	0	0	0	0	0	0	0.0	0.0
18	403324	G	T	0	0	0	0	0	0	0	0	0	0	0	0.0	0.0
18	403622	T	C	0	0	0	0	0	0	0	0	0	0	0	0.0	0.0
18	403892	A	G	0	0	0	0	0	0	0	0	0	0	0	0.0	0.0
18	404433	G	A	0	0	0	0	0	0	0	0	0	0	0	0.0	0.0
18	405722	A	T	0	0	0	0	0	0	0	0	0	0	0	0.0	0.0
18	406495	G	A	0	0	0	0	0	0	0	0	0	0	0	0.0	0.0
18	407425	G	A	0	0	0	0	0	0	0	0	0	0	0	0.0	0.0
18	407535	T	C	0	0	0	0	0	0	0	0	0	0	0	0.0	0.0
18	407586	T	C	0	0	0	0	0	0	0	0	0	0	0	0.0	0.0
18	407710	C	T	0	0	0	0	0	0	0	0	0	0	0	0.0	0.0
18	407733	A	G	0	0	0	0	0	0	0	0	0	0	0	0.0	0.0
18	407958	T	C	0	0	0	0	0	0	0	0	0	0	0	0.0	0.0
18	410645	G	A	0	0	0	0	0	0	0	0	0	0	0	0.0	0.0
18	410938	C	T	0	0	0	0	0	0	0	0	0	0	0	0.0	0.0
18	413463	C	A	1	0	0	0	0	0	0	0	1	1	0	1.0	0.0
18	413686	G	A	0	0	0	0	0	0	0	0	0	0	0	0.0	0.0
18	413697	C	T	0	0	0	0	0	0	0	0	0	0	0	0.0	0.0
18	414522	C	T	0	0	0	0	0	0	0	0	0	0	0	0.0	0.0
18	415259	C	A	0	0	0	0	0	0	0	0	0	0	0	0.0	0.0
18	417542	G	A	0	0	0	0	0	0	0	0	0	0	0	0.0	0.0
18	417559	T	C	0	0	0	0	0	0	0	0	0	0	0	0.0	0.0
18	417811	T	C	0	0	0	0	0	0	0	0	0	0	0	0.0	0.0
18	418015	G	A	0	0	0	0	0	0	0	0	0	0	0	0.0	0.0
18	418106	C	T	0	0	0	0	0	0	0	0	0	0	0	0.0	0.0
18	418583	G	A	0	0	0	0	0	0	0	0	0	0	0	0.0	0.0
18	420039	A	G	0	0	0	0	0	0	0	0	0	0	0	0.0	0.0
18	420105	C	T	0	0	0	0	0	0	0	0	0	0	0	0.0	0.0
18	421041	C	T	0	0	0	0	0	0	0	0	0	0	0	0.0	0.0
18	421229	A	G	0	0	0	0	0	0	0	0	0	0	0	0.0	0.0
18	421278	A	G	0	0	0	0	0	0	0	0	0	0	0	0.0	0.0
18	421334	A	G	0	0	0	0	0	0	0	0	0	0	0	0.0	0.0
18	421524	A	G	0	0	0	0	0	0	0	0	0	0	0	0.0	0.0
18	421650	C	T	0	0	0	0	0	0	0	0	0	0	0	0.0	0.0
18	422006	C	G	1	0	0	0	0	0	0	1	0	1	0	1.0	0.0
18	422163	A	G	0	0	0	0	0	0	0	0	0	0	0	0.0	0.0
18	422504	T	C	0	0	0	0	0	0	0	0	0	0	0	0.0	0.0
18	422523	A	G	0	0	0	0	0	0	0	0	0	0	0	0.0	0.0
18	422880	C	T	0	0	0	0	0	0	0	0	0	0	0	0.0	0.0
18	423026	G	T	0	0	0	0	0	0	0	0	0	0	0	0.0	0.0
18	423059	T	A	0	0	0	0	0	0	0	0	0	0	0	0.0	0.0
18	423108	A	G	0	0	0	0	0	0	0	0	0	0	0	0.0	0.0
18	423252	G	C	0	0	0	0	0	0	0	0	0	0	0	0.0	0.0
18	423757	T	G	0	0	0	0	0	0	0	0	0	0	0	0.0	0.0
18	423768	T	G	0	0	0	0	0	0	0	0	0	0	0	0.0	0.0
18	424745	T	C	0	0	0	0	0	0	0	0	0	0	0	0.0	0.0
18	426365	A	G	0	0	0	0	0	0	0	0	0	0	0	0.0	0.0
18	427408	G	A	0	0	0	0	0	0	0	0	0	0	0	0.0	0.0
18	429054	T	A	0	0	0	0	0	0	0	0	0	0	0	0.0	0.0
18	432080	C	T	1	0	0	0	1	0	0	0	0	0	1	0.0	1.0
18	432267	A	T	0	0	0	0	0	0	0	0	0	0	0	0.0	0.0
18	432269	A	G	0	0	0	0	0	0	0	0	0	0	0	0.0	0.0
18	432466	C	T	0	0	0	0	0	0	0	0	0	0	0	0.0	0.0
18	432940	C	T	0	0	0	0	0	0	0	0	0	0	0	0.0	0.0
18	433431	G	A	0	0	0	0	0	0	0	0	0	0	0	0.0	0.0
18	433993	T	C	0	0	0	0	0	0	0	0	0	0	0	0.0	0.0
18	434478	C	T	0	0	0	0	0	0	0	0	0	0	0	0.0	0.0
18	434815	T	C	0	0	0	0	0	0	0	0	0	0	0	0.0	0.0
18	434925	G	A	0	0	0	0	0	0	0	0	0	0	0	0.0	0.0
18	435498	G	C	0	0	0	0	0	0	0	0	0	0	0	0.0	0.0
18	435951	T	C	0	0	0	0	0	0	0	0	0	0	0	0.0	0.0
18	437232	T	C	0	0	0	0	0	0	0	0	0	0	0	0.0	0.0
18	437397	A	C	0	0	0	0	0	0	0	0	0	0	0	0.0	0.0
18	438460	A	C	0	0	0	0	0	0	0	0	0	0	0	0.0	0.0
18	440218	G	A	0	0	0	0	0	0	0	0	0	0	0	0.0	0.0
18	440976	T	C	0	0	0	0	0	0	0	0	0	0	0	0.0	0.0
18	441019	C	T	0	0	0	0	0	0	0	0	0	0	0	0.0	0.0
18	441023	T	C	0	0	0	0	0	0	0	0	0	0	0	0.0	0.0
18	441204	T	C	0	0	0	0	0	0	0	0	0	0	0	0.0	0.0
18	442821	C	T	0	0	0	0	0	0	0	0	0	0	0	0.0	0.0
18	443946	G	A	0	0	0	0	0	0	0	0	0	0	0	0.0	0.0
18	443977	T	C	0	0	0	0	0	0	0	0	0	0	0	0.0	0.0
18	444687	G	A	0	0	0	0	0	0	0	0	0	0	0	0.0	0.0
18	445309	G	A	0	0	0	0	0	0	0	0	0	0	0	0.0	0.0
18	445774	G	A	0	0	0	0	0	0	0	0	0	0	0	0.0	0.0
18	446290	G	A	0	0	0	0	0	0	0	0	0	0	0	0.0	0.0
18	446441	C	T	0	0	0	0	0	0	0	0	0	0	0	0.0	0.0
18	446468	A	G	0	0	0	0	0	0	0	0	0	0	0	0.0	0.0
18	447999	C	A	0	0	0	0	0	0	0	0	0	0	0	0.0	0.0
18	448051	T	C	0	0	0	0	0	0	0	0	0	0	0	0.0	0.0
18	448290	G	A	0	0	0	0	0	0	0	0	0	0	0	0.0	0.0
18	449576	A	G	0	0	0	0	0	0	0	0	0	0	0	0.0	0.0
18	449778	G	A	0	0	0	0	0	0	0	0	0	0	0	0.0	0.0
18	449903	C	T	0	0	0	0	0	0	0	0	0	0	0	0.0	0.0
18	450277	C	T	0	0	0	0	0	0	0	0	0	0	0	0.0	0.0
18	450671	T	A	0	0	0	0	0	0	0	0	0	0	0	0.0	0.0
18	450816	G	A	0	0	0	0	0	0	0	0	0	0	0	0.0	0.0
18	451712	A	C	0	0	0	0	0	0	0	0	0	0	0	0.0	0.0
18	452104	C	T	0	0	0	0	0	0	0	0	0	0	0	0.0	0.0
18	452284	T	C	0	0	0	0	0	0	0	0	0	0	0	0.0	0.0
18	452663	A	G	0	0	0	0	0	0	0	0	0	0	0	0.0	0.0
18	453451	C	G	0	0	0	0	0	0	0	0	0	0	0	0.0	0.0
18	453557	C	T	0	0	0	0	0	0	0	0	0	0	0	0.0	0.0
18	455128	A	G	0	0	0	0	0	0	0	0	0	0	0	0.0	0.0
18	455378	T	C	0	0	0	0	0	0	0	0	0	0	0	0.0	0.0
18	455396	A	G	0	0	0	0	0	0	0	0	0	0	0	0.0	0.0
18	455588	C	T	0	0	0	0	0	0	0	0	0	0	0	0.0	0.0
18	455649	C	T	0	0	0	0	0	0	0	0	0	0	0	0.0	0.0
18	455937	C	T	0	0	0	0	0	0	0	0	0	0	0	0.0	0.0
18	455988	G	C	0	0	0	0	0	0	0	0	0	0	0	0.0	0.0
18	457867	G	A	0	0	0	0	0	0	0	0	0	0	0	0.0	0.0
18	458383	G	A	0	0	0	0	0	0	0	0	0	0	0	0.0	0.0
18	459035	G	T	0	0	0	0	0	0	0	0	0	0	0	0.0	0.0
18	460565	G	A	0	0	0	0	0	0	0	0	0	0	0	0.0	0.0
18	460631	C	G	0	0	0	0	0	0	0	0	0	0	0	0.0	0.0
18	461182	C	T	0	0	0	0	0	0	0	0	0	0	0	0.0	0.0
18	461227	A	C	0	0	0	0	0	0	0	0	0	0	0	0.0	0.0
18	461778	C	T	0	0	0	0	0	0	0	0	0	0	0	0.0	0.0
18	461872	G	A	0	0	0	0	0	0	0	0	0	0	0	0.0	0.0
18	462180	C	T	1	0	0	0	1	0	0	0	0	0	1	0.0	1.0
18	462289	T	C	0	0	0	0	0	0	0	0	0	0	0	0.0	0.0
18	463009	A	G	0	0	0	0	0	0	0	0	0	0	0	0.0	0.0
18	463020	C	G	0	0	0	0	0	0	0	0	0	0	0	0.0	0.0
18	463146	C	T	0	0	0	0	0	0	0	0	0	0	0	0.0	0.0
18	463177	C	T	0	0	0	0	0	0	0	0	0	0	0	0.0	0.0
18	463606	A	G	0	0	0	0	0	0	0	0	0	0	0	0.0	0.0
18	464885	A	G	0	0	0	0	0	0	0	0	0	0	0	0.0	0.0
18	464909	C	T	0	0	0	0	0	0	0	0	0	0	0	0.0	0.0
18	465539	C	T	0	0	0	0	0	0	0	0	0	0	0	0.0	0.0
18	466202	T	C	0	0	0	0	0	0	0	0	0	0	0	0.0	0.0
18	466283	T	G	0	0	0	0	0	0	0	0	0	0	0	0.0	0.0
18	466351	C	T	0	0	0	0	0	0	0	0	0	0	0	0.0	0.0
18	466372	G	A	0	0	0	0	0	0	0	0	0	0	0	0.0	0.0
18	466379	G	A	0	0	0	0	0	0	0	0	0	0	0	0.0	0.0
18	466382	T	C	0	0	0	0	0	0	0	0	0	0	0	0.0	0.0
18	468194	G	A	0	0	0	0	0	0	0	0	0	0	0	0.0	0.0
18	470588	A	G	0	0	0	0	0	0	0	0	0	0	0	0.0	0.0
18	470944	A	G	0	0	0	0	0	0	0	0	0	0	0	0.0	0.0
18	472662	G	C	0	0	0	0	0	0	0	0	0	0	0	0.0	0.0
18	473028	G	T	0	0	0	0	0	0	0	0	0	0	0	0.0	0.0
18	473173	T	G	1	0	0	1	0	0	0	0	0	1	0	1.0	0.0
18	473288	A	G	2	2	0	0	0	0	0	0	0	2	0	1.0	0.0
18	474827	G	C	0	0	0	0	0	0	0	0	0	0	0	0.0	0.0
18	474838	C	G	0	0	0	0	0	0	0	0	0	0	0	0.0	0.0
18	474860	G	T	0	0	0	0	0	0	0	0	0	0	0	0.0	0.0
18	475155	A	C	1	0	0	0	0	0	0	1	0	0	1	0.0	1.0
18	475796	G	A	0	0	0	0	0	0	0	0	0	0	0	0.0	0.0
18	478440	T	C	0	0	0	0	0	0	0	0	0	0	0	0.0	0.0
18	478521	G	A	0	0	0	0	0	0	0	0	0	0	0	0.0	0.0
18	479301	G	A	0	0	0	0	0	0	0	0	0	0	0	0.0	0.0
18	479568	G	A	0	0	0	0	0	0	0	0	0	0	0	0.0	0.0
18	479891	C	T	0	0	0	0	0	0	0	0	0	0	0	0.0	0.0
18	480564	C	T	0	0	0	0	0	0	0	0	0	0	0	0.0	0.0
18	480875	G	A	0	0	0	0	0	0	0	0	0	0	0	0.0	0.0
18	482372	C	T	0	0	0	0	0	0	0	0	0	0	0	0.0	0.0
18	483980	T	C	0	0	0	0	0	0	0	0	0	0	0	0.0	0.0
18	485968	T	C	0	0	0	0	0	0	0	0	0	0	0	0.0	0.0
18	487234	T	C	0	0	0	0	0	0	0	0	0	0	0	0.0	0.0
18	487281	T	G	0	0	0	0	0	0	0	0	0	0	0	0.0	0.0
18	487914	T	C	0	0	0	0	0	0	0	0	0	0	0	0.0	0.0
18	489385	C	T	0	0	0	0	0	0	0	0	0	0	0	0.0	0.0
18	491333	T	C	0	0	0	0	0	0	0	0	0	0	0	0.0	0.0
18	492194	T	C	0	0	0	0	0	0	0	0	0	0	0	0.0	0.0
18	492832	G	A	0	0	0	0	0	0	0	0	0	0	0	0.0	0.0
18	492874	G	T	0	0	0	0	0	0	0	0	0	0	0	0.0	0.0
18	492998	T	C	0	0	0	0	0	0	0	0	0	0	0	0.0	0.0
18	493643	T	C	0	0	0	0	0	0	0	0	0	0	0	0.0	0.0
18	494878	C	A	0	0	0	0	0	0	0	0	0	0	0	0.0	0.0
18	496607	T	C	0	0	0	0	0	0	0	0	0	0	0	0.0	0.0
18	497568	A	C	0	0	0	0	0	0	0	0	0	0	0	0.0	0.0
18	503772	A	G	0	0	0	0	0	0	0	0	0	0	0	0.0	0.0
18	504579	G	A	0	0	0	0	0	0	0	0	0	0	0	0.0	0.0
18	504745	G	C	0	0	0	0	0	0	0	0	0	0	0	0.0	0.0
18	505004	T	C	0	0	0	0	0	0	0	0	0	0	0	0.0	0.0
18	505472	T	G	0	0	0	0	0	0	0	0	0	0	0	0.0	0.0
18	506034	A	G	0	0	0	0	0	0	0	0	0	0	0	0.0	0.0
18	506411	G	C	0	0	0	0	0	0	0	0	0	0	0	0.0	0.0
18	507089	T	A	1	1	0	0	0	0	0	0	0	0	1	0.0	1.0
18	508644	C	T	0	0	0	0	0	0	0	0	0	0	0	0.0	0.0
18	509207	T	C	0	0	0	0	0	0	0	0	0	0	0	0.0	0.0
18	513861	G	T	0	0	0	0	0	0	0	0	0	0	0	0.0	0.0
18	513882	A	C	0	0	0	0	0	0	0	0	0	0	0	0.0	0.0
18	514050	A	G	0	0	0	0	0	0	0	0	0	0	0	0.0	0.0
18	516648	A	G	0	0	0	0	0	0	0	0	0	0	0	0.0	0.0
18	516798	C	G	0	0	0	0	0	0	0	0	0	0	0	0.0	0.0
18	516803	G	C	0	0	0	0	0	0	0	0	0	0	0	0.0	0.0
18	517029	T	G	0	0	0	0	0	0	0	0	0	0	0	0.0	0.0
18	517919	G	A	0	0	0	0	0	0	0	0	0	0	0	0.0	0.0
18	518643	T	C	0	0	0	0	0	0	0	0	0	0	0	0.0	0.0
18	520208	C	T	1	0	0	1	0	0	0	0	0	0	1	0.0	1.0
18	522553	T	G	0	0	0	0	0	0	0	0	0	0	0	0.0	0.0
18	526118	G	C	0	0	0	0	0	0	0	0	0	0	0	0.0	0.0
18	526548	G	A	0	0	0	0	0	0	0	0	0	0	0	0.0	0.0
18	542160	T	A	0	0	0	0	0	0	0	0	0	0	0	0.0	0.0
18	542910	A	G	0	0	0	0	0	0	0	0	0	0	0	0.0	0.0
18	547178	C	A	0	0	0	0	0	0	0	0	0	0	0	0.0	0.0
18	547204	G	A	0	0	0	0	0	0	0	0	0	0	0	0.0	0.0
18	547239	C	A	0	0	0	0	0	0	0	0	0	0	0	0.0	0.0
18	547733	T	C	0	0	0	0	0	0	0	0	0	0	0	0.0	0.0
18	550464	C	T	0	0	0	0	0	0	0	0	0	0	0	0.0	0.0
18	550772	G	A	0	0	0	0	0	0	0	0	0	0	0	0.0	0.0
18	551899	G	T	0	0	0	0	0	0	0	0	0	0	0	0.0	0.0
18	556059	T	A	0	0	0	0	0	0	0	0	0	0	0	0.0	0.0
18	556256	T	C	0	0	0	0	0	0	0	0	0	0	0	0.0	0.0
18	556258	T	C	0	0	0	0	0	0	0	0	0	0	0	0.0	0.0
18	556262	T	C	0	0	0	0	0	0	0	0	0	0	0	0.0	0.0
18	557087	A	G	0	0	0	0	0	0	0	0	0	0	0	0.0	0.0
18	558665	G	A	0	0	0	0	0	0	0	0	0	0	0	0.0	0.0
18	560040	T	A	0	0	0	0	0	0	0	0	0	0	0	0.0	0.0
18	560682	T	G	0	0	0	0	0	0	0	0	0	0	0	0.0	0.0
18	561175	A	C	0	0	0	0	0	0	0	0	0	0	0	0.0	0.0
18	561182	G	A	0	0	0	0	0	0	0	0	0	0	0	0.0	0.0
18	561920	C	T	0	0	0	0	0	0	0	0	0	0	0	0.0	0.0
18	563380	C	T	0	0	0	0	0	0	0	0	0	0	0	0.0	0.0
18	564071	T	C	0	0	0	0	0	0	0	0	0	0	0	0.0	0.0
18	564147	A	G	0	0	0	0	0	0	0	0	0	0	0	0.0	0.0
18	564551	G	A	0	0	0	0	0	0	0	0	0	0	0	0.0	0.0
18	565844	G	A	1	0	1	0	0	0	0	0	0	0	1	0.0	1.0
18	566002	C	T	0	0	0	0	0	0	0	0	0	0	0	0.0	0.0
18	566242	C	G	0	0	0	0	0	0	0	0	0	0	0	0.0	0.0
18	566272	T	A	0	0	0	0	0	0	0	0	0	0	0	0.0	0.0
18	566750	T	C	0	0	0	0	0	0	0	0	0	0	0	0.0	0.0
18	566905	T	C	0	0	0	0	0	0	0	0	0	0	0	0.0	0.0
18	567127	A	C	0	0	0	0	0	0	0	0	0	0	0	0.0	0.0
18	567260	T	C	0	0	0	0	0	0	0	0	0	0	0	0.0	0.0
18	568868	A	G	0	0	0	0	0	0	0	0	0	0	0	0.0	0.0
18	569263	T	C	0	0	0	0	0	0	0	0	0	0	0	0.0	0.0
18	569517	A	G	0	0	0	0	0	0	0	0	0	0	0	0.0	0.0
18	570240	C	T	0	0	0	0	0	0	0	0	0	0	0	0.0	0.0
18	570322	T	G	0	0	0	0	0	0	0	0	0	0	0	0.0	0.0
18	570814	G	A	0	0	0	0	0	0	0	0	0	0	0	0.0	0.0
18	570864	G	T	0	0	0	0	0	0	0	0	0	0	0	0.0	0.0
18	570939	G	C	0	0	0	0	0	0	0	0	0	0	0	0.0	0.0
18	571087	T	C	0	0	0	0	0	0	0	0	0	0	0	0.0	0.0
18	571161	A	G	0	0	0	0	0	0	0	0	0	0	0	0.0	0.0
18	571599	A	G	0	0	0	0	0	0	0	0	0	0	0	0.0	0.0
18	571680	T	C	0	0	0	0	0	0	0	0	0	0	0	0.0	0.0
18	571911	C	T	0	0	0	0	0	0	0	0	0	0	0	0.0	0.0
18	571927	C	A	0	0	0	0	0	0	0	0	0	0	0	0.0	0.0
18	571960	C	T	0	0	0	0	0	0	0	0	0	0	0	0.0	0.0
18	572336	C	A	0	0	0	0	0	0	0	0	0	0	0	0.0	0.0
18	573269	C	T	0	0	0	0	0	0	0	0	0	0	0	0.0	0.0
18	573472	T	G	0	0	0	0	0	0	0	0	0	0	0	0.0	0.0
18	573550	C	T	0	0	0	0	0	0	0	0	0	0	0	0.0	0.0
18	573765	A	G	0	0	0	0	0	0	0	0	0	0	0	0.0	0.0
18	577421	T	C	0	0	0	0	0	0	0	0	0	0	0	0.0	0.0
18	577431	T	C	0	0	0	0	0	0	0	0	0	0	0	0.0	0.0
18	578218	T	C	0	0	0	0	0	0	0	0	0	0	0	0.0	0.0
18	578479	A	G	0	0	0	0	0	0	0	0	0	0	0	0.0	0.0
18	578968	T	C	0	0	0	0	0	0	0	0	0	0	0	0.0	0.0
18	579285	G	A	0	0	0	0	0	0	0	0	0	0	0	0.0	0.0
18	579338	A	G	0	0	0	0	0	0	0	0	0	0	0	0.0	0.0
18	579699	T	C	0	0	0	0	0	0	0	0	0	0	0	0.0	0.0
18	579716	T	C	0	0	0	0	0	0	0	0	0	0	0	0.0	0.0
18	580623	T	C	0	0	0	0	0	0	0	0	0	0	0	0.0	0.0
18	581954	C	T	0	0	0	0	0	0	0	0	0	0	0	0.0	0.0
18	582022	T	C	0	0	0	0	0	0	0	0	0	0	0	0.0	0.0
18	582389	A	T	0	0	0	0	0	0	0	0	0	0	0	0.0	0.0
18	582818	G	A	0	0	0	0	0	0	0	0	0	0	0	0.0	0.0
18	582838	G	A	0	0	0	0	0	0	0	0	0	0	0	0.0	0.0
18	583338	T	C	0	0	0	0	0	0	0	0	0	0	0	0.0	0.0
18	584373	G	A	0	0	0	0	0	0	0	0	0	0	0	0.0	0.0
18	584440	G	C	0	0	0	0	0	0	0	0	0	0	0	0.0	0.0
18	585386	C	T	0	0	0	0	0	0	0	0	0	0	0	0.0	0.0
18	585421	G	C	0	0	0	0	0	0	0	0	0	0	0	0.0	0.0
18	585462	A	G	0	0	0	0	0	0	0	0	0	0	0	0.0	0.0
18	585711	C	T	0	0	0	0	0	0	0	0	0	0	0	0.0	0.0
18	586389	T	G	0	0	0	0	0	0	0	0	0	0	0	0.0	0.0
18	587120	A	T	0	0	0	0	0	0	0	0	0	0	0	0.0	0.0
18	587153	G	A	0	0	0	0	0	0	0	0	0	0	0	0.0	0.0
18	587290	T	G	0	0	0	0	0	0	0	0	0	0	0	0.0	0.0
18	587511	T	G	0	0	0	0	0	0	0	0	0	0	0	0.0	0.0
18	587943	C	T	0	0	0	0	0	0	0	0	0	0	0	0.0	0.0
18	588228	C	T	0	0	0	0	0	0	0	0	0	0	0	0.0	0.0
18	589635	G	A	0	0	0	0	0	0	0	0	0	0	0	0.0	0.0
18	589690	T	C	0	0	0	0	0	0	0	0	0	0	0	0.0	0.0
18	590565	A	G	0	0	0	0	0	0	0	0	0	0	0	0.0	0.0
18	590969	C	T	0	0	0	0	0	0	0	0	0	0	0	0.0	0.0
18	591690	G	C	0	0	0	0	0	0	0	0	0	0	0	0.0	0.0
18	593338	A	C	0	0	0	0	0	0	0	0	0	0	0	0.0	0.0
18	593703	A	G	0	0	0	0	0	0	0	0	0	0	0	0.0	0.0
18	595706	G	A	0	0	0	0	0	0	0	0	0	0	0	0.0	0.0
18	597270	C	T	0	0	0	0	0	0	0	0	0	0	0	0.0	0.0
18	597751	T	G	0	0	0	0	0	0	0	0	0	0	0	0.0	0.0
18	602081	G	C	0	0	0	0	0	0	0	0	0	0	0	0.0	0.0
18	604995	G	A	0	0	0	0	0	0	0	0	0	0	0	0.0	0.0
18	605487	G	T	0	0	0	0	0	0	0	0	0	0	0	0.0	0.0
18	610898	A	G	0	0	0	0	0	0	0	0	0	0	0	0.0	0.0
18	612431	G	A	0	0	0	0	0	0	0	0	0	0	0	0.0	0.0
18	612753	T	C	0	0	0	0	0	0	0	0	0	0	0	0.0	0.0
18	613020	G	T	0	0	0	0	0	0	0	0	0	0	0	0.0	0.0
18	613202	A	G	0	0	0	0	0	0	0	0	0	0	0	0.0	0.0
18	614708	G	A	0	0	0	0	0	0	0	0	0	0	0	0.0	0.0
18	615394	T	C	0	0	0	0	0	0	0	0	0	0	0	0.0	0.0
18	618124	T	C	0	0	0	0	0	0	0	0	0	0	0	0.0	0.0
18	618201	C	T	0	0	0	0	0	0	0	0	0	0	0	0.0	0.0
18	619050	G	T	0	0	0	0	0	0	0	0	0	0	0	0.0	0.0
18	619740	G	C	0	0	0	0	0	0	0	0	0	0	0	0.0	0.0
18	621808	C	T	0	0	0	0	0	0	0	0	0	0	0	0.0	0.0
18	622048	G	C	0	0	0	0	0	0	0	0	0	0	0	0.0	0.0
18	622591	T	C	0	0	0	0	0	0	0	0	0	0	0	0.0	0.0
18	624631	T	G	0	0	0	0	0	0	0	0	0	0	0	0.0	0.0
18	626518	C	A	0	0	0	0	0	0	0	0	0	0	0	0.0	0.0
18	630005	A	C	0	0	0	0	0	0	0	0	0	0	0	0.0	0.0
18	630361	G	A	0	0	0	0	0	0	0	0	0	0	0	0.0	0.0
18	630905	G	T	0	0	0	0	0	0	0	0	0	0	0	0.0	0.0
18	630914	C	G	0	0	0	0	0	0	0	0	0	0	0	0.0	0.0
18	631223	T	A	0	0	0	0	0	0	0	0	0	0	0	0.0	0.0
18	631231	C	T	0	0	0	0	0	0	0	0	0	0	0	0.0	0.0
18	631435	G	A	0	0	0	0	0	0	0	0	0	0	0	0.0	0.0
18	631526	T	C	0	0	0	0	0	0	0	0	0	0	0	0.0	0.0
18	632239	T	C	0	0	0	0	0	0	0	0	0	0	0	0.0	0.0
18	632651	A	G	0	0	0	0	0	0	0	0	0	0	0	0.0	0.0
18	633869	T	C	0	0	0	0	0	0	0	0	0	0	0	0.0	0.0
18	641024	C	A	0	0	0	0	0	0	0	0	0	0	0	0.0	0.0
18	642307	T	C	0	0	0	0	0	0	0	0	0	0	0	0.0	0.0
18	642678	C	A	0	0	0	0	0	0	0	0	0	0	0	0.0	0.0
18	642800	C	T	0	0	0	0	0	0	0	0	0	0	0	0.0	0.0
18	642876	C	T	0	0	0	0	0	0	0	0	0	0	0	0.0	0.0
18	644527	C	G	0	0	0	0	0	0	0	0	0	0	0	0.0	0.0
18	645655	G	A	0	0	0	0	0	0	0	0	0	0	0	0.0	0.0
18	645667	G	A	0	0	0	0	0	0	0	0	0	0	0	0.0	0.0
18	645742	A	C	0	0	0	0	0	0	0	0	0	0	0	0.0	0.0
18	645947	C	A	0	0	0	0	0	0	0	0	0	0	0	0.0	0.0
18	647513	G	A	0	0	0	0	0	0	0	0	0	0	0	0.0	0.0
18	647846	T	C	0	0	0	0	0	0	0	0	0	0	0	0.0	0.0
18	649759	T	C	0	0	0	0	0	0	0	0	0	0	0	0.0	0.0
18	650490	T	C	0	0	0	0	0	0	0	0	0	0	0	0.0	0.0
18	650816	G	A	0	0	0	0	0	0	0	0	0	0	0	0.0	0.0
18	650968	G	A	0	0	0	0	0	0	0	0	0	0	0	0.0	0.0
18	651574	T	C	0	0	0	0	0	0	0	0	0	0	0	0.0	0.0
18	653847	G	A	0	0	0	0	0	0	0	0	0	0	0	0.0	0.0
18	656020	C	G	0	0	0	0	0	0	0	0	0	0	0	0.0	0.0
18	656828	A	G	0	0	0	0	0	0	0	0	0	0	0	0.0	0.0
18	656832	T	C	0	0	0	0	0	0	0	0	0	0	0	0.0	0.0
18	657095	C	T	0	0	0	0	0	0	0	0	0	0	0	0.0	0.0
18	657352	T	C	0	0	0	0	0	0	0	0	0	0	0	0.0	0.0
18	658147	C	A	0	0	0	0	0	0	0	0	0	0	0	0.0	0.0
18	659236	C	T	0	0	0	0	0	0	0	0	0	0	0	0.0	0.0
18	659829	A	G	0	0	0	0	0	0	0	0	0	0	0	0.0	0.0
18	659871	A	G	0	0	0	0	0	0	0	0	0	0	0	0.0	0.0
18	659958	T	C	0	0	0	0	0	0	0	0	0	0	0	0.0	0.0
18	660383	A	G	0	0	0	0	0	0	0	0	0	0	0	0.0	0.0
18	661005	A	G	0	0	0	0	0	0	0	0	0	0	0	0.0	0.0
18	661429	T	C	0	0	0	0	0	0	0	0	0	0	0	0.0	0.0
18	661647	G	A	0	0	0	0	0	0	0	0	0	0	0	0.0	0.0
18	661756	T	C	0	0	0	0	0	0	0	0	0	0	0	0.0	0.0
18	661812	A	G	0	0	0	0	0	0	0	0	0	0	0	0.0	0.0
18	662103	G	A	0	0	0	0	0	0	0	0	0	0	0	0.0	0.0
18	662370	T	C	0	0	0	0	0	0	0	0	0	0	0	0.0	0.0
18	662623	G	C	0	0	0	0	0	0	0	0	0	0	0	0.0	0.0
18	666371	G	A	0	0	0	0	0	0	0	0	0	0	0	0.0	0.0
18	666507	C	G	0	0	0	0	0	0	0	0	0	0	0	0.0	0.0
18	666601	A	G	0	0	0	0	0	0	0	0	0	0	0	0.0	0.0
18	667770	C	G	0	0	0	0	0	0	0	0	0	0	0	0.0	0.0
18	668036	A	T	0	0	0	0	0	0	0	0	0	0	0	0.0	0.0
18	668038	A	T	0	0	0	0	0	0	0	0	0	0	0	0.0	0.0
18	668258	C	T	0	0	0	0	0	0	0	0	0	0	0	0.0	0.0
18	668300	G	A	0	0	0	0	0	0	0	0	0	0	0	0.0	0.0
18	668376	C	G	0	0	0	0	0	0	0	0	0	0	0	0.0	0.0
18	668650	C	T	0	0	0	0	0	0	0	0	0	0	0	0.0	0.0
18	669684	T	C	0	0	0	0	0	0	0	0	0	0	0	0.0	0.0
18	670414	C	T	0	0	0	0	0	0	0	0	0	0	0	0.0	0.0
18	670541	A	G	0	0	0	0	0	0	0	0	0	0	0	0.0	0.0
18	670995	A	C	0	0	0	0	0	0	0	0	0	0	0	0.0	0.0
18	671026	C	T	0	0	0	0	0	0	0	0	0	0	0	0.0	0.0
18	671057	C	T	0	0	0	0	0	0	0	0	0	0	0	0.0	0.0
18	671105	T	C	0	0	0	0	0	0	0	0	0	0	0	0.0	0.0
18	671167	G	A	0	0	0	0	0	0	0	0	0	0	0	0.0	0.0
18	671520	C	T	0	0	0	0	0	0	0	0	0	0	0	0.0	0.0
18	671727	G	A	0	0	0	0	0	0	0	0	0	0	0	0.0	0.0
18	671977	A	G	0	0	0	0	0	0	0	0	0	0	0	0.0	0.0
18	672043	A	G	0	0	0	0	0	0	0	0	0	0	0	0.0	0.0
18	672363	G	A	0	0	0	0	0	0	0	0	0	0	0	0.0	0.0
18	672792	C	T	0	0	0	0	0	0	0	0	0	0	0	0.0	0.0
18	673016	C	T	0	0	0	0	0	0	0	0	0	0	0	0.0	0.0
18	673613	A	G	0	0	0	0	0	0	0	0	0	0	0	0.0	0.0
18	673789	A	G	0	0	0	0	0	0	0	0	0	0	0	0.0	0.0
18	673995	T	C	0	0	0	0	0	0	0	0	0	0	0	0.0	0.0
18	674012	T	G	0	0	0	0	0	0	0	0	0	0	0	0.0	0.0
18	674440	A	C	0	0	0	0	0	0	0	0	0	0	0	0.0	0.0
18	674535	T	C	0	0	0	0	0	0	0	0	0	0	0	0.0	0.0
18	674645	T	C	0	0	0	0	0	0	0	0	0	0	0	0.0	0.0
18	675000	C	T	0	0	0	0	0	0	0	0	0	0	0	0.0	0.0
18	675643	T	A	0	0	0	0	0	0	0	0	0	0	0	0.0	0.0
18	675774	T	A	0	0	0	0	0	0	0	0	0	0	0	0.0	0.0
18	675903	C	T	0	0	0	0	0	0	0	0	0	0	0	0.0	0.0
18	676008	G	C	0	0	0	0	0	0	0	0	0	0	0	0.0	0.0
18	676518	T	C	0	0	0	0	0	0	0	0	0	0	0	0.0	0.0
18	676789	A	T	0	0	0	0	0	0	0	0	0	0	0	0.0	0.0
18	677214	G	A	0	0	0	0	0	0	0	0	0	0	0	0.0	0.0
18	677240	G	A	0	0	0	0	0	0	0	0	0	0	0	0.0	0.0
18	677302	G	A	0	0	0	0	0	0	0	0	0	0	0	0.0	0.0
18	677931	C	G	0	0	0	0	0	0	0	0	0	0	0	0.0	0.0
18	678481	C	T	0	0	0	0	0	0	0	0	0	0	0	0.0	0.0
18	678947	A	G	0	0	0	0	0	0	0	0	0	0	0	0.0	0.0
18	679334	T	C	0	0	0	0	0	0	0	0	0	0	0	0.0	0.0
18	680380	C	T	0	0	0	0	0	0	0	0	0	0	0	0.0	0.0
18	680520	A	C	0	0	0	0	0	0	0	0	0	0	0	0.0	0.0
18	680838	G	A	0	0	0	0	0	0	0	0	0	0	0	0.0	0.0
18	681962	G	A	0	0	0	0	0	0	0	0	0	0	0	0.0	0.0
18	683441	G	A	0	0	0	0	0	0	0	0	0	0	0	0.0	0.0
18	683607	C	T	0	0	0	0	0	0	0	0	0	0	0	0.0	0.0
18	684048	C	T	0	0	0	0	0	0	0	0	0	0	0	0.0	0.0
18	684766	T	C	0	0	0	0	0	0	0	0	0	0	0	0.0	0.0
18	685797	C	T	0	0	0	0	0	0	0	0	0	0	0	0.0	0.0
18	688103	C	G	0	0	0	0	0	0	0	0	0	0	0	0.0	0.0
18	688463	G	T	0	0	0	0	0	0	0	0	0	0	0	0.0	0.0
18	689242	G	C	0	0	0	0	0	0	0	0	0	0	0	0.0	0.0
18	689818	C	T	0	0	0	0	0	0	0	0	0	0	0	0.0	0.0
18	689854	T	G	0	0	0	0	0	0	0	0	0	0	0	0.0	0.0
18	691439	T	C	0	0	0	0	0	0	0	0	0	0	0	0.0	0.0
18	692095	A	G	0	0	0	0	0	0	0	0	0	0	0	0.0	0.0
18	692107	T	C	0	0	0	0	0	0	0	0	0	0	0	0.0	0.0
18	692183	C	T	0	0	0	0	0	0	0	0	0	0	0	0.0	0.0
18	692282	T	G	0	0	0	0	0	0	0	0	0	0	0	0.0	0.0
18	693977	G	A	0	0	0	0	0	0	0	0	0	0	0	0.0	0.0
18	694206	A	G	0	0	0	0	0	0	0	0	0	0	0	0.0	0.0
18	698024	G	A	0	0	0	0	0	0	0	0	0	0	0	0.0	0.0
18	700687	T	C	0	0	0	0	0	0	0	0	0	0	0	0.0	0.0
18	701572	T	C	0	0	0	0	0	0	0	0	0	0	0	0.0	0.0
18	702014	G	A	0	0	0	0	0	0	0	0	0	0	0	0.0	0.0
18	702196	T	G	0	0	0	0	0	0	0	0	0	0	0	0.0	0.0
18	702512	C	T	0	0	0	0	0	0	0	0	0	0	0	0.0	0.0
18	703442	G	A	0	0	0	0	0	0	0	0	0	0	0	0.0	0.0
18	703785	G	C	0	0	0	0	0	0	0	0	0	0	0	0.0	0.0
18	704232	G	A	0	0	0	0	0	0	0	0	0	0	0	0.0	0.0
18	704246	T	C	0	0	0	0	0	0	0	0	0	0	0	0.0	0.0
18	704407	A	G	0	0	0	0	0	0	0	0	0	0	0	0.0	0.0
18	704612	C	T	0	0	0	0	0	0	0	0	0	0	0	0.0	0.0
18	704804	C	G	0	0	0	0	0	0	0	0	0	0	0	0.0	0.0
18	704825	T	C	0	0	0	0	0	0	0	0	0	0	0	0.0	0.0
18	705087	C	T	0	0	0	0	0	0	0	0	0	0	0	0.0	0.0
18	705695	G	T	0	0	0	0	0	0	0	0	0	0	0	0.0	0.0
18	705820	T	C	0	0	0	0	0	0	0	0	0	0	0	0.0	0.0
18	706047	G	T	0	0	0	0	0	0	0	0	0	0	0	0.0	0.0
18	706182	T	C	0	0	0	0	0	0	0	0	0	0	0	0.0	0.0
18	706183	C	T	0	0	0	0	0	0	0	0	0	0	0	0.0	0.0
18	706589	A	G	0	0	0	0	0	0	0	0	0	0	0	0.0	0.0
18	707497	T	C	0	0	0	0	0	0	0	0	0	0	0	0.0	0.0
18	707560	A	C	0	0	0	0	0	0	0	0	0	0	0	0.0	0.0
18	708299	T	C	0	0	0	0	0	0	0	0	0	0	0	0.0	0.0
18	708710	C	G	0	0	0	0	0	0	0	0	0	0	0	0.0	0.0
18	709232	C	T	0	0	0	0	0	0	0	0	0	0	0	0.0	0.0
18	709379	A	G	0	0	0	0	0	0	0	0	0	0	0	0.0	0.0
18	709590	G	T	0	0	0	0	0	0	0	0	0	0	0	0.0	0.0
18	711559	G	C	0	0	0	0	0	0	0	0	0	0	0	0.0	0.0
18	712037	G	A	0	0	0	0	0	0	0	0	0	0	0	0.0	0.0
18	714118	C	T	0	0	0	0	0	0	0	0	0	0	0	0.0	0.0
18	714666	G	A	0	0	0	0	0	0	0	0	0	0	0	0.0	0.0
18	715560	T	G	0	0	0	0	0	0	0	0	0	0	0	0.0	0.0
18	715714	T	C	0	0	0	0	0	0	0	0	0	0	0	0.0	0.0
18	715936	G	T	0	0	0	0	0	0	0	0	0	0	0	0.0	0.0
18	717229	T	C	0	0	0	0	0	0	0	0	0	0	0	0.0	0.0
18	718571	G	A	0	0	0	0	0	0	0	0	0	0	0	0.0	0.0
18	721198	G	A	0	0	0	0	0	0	0	0	0	0	0	0.0	0.0
18	721459	C	A	0	0	0	0	0	0	0	0	0	0	0	0.0	0.0
18	721563	A	C	0	0	0	0	0	0	0	0	0	0	0	0.0	0.0
18	721698	G	A	0	0	0	0	0	0	0	0	0	0	0	0.0	0.0
18	722402	T	C	0	0	0	0	0	0	0	0	0	0	0	0.0	0.0
18	722830	C	T	0	0	0	0	0	0	0	0	0	0	0	0.0	0.0
18	723072	A	G	0	0	0	0	0	0	0	0	0	0	0	0.0	0.0
18	726161	C	A	0	0	0	0	0	0	0	0	0	0	0	0.0	0.0
18	727654	G	T	0	0	0	0	0	0	0	0	0	0	0	0.0	0.0
18	729030	T	C	0	0	0	0	0	0	0	0	0	0	0	0.0	0.0
18	729159	G	A	0	0	0	0	0	0	0	0	0	0	0	0.0	0.0
18	730329	A	G	0	0	0	0	0	0	0	0	0	0	0	0.0	0.0
18	730961	A	T	0	0	0	0	0	0	0	0	0	0	0	0.0	0.0
18	731794	C	G	0	0	0	0	0	0	0	0	0	0	0	0.0	0.0
18	732017	C	T	0	0	0	0	0	0	0	0	0	0	0	0.0	0.0
18	732458	C	A	0	0	0	0	0	0	0	0	0	0	0	0.0	0.0
18	732476	A	G	0	0	0	0	0	0	0	0	0	0	0	0.0	0.0
18	734839	A	T	0	0	0	0	0	0	0	0	0	0	0	0.0	0.0
18	735616	G	A	0	0	0	0	0	0	0	0	0	0	0	0.0	0.0
18	736118	G	A	0	0	0	0	0	0	0	0	0	0	0	0.0	0.0
18	737431	A	C	0	0	0	0	0	0	0	0	0	0	0	0.0	0.0
18	737869	A	C	0	0	0	0	0	0	0	0	0	0	0	0.0	0.0
18	738990	A	T	0	0	0	0	0	0	0	0	0	0	0	0.0	0.0
18	740876	T	C	0	0	0	0	0	0	0	0	0	0	0	0.0	0.0
18	742501	T	C	0	0	0	0	0	0	0	0	0	0	0	0.0	0.0
18	742858	C	T	0	0	0	0	0	0	0	0	0	0	0	0.0	0.0
18	743226	A	G	0	0	0	0	0	0	0	0	0	0	0	0.0	0.0
18	743436	T	C	0	0	0	0	0	0	0	0	0	0	0	0.0	0.0
18	743916	A	T	0	0	0	0	0	0	0	0	0	0	0	0.0	0.0
18	744114	C	G	0	0	0	0	0	0	0	0	0	0	0	0.0	0.0
18	744760	C	T	0	0	0	0	0	0	0	0	0	0	0	0.0	0.0
18	747464	T	C	0	0	0	0	0	0	0	0	0	0	0	0.0	0.0
18	750937	T	C	0	0	0	0	0	0	0	0	0	0	0	0.0	0.0
18	751066	A	G	0	0	0	0	0	0	0	0	0	0	0	0.0	0.0
18	753630	C	T	0	0	0	0	0	0	0	0	0	0	0	0.0	0.0
18	754415	A	C	0	0	0	0	0	0	0	0	0	0	0	0.0	0.0
18	755317	T	C	0	0	0	0	0	0	0	0	0	0	0	0.0	0.0
18	755862	C	T	0	0	0	0	0	0	0	0	0	0	0	0.0	0.0
18	756085	T	A	0	0	0	0	0	0	0	0	0	0	0	0.0	0.0
18	757311	G	A	0	0	0	0	0	0	0	0	0	0	0	0.0	0.0
18	758443	G	A	0	0	0	0	0	0	0	0	0	0	0	0.0	0.0
18	758487	G	A	0	0	0	0	0	0	0	0	0	0	0	0.0	0.0
18	760281	C	T	0	0	0	0	0	0	0	0	0	0	0	0.0	0.0
18	760548	A	T	0	0	0	0	0	0	0	0	0	0	0	0.0	0.0
18	761127	G	A	0	0	0	0	0	0	0	0	0	0	0	0.0	0.0
18	763432	T	C	0	0	0	0	0	0	0	0	0	0	0	0.0	0.0
18	764285	A	G	0	0	0	0	0	0	0	0	0	0	0	0.0	0.0
18	764797	G	A	0	0	0	0	0	0	0	0	0	0	0	0.0	0.0
18	765057	C	T	0	0	0	0	0	0	0	0	0	0	0	0.0	0.0
18	765487	G	C	0	0	0	0	0	0	0	0	0	0	0	0.0	0.0
18	765920	T	G	0	0	0	0	0	0	0	0	0	0	0	0.0	0.0
18	766848	T	A	0	0	0	0	0	0	0	0	0	0	0	0.0	0.0
18	767210	A	G	0	0	0	0	0	0	0	0	0	0	0	0.0	0.0
18	768998	T	C	0	0	0	0	0	0	0	0	0	0	0	0.0	0.0
18	769989	T	C	0	0	0	0	0	0	0	0	0	0	0	0.0	0.0
18	770396	G	A	0	0	0	0	0	0	0	0	0	0	0	0.0	0.0
18	770679	C	A	0	0	0	0	0	0	0	0	0	0	0	0.0	0.0
18	771047	C	G	0	0	0	0	0	0	0	0	0	0	0	0.0	0.0
18	771287	G	C	0	0	0	0	0	0	0	0	0	0	0	0.0	0.0
18	771862	T	C	0	0	0	0	0	0	0	0	0	0	0	0.0	0.0
18	772064	T	C	0	0	0	0	0	0	0	0	0	0	0	0.0	0.0
18	772622	A	G	0	0	0	0	0	0	0	0	0	0	0	0.0	0.0
18	773092	T	C	0	0	0	0	0	0	0	0	0	0	0	0.0	0.0
18	774905	C	T	0	0	0	0	0	0	0	0	0	0	0	0.0	0.0
18	775501	C	T	0	0	0	0	0	0	0	0	0	0	0	0.0	0.0
18	776019	C	T	0	0	0	0	0	0	0	0	0	0	0	0.0	0.0
18	777282	T	A	1	0	0	1	0	0	0	0	0	1	0	1.0	0.0
18	778384	A	C	0	0	0	0	0	0	0	0	0	0	0	0.0	0.0
18	778884	C	T	0	0	0	0	0	0	0	0	0	0	0	0.0	0.0
18	780111	T	C	0	0	0	0	0	0	0	0	0	0	0	0.0	0.0
18	780322	A	G	2	0	0	0	0	0	2	0	0	0	2	0.0	1.0
18	780356	C	A	2	0	2	0	0	0	0	0	0	0	2	0.0	1.0
18	781514	T	C	0	0	0	0	0	0	0	0	0	0	0	0.0	0.0
18	782911	A	G	0	0	0	0	0	0	0	0	0	0	0	0.0	0.0
18	783325	T	C	0	0	0	0	0	0	0	0	0	0	0	0.0	0.0
18	783621	T	C	0	0	0	0	0	0	0	0	0	0	0	0.0	0.0
18	784548	G	A	0	0	0	0	0	0	0	0	0	0	0	0.0	0.0
18	784613	C	G	0	0	0	0	0	0	0	0	0	0	0	0.0	0.0
18	785431	A	G	0	0	0	0	0	0	0	0	0	0	0	0.0	0.0
18	785965	C	G	0	0	0	0	0	0	0	0	0	0	0	0.0	0.0
18	786569	T	C	0	0	0	0	0	0	0	0	0	0	0	0.0	0.0
18	786995	A	G	0	0	0	0	0	0	0	0	0	0	0	0.0	0.0
18	787847	G	C	0	0	0	0	0	0	0	0	0	0	0	0.0	0.0
18	789654	C	T	0	0	0	0	0	0	0	0	0	0	0	0.0	0.0
18	789917	A	G	0	0	0	0	0	0	0	0	0	0	0	0.0	0.0
18	790312	A	G	0	0	0	0	0	0	0	0	0	0	0	0.0	0.0
18	790346	C	T	0	0	0	0	0	0	0	0	0	0	0	0.0	0.0
18	792079	T	A	0	0	0	0	0	0	0	0	0	0	0	0.0	0.0
18	792173	T	C	0	0	0	0	0	0	0	0	0	0	0	0.0	0.0
18	793172	G	C	0	0	0	0	0	0	0	0	0	0	0	0.0	0.0
18	793548	G	C	0	0	0	0	0	0	0	0	0	0	0	0.0	0.0
18	794273	T	C	0	0	0	0	0	0	0	0	0	0	0	0.0	0.0
18	796461	T	G	0	0	0	0	0	0	0	0	0	0	0	0.0	0.0
18	796758	T	C	0	0	0	0	0	0	0	0	0	0	0	0.0	0.0
18	797196	T	C	0	0	0	0	0	0	0	0	0	0	0	0.0	0.0
18	798269	C	T	0	0	0	0	0	0	0	0	0	0	0	0.0	0.0
18	798447	C	T	0	0	0	0	0	0	0	0	0	0	0	0.0	0.0
18	800537	G	A	0	0	0	0	0	0	0	0	0	0	0	0.0	0.0
18	803578	C	G	0	0	0	0	0	0	0	0	0	0	0	0.0	0.0
18	803839	T	G	0	0	0	0	0	0	0	0	0	0	0	0.0	0.0
18	804014	T	C	0	0	0	0	0	0	0	0	0	0	0	0.0	0.0
18	805150	C	T	0	0	0	0	0	0	0	0	0	0	0	0.0	0.0
18	805559	C	G	0	0	0	0	0	0	0	0	0	0	0	0.0	0.0
18	807975	T	C	0	0	0	0	0	0	0	0	0	0	0	0.0	0.0
18	809505	T	C	0	0	0	0	0	0	0	0	0	0	0	0.0	0.0
18	810515	A	G	0	0	0	0	0	0	0	0	0	0	0	0.0	0.0
18	811700	G	A	0	0	0	0	0	0	0	0	0	0	0	0.0	0.0
18	812713	C	G	0	0	0	0	0	0	0	0	0	0	0	0.0	0.0
18	813554	G	A	0	0	0	0	0	0	0	0	0	0	0	0.0	0.0
18	814401	G	A	0	0	0	0	0	0	0	0	0	0	0	0.0	0.0
18	814990	G	A	0	0	0	0	0	0	0	0	0	0	0	0.0	0.0
18	815170	T	C	0	0	0	0	0	0	0	0	0	0	0	0.0	0.0
18	815330	C	T	0	0	0	0	0	0	0	0	0	0	0	0.0	0.0
18	815368	G	C	0	0	0	0	0	0	0	0	0	0	0	0.0	0.0
18	816858	T	C	0	0	0	0	0	0	0	0	0	0	0	0.0	0.0
18	817415	T	C	0	0	0	0	0	0	0	0	0	0	0	0.0	0.0
18	819811	C	T	0	0	0	0	0	0	0	0	0	0	0	0.0	0.0
18	820843	A	G	0	0	0	0	0	0	0	0	0	0	0	0.0	0.0
18	821035	T	C	0	0	0	0	0	0	0	0	0	0	0	0.0	0.0
18	821516	G	A	0	0	0	0	0	0	0	0	0	0	0	0.0	0.0
18	822829	A	G	0	0	0	0	0	0	0	0	0	0	0	0.0	0.0
18	822873	G	A	0	0	0	0	0	0	0	0	0	0	0	0.0	0.0
18	822938	G	T	0	0	0	0	0	0	0	0	0	0	0	0.0	0.0
18	823473	A	G	0	0	0	0	0	0	0	0	0	0	0	0.0	0.0
18	823592	G	C	0	0	0	0	0	0	0	0	0	0	0	0.0	0.0
18	823787	G	A	0	0	0	0	0	0	0	0	0	0	0	0.0	0.0
18	823919	A	G	0	0	0	0	0	0	0	0	0	0	0	0.0	0.0
18	825706	C	G	0	0	0	0	0	0	0	0	0	0	0	0.0	0.0
18	825906	A	G	0	0	0	0	0	0	0	0	0	0	0	0.0	0.0
18	826792	C	T	0	0	0	0	0	0	0	0	0	0	0	0.0	0.0
18	827707	C	A	0	0	0	0	0	0	0	0	0	0	0	0.0	0.0
18	831094	T	C	0	0	0	0	0	0	0	0	0	0	0	0.0	0.0
18	831748	T	C	0	0	0	0	0	0	0	0	0	0	0	0.0	0.0
18	833417	G	A	0	0	0	0	0	0	0	0	0	0	0	0.0	0.0
18	840240	C	A	0	0	0	0	0	0	0	0	0	0	0	0.0	0.0
18	840535	C	T	0	0	0	0	0	0	0	0	0	0	0	0.0	0.0
18	840651	T	G	0	0	0	0	0	0	0	0	0	0	0	0.0	0.0
18	841271	T	G	0	0	0	0	0	0	0	0	0	0	0	0.0	0.0
18	841524	A	T	0	0	0	0	0	0	0	0	0	0	0	0.0	0.0
18	841918	A	G	0	0	0	0	0	0	0	0	0	0	0	0.0	0.0
18	841931	A	G	0	0	0	0	0	0	0	0	0	0	0	0.0	0.0
18	842299	G	A	0	0	0	0	0	0	0	0	0	0	0	0.0	0.0
18	842304	C	T	0	0	0	0	0	0	0	0	0	0	0	0.0	0.0
18	843971	A	G	0	0	0	0	0	0	0	0	0	0	0	0.0	0.0
18	844295	C	A	0	0	0	0	0	0	0	0	0	0	0	0.0	0.0
18	844449	C	T	0	0	0	0	0	0	0	0	0	0	0	0.0	0.0
18	844545	G	T	0	0	0	0	0	0	0	0	0	0	0	0.0	0.0
18	844548	G	A	0	0	0	0	0	0	0	0	0	0	0	0.0	0.0
18	844556	G	A	0	0	0	0	0	0	0	0	0	0	0	0.0	0.0
18	844573	C	T	0	0	0	0	0	0	0	0	0	0	0	0.0	0.0
18	844718	T	A	0	0	0	0	0	0	0	0	0	0	0	0.0	0.0
18	845087	C	T	0	0	0	0	0	0	0	0	0	0	0	0.0	0.0
18	845169	C	T	0	0	0	0	0	0	0	0	0	0	0	0.0	0.0
18	845821	T	C	0	0	0	0	0	0	0	0	0	0	0	0.0	0.0
18	845846	A	T	0	0	0	0	0	0	0	0	0	0	0	0.0	0.0
18	847251	C	T	0	0	0	0	0	0	0	0	0	0	0	0.0	0.0
18	847719	T	G	0	0	0	0	0	0	0	0	0	0	0	0.0	0.0
18	847889	G	A	0	0	0	0	0	0	0	0	0	0	0	0.0	0.0
18	848937	A	G	0	0	0	0	0	0	0	0	0	0	0	0.0	0.0
18	849178	A	C	0	0	0	0	0	0	0	0	0	0	0	0.0	0.0
18	849968	C	T	0	0	0	0	0	0	0	0	0	0	0	0.0	0.0
18	852281	A	G	0	0	0	0	0	0	0	0	0	0	0	0.0	0.0
18	852358	A	G	0	0	0	0	0	0	0	0	0	0	0	0.0	0.0
18	852430	A	G	0	0	0	0	0	0	0	0	0	0	0	0.0	0.0
18	852516	A	G	0	0	0	0	0	0	0	0	0	0	0	0.0	0.0
18	852562	G	A	0	0	0	0	0	0	0	0	0	0	0	0.0	0.0
18	852758	C	T	0	0	0	0	0	0	0	0	0	0	0	0.0	0.0
18	853146	C	T	0	0	0	0	0	0	0	0	0	0	0	0.0	0.0
18	853202	C	T	0	0	0	0	0	0	0	0	0	0	0	0.0	0.0
18	853850	T	C	0	0	0	0	0	0	0	0	0	0	0	0.0	0.0
18	854518	G	A	0	0	0	0	0	0	0	0	0	0	0	0.0	0.0
18	854564	C	T	0	0	0	0	0	0	0	0	0	0	0	0.0	0.0
18	855087	A	G	0	0	0	0	0	0	0	0	0	0	0	0.0	0.0
18	855099	G	A	0	0	0	0	0	0	0	0	0	0	0	0.0	0.0
18	855264	G	T	0	0	0	0	0	0	0	0	0	0	0	0.0	0.0
18	855317	G	A	0	0	0	0	0	0	0	0	0	0	0	0.0	0.0
18	856696	T	A	0	0	0	0	0	0	0	0	0	0	0	0.0	0.0
18	857477	G	A	0	0	0	0	0	0	0	0	0	0	0	0.0	0.0
18	859200	A	G	0	0	0	0	0	0	0	0	0	0	0	0.0	0.0
18	859373	C	T	0	0	0	0	0	0	0	0	0	0	0	0.0	0.0
18	860614	C	T	0	0	0	0	0	0	0	0	0	0	0	0.0	0.0
18	860806	C	T	0	0	0	0	0	0	0	0	0	0	0	0.0	0.0
18	862477	G	T	0	0	0	0	0	0	0	0	0	0	0	0.0	0.0
18	863355	G	A	0	0	0	0	0	0	0	0	0	0	0	0.0	0.0
18	864782	T	C	0	0	0	0	0	0	0	0	0	0	0	0.0	0.0
18	865028	C	A	0	0	0	0	0	0	0	0	0	0	0	0.0	0.0
18	865459	C	T	0	0	0	0	0	0	0	0	0	0	0	0.0	0.0
18	865485	C	T	0	0	0	0	0	0	0	0	0	0	0	0.0	0.0
18	865801	G	C	0	0	0	0	0	0	0	0	0	0	0	0.0	0.0
18	866128	C	G	0	0	0	0	0	0	0	0	0	0	0	0.0	0.0
18	866138	A	C	0	0	0	0	0	0	0	0	0	0	0	0.0	0.0
18	868276	A	C	0	0	0	0	0	0	0	0	0	0	0	0.0	0.0
18	869980	G	T	0	0	0	0	0	0	0	0	0	0	0	0.0	0.0
18	870076	G	A	0	0	0	0	0	0	0	0	0	0	0	0.0	0.0
18	870854	A	G	0	0	0	0	0	0	0	0	0	0	0	0.0	0.0
18	871038	C	T	0	0	0	0	0	0	0	0	0	0	0	0.0	0.0
18	873545	T	C	0	0	0	0	0	0	0	0	0	0	0	0.0	0.0
18	873753	T	A	0	0	0	0	0	0	0	0	0	0	0	0.0	0.0
18	874543	G	A	0	0	0	0	0	0	0	0	0	0	0	0.0	0.0
18	876096	A	G	0	0	0	0	0	0	0	0	0	0	0	0.0	0.0
18	876821	G	C	0	0	0	0	0	0	0	0	0	0	0	0.0	0.0
18	878006	G	A	0	0	0	0	0	0	0	0	0	0	0	0.0	0.0
18	878240	G	A	0	0	0	0	0	0	0	0	0	0	0	0.0	0.0
18	878411	G	A	0	0	0	0	0	0	0	0	0	0	0	0.0	0.0
18	878429	A	G	0	0	0	0	0	0	0	0	0	0	0	0.0	0.0
18	878463	C	T	0	0	0	0	0	0	0	0	0	0	0	0.0	0.0
18	879311	G	A	1	0	0	0	0	1	0	0	0	1	0	1.0	0.0
18	879853	C	T	0	0	0	0	0	0	0	0	0	0	0	0.0	0.0
18	881146	T	C	0	0	0	0	0	0	0	0	0	0	0	0.0	0.0
18	881153	C	T	0	0	0	0	0	0	0	0	0	0	0	0.0	0.0
18	882633	C	T	0	0	0	0	0	0	0	0	0	0	0	0.0	0.0
18	882898	C	A	0	0	0	0	0	0	0	0	0	0	0	0.0	0.0
18	882921	G	A	0	0	0	0	0	0	0	0	0	0	0	0.0	0.0
18	883004	C	A	0	0	0	0	0	0	0	0	0	0	0	0.0	0.0
18	883057	A	C	0	0	0	0	0	0	0	0	0	0	0	0.0	0.0
18	883838	G	T	0	0	0	0	0	0	0	0	0	0	0	0.0	0.0
18	884688	G	A	0	0	0	0	0	0	0	0	0	0	0	0.0	0.0
18	884978	C	T	0	0	0	0	0	0	0	0	0	0	0	0.0	0.0
18	885192	G	T	0	0	0	0	0	0	0	0	0	0	0	0.0	0.0
18	885507	T	G	0	0	0	0	0	0	0	0	0	0	0	0.0	0.0
18	885732	A	G	0	0	0	0	0	0	0	0	0	0	0	0.0	0.0
18	886559	G	C	0	0	0	0	0	0	0	0	0	0	0	0.0	0.0
18	887572	C	T	0	0	0	0	0	0	0	0	0	0	0	0.0	0.0
18	887671	T	A	0	0	0	0	0	0	0	0	0	0	0	0.0	0.0
18	887771	T	C	0	0	0	0	0	0	0	0	0	0	0	0.0	0.0
18	888039	C	G	0	0	0	0	0	0	0	0	0	0	0	0.0	0.0
18	888056	C	G	0	0	0	0	0	0	0	0	0	0	0	0.0	0.0
18	889066	C	T	0	0	0	0	0	0	0	0	0	0	0	0.0	0.0
18	889159	G	A	0	0	0	0	0	0	0	0	0	0	0	0.0	0.0
18	889320	C	T	0	0	0	0	0	0	0	0	0	0	0	0.0	0.0
18	889440	C	T	0	0	0	0	0	0	0	0	0	0	0	0.0	0.0
18	889468	G	A	0	0	0	0	0	0	0	0	0	0	0	0.0	0.0
18	889905	A	G	0	0	0	0	0	0	0	0	0	0	0	0.0	0.0
18	890106	T	C	0	0	0	0	0	0	0	0	0	0	0	0.0	0.0
18	890382	T	C	0	0	0	0	0	0	0	0	0	0	0	0.0	0.0
18	891197	G	A	0	0	0	0	0	0	0	0	0	0	0	0.0	0.0
18	891500	A	C	0	0	0	0	0	0	0	0	0	0	0	0.0	0.0
18	892230	T	C	0	0	0	0	0	0	0	0	0	0	0	0.0	0.0
18	892310	G	A	0	0	0	0	0	0	0	0	0	0	0	0.0	0.0
18	892847	C	T	0	0	0	0	0	0	0	0	0	0	0	0.0	0.0
18	894562	G	A	0	0	0	0	0	0	0	0	0	0	0	0.0	0.0
18	894878	C	T	0	0	0	0	0	0	0	0	0	0	0	0.0	0.0
18	894891	C	T	0	0	0	0	0	0	0	0	0	0	0	0.0	0.0
18	895431	C	T	0	0	0	0	0	0	0	0	0	0	0	0.0	0.0
18	895512	A	G	0	0	0	0	0	0	0	0	0	0	0	0.0	0.0
18	897218	C	T	0	0	0	0	0	0	0	0	0	0	0	0.0	0.0
18	897250	C	A	0	0	0	0	0	0	0	0	0	0	0	0.0	0.0
18	897841	C	T	0	0	0	0	0	0	0	0	0	0	0	0.0	0.0
18	898736	G	T	0	0	0	0	0	0	0	0	0	0	0	0.0	0.0
18	898748	T	G	0	0	0	0	0	0	0	0	0	0	0	0.0	0.0
18	898924	C	T	0	0	0	0	0	0	0	0	0	0	0	0.0	0.0
18	900046	C	T	0	0	0	0	0	0	0	0	0	0	0	0.0	0.0
18	900103	C	T	0	0	0	0	0	0	0	0	0	0	0	0.0	0.0
18	900193	T	A	0	0	0	0	0	0	0	0	0	0	0	0.0	0.0
18	900332	G	A	0	0	0	0	0	0	0	0	0	0	0	0.0	0.0
18	900440	C	T	0	0	0	0	0	0	0	0	0	0	0	0.0	0.0
18	900505	A	G	0	0	0	0	0	0	0	0	0	0	0	0.0	0.0
18	900523	T	G	0	0	0	0	0	0	0	0	0	0	0	0.0	0.0
18	901120	C	T	0	0	0	0	0	0	0	0	0	0	0	0.0	0.0
18	901404	T	A	0	0	0	0	0	0	0	0	0	0	0	0.0	0.0
18	901642	C	T	0	0	0	0	0	0	0	0	0	0	0	0.0	0.0
18	902328	C	T	0	0	0	0	0	0	0	0	0	0	0	0.0	0.0
18	902685	T	C	0	0	0	0	0	0	0	0	0	0	0	0.0	0.0
18	902965	T	A	0	0	0	0	0	0	0	0	0	0	0	0.0	0.0
18	904054	T	C	0	0	0	0	0	0	0	0	0	0	0	0.0	0.0
18	904097	A	G	0	0	0	0	0	0	0	0	0	0	0	0.0	0.0
18	904159	A	G	0	0	0	0	0	0	0	0	0	0	0	0.0	0.0
18	904164	C	T	0	0	0	0	0	0	0	0	0	0	0	0.0	0.0
18	906343	T	C	0	0	0	0	0	0	0	0	0	0	0	0.0	0.0
18	907675	G	A	0	0	0	0	0	0	0	0	0	0	0	0.0	0.0
18	907710	A	G	0	0	0	0	0	0	0	0	0	0	0	0.0	0.0
18	908535	A	C	0	0	0	0	0	0	0	0	0	0	0	0.0	0.0
18	908766	G	T	0	0	0	0	0	0	0	0	0	0	0	0.0	0.0
18	908777	T	C	0	0	0	0	0	0	0	0	0	0	0	0.0	0.0
18	908811	T	C	0	0	0	0	0	0	0	0	0	0	0	0.0	0.0
18	909561	A	G	0	0	0	0	0	0	0	0	0	0	0	0.0	0.0
18	910635	A	G	0	0	0	0	0	0	0	0	0	0	0	0.0	0.0
18	911211	G	C	0	0	0	0	0	0	0	0	0	0	0	0.0	0.0
18	919307	C	T	0	0	0	0	0	0	0	0	0	0	0	0.0	0.0
18	925812	A	G	0	0	0	0	0	0	0	0	0	0	0	0.0	0.0
18	932925	C	A	0	0	0	0	0	0	0	0	0	0	0	0.0	0.0
18	944492	G	A	0	0	0	0	0	0	0	0	0	0	0	0.0	0.0
18	944533	C	T	0	0	0	0	0	0	0	0	0	0	0	0.0	0.0
18	944952	C	G	0	0	0	0	0	0	0	0	0	0	0	0.0	0.0
18	948499	G	A	0	0	0	0	0	0	0	0	0	0	0	0.0	0.0
18	949779	G	A	0	0	0	0	0	0	0	0	0	0	0	0.0	0.0
18	949809	G	A	0	0	0	0	0	0	0	0	0	0	0	0.0	0.0
18	950070	A	G	0	0	0	0	0	0	0	0	0	0	0	0.0	0.0
18	951057	C	G	0	0	0	0	0	0	0	0	0	0	0	0.0	0.0
18	953767	G	A	0	0	0	0	0	0	0	0	0	0	0	0.0	0.0
18	953878	T	C	0	0	0	0	0	0	0	0	0	0	0	0.0	0.0
18	958056	G	A	0	0	0	0	0	0	0	0	0	0	0	0.0	0.0
18	959152	A	G	0	0	0	0	0	0	0	0	0	0	0	0.0	0.0
18	959278	T	C	0	0	0	0	0	0	0	0	0	0	0	0.0	0.0
18	959308	G	A	0	0	0	0	0	0	0	0	0	0	0	0.0	0.0
18	962050	C	T	0	0	0	0	0	0	0	0	0	0	0	0.0	0.0
18	962637	A	G	0	0	0	0	0	0	0	0	0	0	0	0.0	0.0
18	963661	G	A	0	0	0	0	0	0	0	0	0	0	0	0.0	0.0
18	964425	T	C	0	0	0	0	0	0	0	0	0	0	0	0.0	0.0
18	966231	G	T	1	0	0	0	1	0	0	0	0	0	1	0.0	1.0
18	966481	T	C	0	0	0	0	0	0	0	0	0	0	0	0.0	0.0
18	966948	T	C	0	0	0	0	0	0	0	0	0	0	0	0.0	0.0
18	999636	A	G	0	0	0	0	0	0	0	0	0	0	0	0.0	0.0
18	1005829	A	C	0	0	0	0	0	0	0	0	0	0	0	0.0	0.0
18	1037992	T	C	0	0	0	0	0	0	0	0	0	0	0	0.0	0.0
18	1039516	A	G	0	0	0	0	0	0	0	0	0	0	0	0.0	0.0
18	1040133	G	T	0	0	0	0	0	0	0	0	0	0	0	0.0	0.0
18	1040186	C	T	0	0	0	0	0	0	0	0	0	0	0	0.0	0.0
18	1042241	T	C	0	0	0	0	0	0	0	0	0	0	0	0.0	0.0
18	1043072	G	T	0	0	0	0	0	0	0	0	0	0	0	0.0	0.0
18	1043641	C	T	0	0	0	0	0	0	0	0	0	0	0	0.0	0.0
18	1043952	T	G	0	0	0	0	0	0	0	0	0	0	0	0.0	0.0
18	1044792	A	G	0	0	0	0	0	0	0	0	0	0	0	0.0	0.0
18	1046527	A	G	0	0	0	0	0	0	0	0	0	0	0	0.0	0.0
18	1050226	G	A	0	0	0	0	0	0	0	0	0	0	0	0.0	0.0
18	1050593	C	T	0	0	0	0	0	0	0	0	0	0	0	0.0	0.0
18	1050659	C	T	0	0	0	0	0	0	0	0	0	0	0	0.0	0.0
18	1050812	A	C	0	0	0	0	0	0	0	0	0	0	0	0.0	0.0
18	1051152	G	A	0	0	0	0	0	0	0	0	0	0	0	0.0	0.0
18	1051194	A	G	0	0	0	0	0	0	0	0	0	0	0	0.0	0.0
18	1051455	C	A	0	0	0	0	0	0	0	0	0	0	0	0.0	0.0
18	1051567	T	C	0	0	0	0	0	0	0	0	0	0	0	0.0	0.0
18	1051614	T	C	0	0	0	0	0	0	0	0	0	0	0	0.0	0.0
18	1052695	G	A	0	0	0	0	0	0	0	0	0	0	0	0.0	0.0
18	1053494	T	C	0	0	0	0	0	0	0	0	0	0	0	0.0	0.0
18	1056708	T	C	0	0	0	0	0	0	0	0	0	0	0	0.0	0.0
18	1059699	T	C	0	0	0	0	0	0	0	0	0	0	0	0.0	0.0
18	1063648	C	A	0	0	0	0	0	0	0	0	0	0	0	0.0	0.0
18	1067457	G	C	0	0	0	0	0	0	0	0	0	0	0	0.0	0.0
18	1070309	G	C	0	0	0	0	0	0	0	0	0	0	0	0.0	0.0
18	1076836	G	A	0	0	0	0	0	0	0	0	0	0	0	0.0	0.0
18	1077724	T	C	0	0	0	0	0	0	0	0	0	0	0	0.0	0.0
18	1078002	G	A	0	0	0	0	0	0	0	0	0	0	0	0.0	0.0
18	1078885	C	T	0	0	0	0	0	0	0	0	0	0	0	0.0	0.0
18	1078945	G	A	0	0	0	0	0	0	0	0	0	0	0	0.0	0.0
18	1079821	G	A	0	0	0	0	0	0	0	0	0	0	0	0.0	0.0
18	1080762	A	G	0	0	0	0	0	0	0	0	0	0	0	0.0	0.0
18	1080791	C	A	0	0	0	0	0	0	0	0	0	0	0	0.0	0.0
18	1080943	A	C	0	0	0	0	0	0	0	0	0	0	0	0.0	0.0
18	1081064	G	A	0	0	0	0	0	0	0	0	0	0	0	0.0	0.0
18	1082605	T	A	0	0	0	0	0	0	0	0	0	0	0	0.0	0.0
18	1083924	A	T	0	0	0	0	0	0	0	0	0	0	0	0.0	0.0
18	1084633	A	G	0	0	0	0	0	0	0	0	0	0	0	0.0	0.0
18	1085208	T	C	0	0	0	0	0	0	0	0	0	0	0	0.0	0.0
18	1085497	G	C	0	0	0	0	0	0	0	0	0	0	0	0.0	0.0
18	1086222	C	T	0	0	0	0	0	0	0	0	0	0	0	0.0	0.0
18	1086690	T	C	0	0	0	0	0	0	0	0	0	0	0	0.0	0.0
18	1088588	G	C	0	0	0	0	0	0	0	0	0	0	0	0.0	0.0
18	1089425	C	T	0	0	0	0	0	0	0	0	0	0	0	0.0	0.0
18	1093206	G	A	0	0	0	0	0	0	0	0	0	0	0	0.0	0.0
18	1094845	A	G	0	0	0	0	0	0	0	0	0	0	0	0.0	0.0
18	1096439	G	A	0	0	0	0	0	0	0	0	0	0	0	0.0	0.0
18	1097682	C	T	0	0	0	0	0	0	0	0	0	0	0	0.0	0.0
18	1097754	G	A	0	0	0	0	0	0	0	0	0	0	0	0.0	0.0
18	1098011	A	G	0	0	0	0	0	0	0	0	0	0	0	0.0	0.0
18	1108738	G	A	0	0	0	0	0	0	0	0	0	0	0	0.0	0.0
18	1112187	G	T	0	0	0	0	0	0	0	0	0	0	0	0.0	0.0
18	1117634	A	G	0	0	0	0	0	0	0	0	0	0	0	0.0	0.0
18	1124442	C	T	0	0	0	0	0	0	0	0	0	0	0	0.0	0.0
18	1128178	G	A	0	0	0	0	0	0	0	0	0	0	0	0.0	0.0
18	1141290	G	A	0	0	0	0	0	0	0	0	0	0	0	0.0	0.0
18	1141663	C	G	0	0	0	0	0	0	0	0	0	0	0	0.0	0.0
18	1143086	A	G	0	0	0	0	0	0	0	0	0	0	0	0.0	0.0
18	1162781	T	C	0	0	0	0	0	0	0	0	0	0	0	0.0	0.0
18	1194111	A	G	0	0	0	0	0	0	0	0	0	0	0	0.0	0.0
18	1194377	G	A	0	0	0	0	0	0	0	0	0	0	0	0.0	0.0
18	1194596	C	T	0	0	0	0	0	0	0	0	0	0	0	0.0	0.0
18	1197145	G	A	0	0	0	0	0	0	0	0	0	0	0	0.0	0.0
18	1197836	G	A	0	0	0	0	0	0	0	0	0	0	0	0.0	0.0
18	1200066	C	T	0	0	0	0	0	0	0	0	0	0	0	0.0	0.0
18	1200502	T	C	0	0	0	0	0	0	0	0	0	0	0	0.0	0.0
18	1204438	A	C	0	0	0	0	0	0	0	0	0	0	0	0.0	0.0
18	1229415	C	G	0	0	0	0	0	0	0	0	0	0	0	0.0	0.0
18	1239183	A	G	0	0	0	0	0	0	0	0	0	0	0	0.0	0.0
18	1263470	G	A	0	0	0	0	0	0	0	0	0	0	0	0.0	0.0
18	1283878	T	C	0	0	0	0	0	0	0	0	0	0	0	0.0	0.0
18	1284428	C	A	0	0	0	0	0	0	0	0	0	0	0	0.0	0.0
18	1287532	G	A	0	0	0	0	0	0	0	0	0	0	0	0.0	0.0
18	1287910	A	T	0	0	0	0	0	0	0	0	0	0	0	0.0	0.0
18	1288645	T	A	0	0	0	0	0	0	0	0	0	0	0	0.0	0.0
18	1290529	T	C	0	0	0	0	0	0	0	0	0	0	0	0.0	0.0
18	1290658	A	G	0	0	0	0	0	0	0	0	0	0	0	0.0	0.0
18	1295476	A	G	0	0	0	0	0	0	0	0	0	0	0	0.0	0.0
18	1298423	T	C	0	0	0	0	0	0	0	0	0	0	0	0.0	0.0
18	1299488	T	C	0	0	0	0	0	0	0	0	0	0	0	0.0	0.0
18	1300969	G	A	0	0	0	0	0	0	0	0	0	0	0	0.0	0.0
18	1308359	T	G	0	0	0	0	0	0	0	0	0	0	0	0.0	0.0
18	1317042	T	G	0	0	0	0	0	0	0	0	0	0	0	0.0	0.0
18	1327050	A	G	0	0	0	0	0	0	0	0	0	0	0	0.0	0.0
18	1336803	A	C	0	0	0	0	0	0	0	0	0	0	0	0.0	0.0
18	1337859	T	A	1	0	0	0	1	0	0	0	0	1	0	1.0	0.0
18	1339046	G	A	0	0	0	0	0	0	0	0	0	0	0	0.0	0.0
18	1339062	A	G	0	0	0	0	0	0	0	0	0	0	0	0.0	0.0
18	1340489	T	C	0	0	0	0	0	0	0	0	0	0	0	0.0	0.0
18	1341674	A	T	0	0	0	0	0	0	0	0	0	0	0	0.0	0.0
18	1344120	T	C	0	0	0	0	0	0	0	0	0	0	0	0.0	0.0
18	1346782	T	C	0	0	0	0	0	0	0	0	0	0	0	0.0	0.0
18	1359885	C	T	0	0	0	0	0	0	0	0	0	0	0	0.0	0.0
18	1407311	A	C	0	0	0	0	0	0	0	0	0	0	0	0.0	0.0
18	1408386	C	T	0	0	0	0	0	0	0	0	0	0	0	0.0	0.0
18	1408592	C	G	0	0	0	0	0	0	0	0	0	0	0	0.0	0.0
18	1411308	T	C	0	0	0	0	0	0	0	0	0	0	0	0.0	0.0
18	1414472	A	C	0	0	0	0	0	0	0	0	0	0	0	0.0	0.0
18	1414782	A	G	0	0	0	0	0	0	0	0	0	0	0	0.0	0.0
18	1415469	C	T	0	0	0	0	0	0	0	0	0	0	0	0.0	0.0
18	1418313	G	A	0	0	0	0	0	0	0	0	0	0	0	0.0	0.0
18	1418371	A	T	0	0	0	0	0	0	0	0	0	0	0	0.0	0.0
18	1419599	C	G	0	0	0	0	0	0	0	0	0	0	0	0.0	0.0
18	1420417	G	A	0	0	0	0	0	0	0	0	0	0	0	0.0	0.0
18	1420484	T	C	0	0	0	0	0	0	0	0	0	0	0	0.0	0.0
18	1421021	G	C	0	0	0	0	0	0	0	0	0	0	0	0.0	0.0
18	1421038	G	A	0	0	0	0	0	0	0	0	0	0	0	0.0	0.0
18	1421050	C	T	0	0	0	0	0	0	0	0	0	0	0	0.0	0.0
18	1421108	T	C	0	0	0	0	0	0	0	0	0	0	0	0.0	0.0
18	1421487	T	C	0	0	0	0	0	0	0	0	0	0	0	0.0	0.0
18	1421841	T	A	0	0	0	0	0	0	0	0	0	0	0	0.0	0.0
18	1422299	C	T	0	0	0	0	0	0	0	0	0	0	0	0.0	0.0
18	1422867	A	G	0	0	0	0	0	0	0	0	0	0	0	0.0	0.0
18	1423006	C	T	0	0	0	0	0	0	0	0	0	0	0	0.0	0.0
18	1423435	A	G	0	0	0	0	0	0	0	0	0	0	0	0.0	0.0
18	1423906	A	G	0	0	0	0	0	0	0	0	0	0	0	0.0	0.0
18	1426361	A	C	0	0	0	0	0	0	0	0	0	0	0	0.0	0.0
18	1426984	A	T	0	0	0	0	0	0	0	0	0	0	0	0.0	0.0
18	1427250	T	C	0	0	0	0	0	0	0	0	0	0	0	0.0	0.0
18	1427809	T	C	0	0	0	0	0	0	0	0	0	0	0	0.0	0.0
18	1427880	C	T	0	0	0	0	0	0	0	0	0	0	0	0.0	0.0
18	1427952	T	C	0	0	0	0	0	0	0	0	0	0	0	0.0	0.0
18	1427961	T	C	0	0	0	0	0	0	0	0	0	0	0	0.0	0.0
18	1428537	G	A	0	0	0	0	0	0	0	0	0	0	0	0.0	0.0
18	1428584	G	A	0	0	0	0	0	0	0	0	0	0	0	0.0	0.0
18	1429364	A	G	0	0	0	0	0	0	0	0	0	0	0	0.0	0.0
18	1429492	T	C	0	0	0	0	0	0	0	0	0	0	0	0.0	0.0
18	1429500	A	G	0	0	0	0	0	0	0	0	0	0	0	0.0	0.0
18	1429539	C	T	0	0	0	0	0	0	0	0	0	0	0	0.0	0.0
18	1429540	A	G	0	0	0	0	0	0	0	0	0	0	0	0.0	0.0
18	1429883	C	T	0	0	0	0	0	0	0	0	0	0	0	0.0	0.0
18	1429945	C	T	0	0	0	0	0	0	0	0	0	0	0	0.0	0.0
18	1431413	G	T	0	0	0	0	0	0	0	0	0	0	0	0.0	0.0
18	1432287	A	G	0	0	0	0	0	0	0	0	0	0	0	0.0	0.0
18	1432403	A	G	0	0	0	0	0	0	0	0	0	0	0	0.0	0.0
18	1432414	G	C	0	0	0	0	0	0	0	0	0	0	0	0.0	0.0
18	1433317	T	C	0	0	0	0	0	0	0	0	0	0	0	0.0	0.0
18	1433455	C	T	0	0	0	0	0	0	0	0	0	0	0	0.0	0.0
18	1434823	C	T	0	0	0	0	0	0	0	0	0	0	0	0.0	0.0
18	1435229	T	C	0	0	0	0	0	0	0	0	0	0	0	0.0	0.0
18	1435236	C	G	0	0	0	0	0	0	0	0	0	0	0	0.0	0.0
18	1435245	T	C	0	0	0	0	0	0	0	0	0	0	0	0.0	0.0
18	1435271	T	C	0	0	0	0	0	0	0	0	0	0	0	0.0	0.0
18	1436122	G	A	0	0	0	0	0	0	0	0	0	0	0	0.0	0.0
18	1439614	A	T	0	0	0	0	0	0	0	0	0	0	0	0.0	0.0
18	1439944	T	C	0	0	0	0	0	0	0	0	0	0	0	0.0	0.0
18	1440091	G	A	0	0	0	0	0	0	0	0	0	0	0	0.0	0.0
18	1441415	C	T	0	0	0	0	0	0	0	0	0	0	0	0.0	0.0
18	1441750	A	G	0	0	0	0	0	0	0	0	0	0	0	0.0	0.0
18	1441929	T	G	0	0	0	0	0	0	0	0	0	0	0	0.0	0.0
18	1442024	A	C	0	0	0	0	0	0	0	0	0	0	0	0.0	0.0
18	1442319	C	A	0	0	0	0	0	0	0	0	0	0	0	0.0	0.0
18	1442913	T	C	0	0	0	0	0	0	0	0	0	0	0	0.0	0.0
18	1444996	G	A	0	0	0	0	0	0	0	0	0	0	0	0.0	0.0
18	1445136	A	G	0	0	0	0	0	0	0	0	0	0	0	0.0	0.0
18	1445497	G	A	0	0	0	0	0	0	0	0	0	0	0	0.0	0.0
18	1445652	G	A	0	0	0	0	0	0	0	0	0	0	0	0.0	0.0
18	1445905	G	A	0	0	0	0	0	0	0	0	0	0	0	0.0	0.0
18	1446012	A	G	0	0	0	0	0	0	0	0	0	0	0	0.0	0.0
18	1446052	A	G	0	0	0	0	0	0	0	0	0	0	0	0.0	0.0
18	1446110	T	A	0	0	0	0	0	0	0	0	0	0	0	0.0	0.0
18	1446720	G	A	0	0	0	0	0	0	0	0	0	0	0	0.0	0.0
18	1446837	T	C	0	0	0	0	0	0	0	0	0	0	0	0.0	0.0
18	1447389	T	C	0	0	0	0	0	0	0	0	0	0	0	0.0	0.0
18	1448381	G	A	0	0	0	0	0	0	0	0	0	0	0	0.0	0.0
18	1448709	A	G	0	0	0	0	0	0	0	0	0	0	0	0.0	0.0
18	1448951	C	G	0	0	0	0	0	0	0	0	0	0	0	0.0	0.0
18	1449669	C	G	0	0	0	0	0	0	0	0	0	0	0	0.0	0.0
18	1449779	T	C	0	0	0	0	0	0	0	0	0	0	0	0.0	0.0
18	1450022	G	A	0	0	0	0	0	0	0	0	0	0	0	0.0	0.0
18	1450235	A	G	0	0	0	0	0	0	0	0	0	0	0	0.0	0.0
18	1450293	G	T	0	0	0	0	0	0	0	0	0	0	0	0.0	0.0
18	1450449	T	A	0	0	0	0	0	0	0	0	0	0	0	0.0	0.0
18	1452491	T	C	0	0	0	0	0	0	0	0	0	0	0	0.0	0.0
18	1452986	G	A	0	0	0	0	0	0	0	0	0	0	0	0.0	0.0
18	1453146	G	A	0	0	0	0	0	0	0	0	0	0	0	0.0	0.0
18	1453915	A	T	0	0	0	0	0	0	0	0	0	0	0	0.0	0.0
18	1454080	C	T	0	0	0	0	0	0	0	0	0	0	0	0.0	0.0
18	1454306	C	A	0	0	0	0	0	0	0	0	0	0	0	0.0	0.0
18	1454959	A	T	0	0	0	0	0	0	0	0	0	0	0	0.0	0.0
18	1455233	G	A	0	0	0	0	0	0	0	0	0	0	0	0.0	0.0
18	1455361	T	C	0	0	0	0	0	0	0	0	0	0	0	0.0	0.0
18	1455404	T	C	0	0	0	0	0	0	0	0	0	0	0	0.0	0.0
18	1455931	T	A	0	0	0	0	0	0	0	0	0	0	0	0.0	0.0
18	1456478	T	G	0	0	0	0	0	0	0	0	0	0	0	0.0	0.0
18	1456597	G	A	0	0	0	0	0	0	0	0	0	0	0	0.0	0.0
18	1457567	A	G	0	0	0	0	0	0	0	0	0	0	0	0.0	0.0
18	1457734	T	G	0	0	0	0	0	0	0	0	0	0	0	0.0	0.0
18	1458174	T	G	0	0	0	0	0	0	0	0	0	0	0	0.0	0.0
18	1458299	T	A	0	0	0	0	0	0	0	0	0	0	0	0.0	0.0
18	1458680	G	A	0	0	0	0	0	0	0	0	0	0	0	0.0	0.0
18	1458873	A	T	0	0	0	0	0	0	0	0	0	0	0	0.0	0.0
18	1459168	G	A	0	0	0	0	0	0	0	0	0	0	0	0.0	0.0
18	1459708	T	A	0	0	0	0	0	0	0	0	0	0	0	0.0	0.0
18	1460015	C	T	0	0	0	0	0	0	0	0	0	0	0	0.0	0.0
18	1460022	A	G	0	0	0	0	0	0	0	0	0	0	0	0.0	0.0
18	1461320	G	A	0	0	0	0	0	0	0	0	0	0	0	0.0	0.0
18	1461455	T	C	0	0	0	0	0	0	0	0	0	0	0	0.0	0.0
18	1461732	C	T	0	0	0	0	0	0	0	0	0	0	0	0.0	0.0
18	1461741	A	G	0	0	0	0	0	0	0	0	0	0	0	0.0	0.0
18	1462179	C	T	0	0	0	0	0	0	0	0	0	0	0	0.0	0.0
18	1462347	A	G	0	0	0	0	0	0	0	0	0	0	0	0.0	0.0
18	1462669	G	A	0	0	0	0	0	0	0	0	0	0	0	0.0	0.0
18	1462989	A	T	0	0	0	0	0	0	0	0	0	0	0	0.0	0.0
18	1463192	T	C	0	0	0	0	0	0	0	0	0	0	0	0.0	0.0
18	1463236	C	A	0	0	0	0	0	0	0	0	0	0	0	0.0	0.0
18	1464135	C	T	0	0	0	0	0	0	0	0	0	0	0	0.0	0.0
18	1464162	G	A	0	0	0	0	0	0	0	0	0	0	0	0.0	0.0
18	1464859	C	T	2	0	0	0	0	0	0	0	2	2	0	1.0	0.0
18	1464977	G	T	0	0	0	0	0	0	0	0	0	0	0	0.0	0.0
18	1465041	C	T	0	0	0	0	0	0	0	0	0	0	0	0.0	0.0
18	1465589	C	T	0	0	0	0	0	0	0	0	0	0	0	0.0	0.0
18	1466007	C	T	0	0	0	0	0	0	0	0	0	0	0	0.0	0.0
18	1466086	G	C	0	0	0	0	0	0	0	0	0	0	0	0.0	0.0
18	1467277	A	G	0	0	0	0	0	0	0	0	0	0	0	0.0	0.0
18	1467288	A	G	0	0	0	0	0	0	0	0	0	0	0	0.0	0.0
18	1467387	C	T	0	0	0	0	0	0	0	0	0	0	0	0.0	0.0
18	1467498	C	A	0	0	0	0	0	0	0	0	0	0	0	0.0	0.0
18	1467641	T	C	0	0	0	0	0	0	0	0	0	0	0	0.0	0.0
18	1467944	C	T	0	0	0	0	0	0	0	0	0	0	0	0.0	0.0
18	1467951	T	C	0	0	0	0	0	0	0	0	0	0	0	0.0	0.0
18	1468112	G	A	0	0	0	0	0	0	0	0	0	0	0	0.0	0.0
18	1468409	C	T	0	0	0	0	0	0	0	0	0	0	0	0.0	0.0
18	1468567	C	G	0	0	0	0	0	0	0	0	0	0	0	0.0	0.0
18	1468775	G	A	0	0	0	0	0	0	0	0	0	0	0	0.0	0.0
18	1469513	C	T	0	0	0	0	0	0	0	0	0	0	0	0.0	0.0
18	1471193	C	T	0	0	0	0	0	0	0	0	0	0	0	0.0	0.0
18	1471321	C	T	0	0	0	0	0	0	0	0	0	0	0	0.0	0.0
18	1471499	T	A	0	0	0	0	0	0	0	0	0	0	0	0.0	0.0
18	1471540	G	A	0	0	0	0	0	0	0	0	0	0	0	0.0	0.0
18	1472222	C	T	0	0	0	0	0	0	0	0	0	0	0	0.0	0.0
18	1472798	A	C	0	0	0	0	0	0	0	0	0	0	0	0.0	0.0
18	1474179	C	T	0	0	0	0	0	0	0	0	0	0	0	0.0	0.0
18	1475849	G	C	0	0	0	0	0	0	0	0	0	0	0	0.0	0.0
18	1476101	T	C	0	0	0	0	0	0	0	0	0	0	0	0.0	0.0
18	1476318	C	G	0	0	0	0	0	0	0	0	0	0	0	0.0	0.0
18	1476356	A	T	0	0	0	0	0	0	0	0	0	0	0	0.0	0.0
18	1476390	T	A	0	0	0	0	0	0	0	0	0	0	0	0.0	0.0
18	1476489	T	A	0	0	0	0	0	0	0	0	0	0	0	0.0	0.0
18	1476737	A	G	0	0	0	0	0	0	0	0	0	0	0	0.0	0.0
18	1476784	A	G	0	0	0	0	0	0	0	0	0	0	0	0.0	0.0
18	1477014	G	C	0	0	0	0	0	0	0	0	0	0	0	0.0	0.0
18	1477231	A	G	0	0	0	0	0	0	0	0	0	0	0	0.0	0.0
18	1477471	G	T	0	0	0	0	0	0	0	0	0	0	0	0.0	0.0
18	1477824	A	T	0	0	0	0	0	0	0	0	0	0	0	0.0	0.0
18	1478119	G	A	0	0	0	0	0	0	0	0	0	0	0	0.0	0.0
18	1478532	G	A	0	0	0	0	0	0	0	0	0	0	0	0.0	0.0
18	1479263	C	T	0	0	0	0	0	0	0	0	0	0	0	0.0	0.0
18	1479572	C	T	0	0	0	0	0	0	0	0	0	0	0	0.0	0.0
18	1479688	G	A	0	0	0	0	0	0	0	0	0	0	0	0.0	0.0
18	1481159	A	C	0	0	0	0	0	0	0	0	0	0	0	0.0	0.0
18	1481898	A	G	0	0	0	0	0	0	0	0	0	0	0	0.0	0.0
18	1482089	A	T	0	0	0	0	0	0	0	0	0	0	0	0.0	0.0
18	1482924	A	G	0	0	0	0	0	0	0	0	0	0	0	0.0	0.0
18	1484362	C	A	0	0	0	0	0	0	0	0	0	0	0	0.0	0.0
18	1484945	T	C	0	0	0	0	0	0	0	0	0	0	0	0.0	0.0
18	1484994	C	G	0	0	0	0	0	0	0	0	0	0	0	0.0	0.0
18	1485047	G	T	0	0	0	0	0	0	0	0	0	0	0	0.0	0.0
18	1485129	C	A	0	0	0	0	0	0	0	0	0	0	0	0.0	0.0
18	1485243	G	A	0	0	0	0	0	0	0	0	0	0	0	0.0	0.0
18	1485613	A	T	0	0	0	0	0	0	0	0	0	0	0	0.0	0.0
18	1485656	G	C	0	0	0	0	0	0	0	0	0	0	0	0.0	0.0
18	1486272	C	T	0	0	0	0	0	0	0	0	0	0	0	0.0	0.0
18	1486446	T	C	0	0	0	0	0	0	0	0	0	0	0	0.0	0.0
18	1486482	T	G	0	0	0	0	0	0	0	0	0	0	0	0.0	0.0
18	1487083	A	G	0	0	0	0	0	0	0	0	0	0	0	0.0	0.0
18	1487437	T	C	0	0	0	0	0	0	0	0	0	0	0	0.0	0.0
18	1487701	T	C	0	0	0	0	0	0	0	0	0	0	0	0.0	0.0
18	1487732	T	G	0	0	0	0	0	0	0	0	0	0	0	0.0	0.0
18	1487818	A	G	0	0	0	0	0	0	0	0	0	0	0	0.0	0.0
18	1487972	A	G	0	0	0	0	0	0	0	0	0	0	0	0.0	0.0
18	1488322	T	C	0	0	0	0	0	0	0	0	0	0	0	0.0	0.0
18	1488454	C	T	0	0	0	0	0	0	0	0	0	0	0	0.0	0.0
18	1488617	C	A	0	0	0	0	0	0	0	0	0	0	0	0.0	0.0
18	1489410	G	T	0	0	0	0	0	0	0	0	0	0	0	0.0	0.0
18	1489514	C	T	0	0	0	0	0	0	0	0	0	0	0	0.0	0.0
18	1490763	C	T	0	0	0	0	0	0	0	0	0	0	0	0.0	0.0
18	1492179	C	T	0	0	0	0	0	0	0	0	0	0	0	0.0	0.0
18	1492478	T	A	0	0	0	0	0	0	0	0	0	0	0	0.0	0.0
18	1492959	G	T	0	0	0	0	0	0	0	0	0	0	0	0.0	0.0
18	1495108	C	A	0	0	0	0	0	0	0	0	0	0	0	0.0	0.0
18	1495205	C	G	0	0	0	0	0	0	0	0	0	0	0	0.0	0.0
18	1495398	A	C	0	0	0	0	0	0	0	0	0	0	0	0.0	0.0
18	1495459	T	C	0	0	0	0	0	0	0	0	0	0	0	0.0	0.0
18	1495924	G	A	0	0	0	0	0	0	0	0	0	0	0	0.0	0.0
18	1496807	C	A	0	0	0	0	0	0	0	0	0	0	0	0.0	0.0
18	1496952	G	T	0	0	0	0	0	0	0	0	0	0	0	0.0	0.0
18	1497700	C	T	0	0	0	0	0	0	0	0	0	0	0	0.0	0.0
18	1498480	G	T	0	0	0	0	0	0	0	0	0	0	0	0.0	0.0
18	1500407	A	G	0	0	0	0	0	0	0	0	0	0	0	0.0	0.0
18	1507854	A	C	0	0	0	0	0	0	0	0	0	0	0	0.0	0.0
18	1508223	C	G	0	0	0	0	0	0	0	0	0	0	0	0.0	0.0
18	1508291	C	T	0	0	0	0	0	0	0	0	0	0	0	0.0	0.0
18	1508590	C	T	0	0	0	0	0	0	0	0	0	0	0	0.0	0.0
18	1509236	T	A	0	0	0	0	0	0	0	0	0	0	0	0.0	0.0
18	1509626	G	T	0	0	0	0	0	0	0	0	0	0	0	0.0	0.0
18	1511633	G	C	0	0	0	0	0	0	0	0	0	0	0	0.0	0.0
18	1512239	C	T	0	0	0	0	0	0	0	0	0	0	0	0.0	0.0
18	1512430	G	A	0	0	0	0	0	0	0	0	0	0	0	0.0	0.0
18	1514102	C	G	0	0	0	0	0	0	0	0	0	0	0	0.0	0.0
18	1514629	T	G	0	0	0	0	0	0	0	0	0	0	0	0.0	0.0
18	1514893	T	C	0	0	0	0	0	0	0	0	0	0	0	0.0	0.0
18	1514895	T	A	0	0	0	0	0	0	0	0	0	0	0	0.0	0.0
18	1515840	A	C	0	0	0	0	0	0	0	0	0	0	0	0.0	0.0
18	1521796	G	A	0	0	0	0	0	0	0	0	0	0	0	0.0	0.0
18	1521863	C	T	0	0	0	0	0	0	0	0	0	0	0	0.0	0.0
18	1521939	C	T	0	0	0	0	0	0	0	0	0	0	0	0.0	0.0
18	1522181	C	T	0	0	0	0	0	0	0	0	0	0	0	0.0	0.0
18	1522208	G	T	0	0	0	0	0	0	0	0	0	0	0	0.0	0.0
18	1522563	T	C	0	0	0	0	0	0	0	0	0	0	0	0.0	0.0
18	1523511	A	T	0	0	0	0	0	0	0	0	0	0	0	0.0	0.0
18	1524357	A	G	0	0	0	0	0	0	0	0	0	0	0	0.0	0.0
18	1524780	C	T	0	0	0	0	0	0	0	0	0	0	0	0.0	0.0
18	1529555	G	T	0	0	0	0	0	0	0	0	0	0	0	0.0	0.0
18	1529931	G	A	0	0	0	0	0	0	0	0	0	0	0	0.0	0.0
18	1530071	T	C	0	0	0	0	0	0	0	0	0	0	0	0.0	0.0
18	1531295	T	C	0	0	0	0	0	0	0	0	0	0	0	0.0	0.0
18	1531453	G	A	0	0	0	0	0	0	0	0	0	0	0	0.0	0.0
18	1533691	C	T	0	0	0	0	0	0	0	0	0	0	0	0.0	0.0
18	1535951	C	A	0	0	0	0	0	0	0	0	0	0	0	0.0	0.0
18	1538602	T	C	0	0	0	0	0	0	0	0	0	0	0	0.0	0.0
18	1542275	T	C	0	0	0	0	0	0	0	0	0	0	0	0.0	0.0
18	1542330	G	T	0	0	0	0	0	0	0	0	0	0	0	0.0	0.0
18	1542457	A	T	0	0	0	0	0	0	0	0	0	0	0	0.0	0.0
18	1542523	C	A	0	0	0	0	0	0	0	0	0	0	0	0.0	0.0
18	1542791	C	T	0	0	0	0	0	0	0	0	0	0	0	0.0	0.0
18	1542811	G	T	0	0	0	0	0	0	0	0	0	0	0	0.0	0.0
18	1543003	G	A	1	0	0	0	0	0	1	0	0	1	0	1.0	0.0
18	1543416	C	T	0	0	0	0	0	0	0	0	0	0	0	0.0	0.0
18	1543685	T	A	0	0	0	0	0	0	0	0	0	0	0	0.0	0.0
18	1543717	G	A	0	0	0	0	0	0	0	0	0	0	0	0.0	0.0
18	1543936	A	C	0	0	0	0	0	0	0	0	0	0	0	0.0	0.0
18	1544982	A	T	0	0	0	0	0	0	0	0	0	0	0	0.0	0.0
18	1546089	A	C	0	0	0	0	0	0	0	0	0	0	0	0.0	0.0
18	1548912	C	T	0	0	0	0	0	0	0	0	0	0	0	0.0	0.0
18	1549033	G	A	0	0	0	0	0	0	0	0	0	0	0	0.0	0.0
18	1549401	G	A	0	0	0	0	0	0	0	0	0	0	0	0.0	0.0
18	1549896	A	T	0	0	0	0	0	0	0	0	0	0	0	0.0	0.0
18	1550150	C	T	0	0	0	0	0	0	0	0	0	0	0	0.0	0.0
18	1550452	C	T	0	0	0	0	0	0	0	0	0	0	0	0.0	0.0
18	1551932	T	C	0	0	0	0	0	0	0	0	0	0	0	0.0	0.0
18	1552539	A	G	0	0	0	0	0	0	0	0	0	0	0	0.0	0.0
18	1553550	G	A	0	0	0	0	0	0	0	0	0	0	0	0.0	0.0
18	1555050	C	T	0	0	0	0	0	0	0	0	0	0	0	0.0	0.0
18	1555197	C	T	0	0	0	0	0	0	0	0	0	0	0	0.0	0.0
18	1555774	G	A	0	0	0	0	0	0	0	0	0	0	0	0.0	0.0
18	1556004	T	C	0	0	0	0	0	0	0	0	0	0	0	0.0	0.0
18	1556145	G	A	0	0	0	0	0	0	0	0	0	0	0	0.0	0.0
18	1556545	A	G	0	0	0	0	0	0	0	0	0	0	0	0.0	0.0
18	1557276	G	T	0	0	0	0	0	0	0	0	0	0	0	0.0	0.0
18	1559077	G	A	0	0	0	0	0	0	0	0	0	0	0	0.0	0.0
18	1559142	A	C	0	0	0	0	0	0	0	0	0	0	0	0.0	0.0
18	1559311	C	T	0	0	0	0	0	0	0	0	0	0	0	0.0	0.0
18	1561255	G	A	0	0	0	0	0	0	0	0	0	0	0	0.0	0.0
18	1561386	G	A	0	0	0	0	0	0	0	0	0	0	0	0.0	0.0
18	1561801	A	G	0	0	0	0	0	0	0	0	0	0	0	0.0	0.0
18	1564083	C	T	0	0	0	0	0	0	0	0	0	0	0	0.0	0.0
18	1564132	T	C	0	0	0	0	0	0	0	0	0	0	0	0.0	0.0
18	1564565	G	T	0	0	0	0	0	0	0	0	0	0	0	0.0	0.0
18	1564895	A	G	0	0	0	0	0	0	0	0	0	0	0	0.0	0.0
18	1565985	A	G	0	0	0	0	0	0	0	0	0	0	0	0.0	0.0
18	1566202	T	G	0	0	0	0	0	0	0	0	0	0	0	0.0	0.0
18	1566468	G	T	0	0	0	0	0	0	0	0	0	0	0	0.0	0.0
18	1566889	T	A	0	0	0	0	0	0	0	0	0	0	0	0.0	0.0
18	1566926	C	T	0	0	0	0	0	0	0	0	0	0	0	0.0	0.0
18	1566954	G	A	0	0	0	0	0	0	0	0	0	0	0	0.0	0.0
18	1567050	G	A	0	0	0	0	0	0	0	0	0	0	0	0.0	0.0
18	1567186	T	C	0	0	0	0	0	0	0	0	0	0	0	0.0	0.0
18	1568606	C	T	1	0	0	1	0	0	0	0	0	0	1	0.0	1.0
18	1569041	T	C	0	0	0	0	0	0	0	0	0	0	0	0.0	0.0
18	1569399	T	G	0	0	0	0	0	0	0	0	0	0	0	0.0	0.0
18	1569748	C	T	0	0	0	0	0	0	0	0	0	0	0	0.0	0.0
18	1570265	A	G	0	0	0	0	0	0	0	0	0	0	0	0.0	0.0
18	1570337	G	A	0	0	0	0	0	0	0	0	0	0	0	0.0	0.0
18	1570738	A	G	0	0	0	0	0	0	0	0	0	0	0	0.0	0.0
18	1572079	G	A	0	0	0	0	0	0	0	0	0	0	0	0.0	0.0
18	1572789	C	G	0	0	0	0	0	0	0	0	0	0	0	0.0	0.0
18	1573312	T	G	0	0	0	0	0	0	0	0	0	0	0	0.0	0.0
18	1574274	C	T	0	0	0	0	0	0	0	0	0	0	0	0.0	0.0
18	1574369	A	C	0	0	0	0	0	0	0	0	0	0	0	0.0	0.0
18	1575020	A	G	1	0	0	0	0	1	0	0	0	0	1	0.0	1.0
18	1575201	T	G	0	0	0	0	0	0	0	0	0	0	0	0.0	0.0
18	1575206	G	A	0	0	0	0	0	0	0	0	0	0	0	0.0	0.0
18	1575274	G	A	0	0	0	0	0	0	0	0	0	0	0	0.0	0.0
18	1581624	A	G	0	0	0	0	0	0	0	0	0	0	0	0.0	0.0
18	1604406	T	G	0	0	0	0	0	0	0	0	0	0	0	0.0	0.0
18	1607864	C	T	0	0	0	0	0	0	0	0	0	0	0	0.0	0.0
18	1622027	G	A	0	0	0	0	0	0	0	0	0	0	0	0.0	0.0
18	1669502	G	A	0	0	0	0	0	0	0	0	0	0	0	0.0	0.0
18	1670210	T	C	0	0	0	0	0	0	0	0	0	0	0	0.0	0.0
18	1742119	A	G	0	0	0	0	0	0	0	0	0	0	0	0.0	0.0
18	1742133	A	G	0	0	0	0	0	0	0	0	0	0	0	0.0	0.0
18	1742272	G	A	0	0	0	0	0	0	0	0	0	0	0	0.0	0.0
18	1743471	C	T	0	0	0	0	0	0	0	0	0	0	0	0.0	0.0
18	1743731	A	G	0	0	0	0	0	0	0	0	0	0	0	0.0	0.0
18	1744338	A	T	0	0	0	0	0	0	0	0	0	0	0	0.0	0.0
18	1744723	G	T	0	0	0	0	0	0	0	0	0	0	0	0.0	0.0
18	1744828	G	T	0	0	0	0	0	0	0	0	0	0	0	0.0	0.0
18	1745242	A	G	0	0	0	0	0	0	0	0	0	0	0	0.0	0.0
18	1745815	A	T	0	0	0	0	0	0	0	0	0	0	0	0.0	0.0
18	1747008	C	T	0	0	0	0	0	0	0	0	0	0	0	0.0	0.0
18	1747030	C	G	0	0	0	0	0	0	0	0	0	0	0	0.0	0.0
18	1747747	G	A	0	0	0	0	0	0	0	0	0	0	0	0.0	0.0
18	1748722	G	A	0	0	0	0	0	0	0	0	0	0	0	0.0	0.0
18	1750523	A	G	0	0	0	0	0	0	0	0	0	0	0	0.0	0.0
18	1752000	A	G	0	0	0	0	0	0	0	0	0	0	0	0.0	0.0
18	1752426	T	A	0	0	0	0	0	0	0	0	0	0	0	0.0	0.0
18	1752810	T	C	0	0	0	0	0	0	0	0	0	0	0	0.0	0.0
18	1753953	C	T	0	0	0	0	0	0	0	0	0	0	0	0.0	0.0
18	1754176	G	A	0	0	0	0	0	0	0	0	0	0	0	0.0	0.0
18	1754274	A	G	0	0	0	0	0	0	0	0	0	0	0	0.0	0.0
18	1754591	A	G	0	0	0	0	0	0	0	0	0	0	0	0.0	0.0
18	1755028	A	G	0	0	0	0	0	0	0	0	0	0	0	0.0	0.0
18	1755059	G	A	0	0	0	0	0	0	0	0	0	0	0	0.0	0.0
18	1755082	T	C	0	0	0	0	0	0	0	0	0	0	0	0.0	0.0
18	1755409	A	G	0	0	0	0	0	0	0	0	0	0	0	0.0	0.0
18	1755418	G	A	0	0	0	0	0	0	0	0	0	0	0	0.0	0.0
18	1755817	A	G	0	0	0	0	0	0	0	0	0	0	0	0.0	0.0
18	1755833	G	A	0	0	0	0	0	0	0	0	0	0	0	0.0	0.0
18	1756015	A	C	0	0	0	0	0	0	0	0	0	0	0	0.0	0.0
18	1756422	G	A	0	0	0	0	0	0	0	0	0	0	0	0.0	0.0
18	1757031	C	T	0	0	0	0	0	0	0	0	0	0	0	0.0	0.0
18	1757405	G	A	0	0	0	0	0	0	0	0	0	0	0	0.0	0.0
18	1757453	G	A	0	0	0	0	0	0	0	0	0	0	0	0.0	0.0
18	1757472	A	G	0	0	0	0	0	0	0	0	0	0	0	0.0	0.0
18	1757847	C	T	0	0	0	0	0	0	0	0	0	0	0	0.0	0.0
18	1762595	C	T	0	0	0	0	0	0	0	0	0	0	0	0.0	0.0
18	1767080	G	C	0	0	0	0	0	0	0	0	0	0	0	0.0	0.0
18	1767245	G	T	0	0	0	0	0	0	0	0	0	0	0	0.0	0.0
18	1769879	A	T	0	0	0	0	0	0	0	0	0	0	0	0.0	0.0
18	1770388	A	T	0	0	0	0	0	0	0	0	0	0	0	0.0	0.0
18	1772846	G	A	0	0	0	0	0	0	0	0	0	0	0	0.0	0.0
18	1773145	C	T	0	0	0	0	0	0	0	0	0	0	0	0.0	0.0
18	1774157	C	T	0	0	0	0	0	0	0	0	0	0	0	0.0	0.0
18	1775084	A	G	0	0	0	0	0	0	0	0	0	0	0	0.0	0.0
18	1775175	G	C	0	0	0	0	0	0	0	0	0	0	0	0.0	0.0
18	1775283	A	G	0	0	0	0	0	0	0	0	0	0	0	0.0	0.0
18	1775720	G	A	0	0	0	0	0	0	0	0	0	0	0	0.0	0.0
18	1776666	C	T	0	0	0	0	0	0	0	0	0	0	0	0.0	0.0
18	1777013	G	A	0	0	0	0	0	0	0	0	0	0	0	0.0	0.0
18	1777081	A	T	0	0	0	0	0	0	0	0	0	0	0	0.0	0.0
18	1778469	C	T	0	0	0	0	0	0	0	0	0	0	0	0.0	0.0
18	1778592	A	G	0	0	0	0	0	0	0	0	0	0	0	0.0	0.0
18	1781336	G	A	0	0	0	0	0	0	0	0	0	0	0	0.0	0.0
18	1782147	T	G	0	0	0	0	0	0	0	0	0	0	0	0.0	0.0
18	1782967	G	T	0	0	0	0	0	0	0	0	0	0	0	0.0	0.0
18	1783437	T	C	0	0	0	0	0	0	0	0	0	0	0	0.0	0.0
18	1785171	C	T	0	0	0	0	0	0	0	0	0	0	0	0.0	0.0
18	1785768	G	A	0	0	0	0	0	0	0	0	0	0	0	0.0	0.0
18	1785822	T	C	0	0	0	0	0	0	0	0	0	0	0	0.0	0.0
18	1785871	G	A	0	0	0	0	0	0	0	0	0	0	0	0.0	0.0
18	1786588	G	A	0	0	0	0	0	0	0	0	0	0	0	0.0	0.0
18	1788953	T	A	0	0	0	0	0	0	0	0	0	0	0	0.0	0.0
18	1789544	C	T	0	0	0	0	0	0	0	0	0	0	0	0.0	0.0
18	1789910	G	A	0	0	0	0	0	0	0	0	0	0	0	0.0	0.0
18	1790158	C	T	0	0	0	0	0	0	0	0	0	0	0	0.0	0.0
18	1790427	G	A	0	0	0	0	0	0	0	0	0	0	0	0.0	0.0
18	1790467	G	A	0	0	0	0	0	0	0	0	0	0	0	0.0	0.0
18	1792127	C	G	0	0	0	0	0	0	0	0	0	0	0	0.0	0.0
18	1792598	T	C	0	0	0	0	0	0	0	0	0	0	0	0.0	0.0
18	1793106	T	A	0	0	0	0	0	0	0	0	0	0	0	0.0	0.0
18	1793389	A	T	0	0	0	0	0	0	0	0	0	0	0	0.0	0.0
18	1794509	A	G	0	0	0	0	0	0	0	0	0	0	0	0.0	0.0
18	1796249	A	C	0	0	0	0	0	0	0	0	0	0	0	0.0	0.0
18	1796361	G	A	0	0	0	0	0	0	0	0	0	0	0	0.0	0.0
18	1798171	G	A	0	0	0	0	0	0	0	0	0	0	0	0.0	0.0
18	1798355	A	C	0	0	0	0	0	0	0	0	0	0	0	0.0	0.0
18	1800338	G	A	0	0	0	0	0	0	0	0	0	0	0	0.0	0.0
18	1800377	T	A	0	0	0	0	0	0	0	0	0	0	0	0.0	0.0
18	1800517	C	T	0	0	0	0	0	0	0	0	0	0	0	0.0	0.0
18	1801014	C	T	0	0	0	0	0	0	0	0	0	0	0	0.0	0.0
18	1802443	T	G	0	0	0	0	0	0	0	0	0	0	0	0.0	0.0
18	1802917	G	A	0	0	0	0	0	0	0	0	0	0	0	0.0	0.0
18	1803913	T	C	0	0	0	0	0	0	0	0	0	0	0	0.0	0.0
18	1804120	T	C	0	0	0	0	0	0	0	0	0	0	0	0.0	0.0
18	1804124	T	G	0	0	0	0	0	0	0	0	0	0	0	0.0	0.0
18	1804571	G	T	0	0	0	0	0	0	0	0	0	0	0	0.0	0.0
18	1804619	A	C	0	0	0	0	0	0	0	0	0	0	0	0.0	0.0
18	1805200	T	C	0	0	0	0	0	0	0	0	0	0	0	0.0	0.0
18	1805225	T	C	0	0	0	0	0	0	0	0	0	0	0	0.0	0.0
18	1805318	T	A	0	0	0	0	0	0	0	0	0	0	0	0.0	0.0
18	1807279	C	T	0	0	0	0	0	0	0	0	0	0	0	0.0	0.0
18	1807674	G	A	0	0	0	0	0	0	0	0	0	0	0	0.0	0.0
18	1808729	C	T	0	0	0	0	0	0	0	0	0	0	0	0.0	0.0
18	1809217	A	G	0	0	0	0	0	0	0	0	0	0	0	0.0	0.0
18	1844795	T	C	0	0	0	0	0	0	0	0	0	0	0	0.0	0.0
18	1846172	T	C	0	0	0	0	0	0	0	0	0	0	0	0.0	0.0
18	1847408	C	T	0	0	0	0	0	0	0	0	0	0	0	0.0	0.0
18	1848629	C	A	0	0	0	0	0	0	0	0	0	0	0	0.0	0.0
18	1850718	G	A	0	0	0	0	0	0	0	0	0	0	0	0.0	0.0
18	1850771	A	G	0	0	0	0	0	0	0	0	0	0	0	0.0	0.0
18	1850820	T	C	0	0	0	0	0	0	0	0	0	0	0	0.0	0.0
18	1851122	C	T	0	0	0	0	0	0	0	0	0	0	0	0.0	0.0
18	1851688	G	A	0	0	0	0	0	0	0	0	0	0	0	0.0	0.0
18	1852674	G	A	0	0	0	0	0	0	0	0	0	0	0	0.0	0.0
18	1853561	C	T	0	0	0	0	0	0	0	0	0	0	0	0.0	0.0
18	1853997	C	T	0	0	0	0	0	0	0	0	0	0	0	0.0	0.0
18	1854320	G	C	0	0	0	0	0	0	0	0	0	0	0	0.0	0.0
18	1854516	G	A	1	1	0	0	0	0	0	0	0	0	1	0.0	1.0
18	1856165	T	G	0	0	0	0	0	0	0	0	0	0	0	0.0	0.0
18	1856272	G	A	0	0	0	0	0	0	0	0	0	0	0	0.0	0.0
18	1857202	T	C	0	0	0	0	0	0	0	0	0	0	0	0.0	0.0
18	1857836	C	G	0	0	0	0	0	0	0	0	0	0	0	0.0	0.0
18	1858935	G	A	0	0	0	0	0	0	0	0	0	0	0	0.0	0.0
18	1859027	A	G	0	0	0	0	0	0	0	0	0	0	0	0.0	0.0
18	1859413	A	G	0	0	0	0	0	0	0	0	0	0	0	0.0	0.0
18	1860227	C	T	0	0	0	0	0	0	0	0	0	0	0	0.0	0.0
18	1860310	A	G	0	0	0	0	0	0	0	0	0	0	0	0.0	0.0
18	1861762	C	T	0	0	0	0	0	0	0	0	0	0	0	0.0	0.0
18	1862211	G	A	0	0	0	0	0	0	0	0	0	0	0	0.0	0.0
18	1863940	A	G	0	0	0	0	0	0	0	0	0	0	0	0.0	0.0
18	1864545	T	C	0	0	0	0	0	0	0	0	0	0	0	0.0	0.0
18	1865530	G	A	0	0	0	0	0	0	0	0	0	0	0	0.0	0.0
18	1867373	A	G	0	0	0	0	0	0	0	0	0	0	0	0.0	0.0
18	1867478	A	G	0	0	0	0	0	0	0	0	0	0	0	0.0	0.0
18	1868140	T	A	0	0	0	0	0	0	0	0	0	0	0	0.0	0.0
18	1868401	A	G	0	0	0	0	0	0	0	0	0	0	0	0.0	0.0
18	1869102	G	A	0	0	0	0	0	0	0	0	0	0	0	0.0	0.0
18	1870787	A	T	0	0	0	0	0	0	0	0	0	0	0	0.0	0.0
18	1871492	G	T	0	0	0	0	0	0	0	0	0	0	0	0.0	0.0
18	1872064	G	A	0	0	0	0	0	0	0	0	0	0	0	0.0	0.0
18	1872292	C	T	0	0	0	0	0	0	0	0	0	0	0	0.0	0.0
18	1872317	C	T	0	0	0	0	0	0	0	0	0	0	0	0.0	0.0
18	1872943	C	G	0	0	0	0	0	0	0	0	0	0	0	0.0	0.0
18	1876528	T	C	0	0	0	0	0	0	0	0	0	0	0	0.0	0.0
18	1876771	T	C	0	0	0	0	0	0	0	0	0	0	0	0.0	0.0
18	1876895	A	G	0	0	0	0	0	0	0	0	0	0	0	0.0	0.0
18	1877252	G	T	0	0	0	0	0	0	0	0	0	0	0	0.0	0.0
18	1877394	C	T	0	0	0	0	0	0	0	0	0	0	0	0.0	0.0
18	1877479	T	C	0	0	0	0	0	0	0	0	0	0	0	0.0	0.0
18	1879659	C	T	0	0	0	0	0	0	0	0	0	0	0	0.0	0.0
18	1879831	C	T	0	0	0	0	0	0	0	0	0	0	0	0.0	0.0
18	1880289	G	A	0	0	0	0	0	0	0	0	0	0	0	0.0	0.0
18	1883404	T	A	0	0	0	0	0	0	0	0	0	0	0	0.0	0.0
18	1883687	A	G	0	0	0	0	0	0	0	0	0	0	0	0.0	0.0
18	1883692	T	C	0	0	0	0	0	0	0	0	0	0	0	0.0	0.0
18	1883794	G	A	0	0	0	0	0	0	0	0	0	0	0	0.0	0.0
18	1884003	G	A	0	0	0	0	0	0	0	0	0	0	0	0.0	0.0
18	1884329	G	T	0	0	0	0	0	0	0	0	0	0	0	0.0	0.0
18	1884540	C	G	0	0	0	0	0	0	0	0	0	0	0	0.0	0.0
18	1884686	A	G	0	0	0	0	0	0	0	0	0	0	0	0.0	0.0
18	1916269	T	A	0	0	0	0	0	0	0	0	0	0	0	0.0	0.0
18	1916270	A	G	0	0	0	0	0	0	0	0	0	0	0	0.0	0.0
18	1919384	G	A	0	0	0	0	0	0	0	0	0	0	0	0.0	0.0
18	1919742	G	T	0	0	0	0	0	0	0	0	0	0	0	0.0	0.0
18	1920754	G	A	0	0	0	0	0	0	0	0	0	0	0	0.0	0.0
18	1921317	T	G	0	0	0	0	0	0	0	0	0	0	0	0.0	0.0
18	1921369	G	C	0	0	0	0	0	0	0	0	0	0	0	0.0	0.0
18	1921423	A	T	0	0	0	0	0	0	0	0	0	0	0	0.0	0.0
18	1921598	T	A	0	0	0	0	0	0	0	0	0	0	0	0.0	0.0
18	1921643	G	A	0	0	0	0	0	0	0	0	0	0	0	0.0	0.0
18	1921733	G	A	0	0	0	0	0	0	0	0	0	0	0	0.0	0.0
18	1922231	A	C	0	0	0	0	0	0	0	0	0	0	0	0.0	0.0
18	1924391	G	A	0	0	0	0	0	0	0	0	0	0	0	0.0	0.0
18	1924574	A	C	0	0	0	0	0	0	0	0	0	0	0	0.0	0.0
18	1925192	A	C	0	0	0	0	0	0	0	0	0	0	0	0.0	0.0
18	1925512	C	T	0	0	0	0	0	0	0	0	0	0	0	0.0	0.0
18	1926354	G	A	0	0	0	0	0	0	0	0	0	0	0	0.0	0.0
18	1926598	C	T	0	0	0	0	0	0	0	0	0	0	0	0.0	0.0
18	1929925	A	C	0	0	0	0	0	0	0	0	0	0	0	0.0	0.0
18	1930138	G	C	0	0	0	0	0	0	0	0	0	0	0	0.0	0.0
18	1934939	A	G	0	0	0	0	0	0	0	0	0	0	0	0.0	0.0
18	1934954	A	C	0	0	0	0	0	0	0	0	0	0	0	0.0	0.0
18	1935431	G	A	1	0	0	0	0	1	0	0	0	1	0	1.0	0.0
18	1937231	A	G	0	0	0	0	0	0	0	0	0	0	0	0.0	0.0
18	1937908	T	A	0	0	0	0	0	0	0	0	0	0	0	0.0	0.0
18	1938690	T	C	0	0	0	0	0	0	0	0	0	0	0	0.0	0.0
18	1939073	G	T	0	0	0	0	0	0	0	0	0	0	0	0.0	0.0
18	1939553	A	G	0	0	0	0	0	0	0	0	0	0	0	0.0	0.0
18	1940156	G	A	0	0	0	0	0	0	0	0	0	0	0	0.0	0.0
18	1941702	C	T	0	0	0	0	0	0	0	0	0	0	0	0.0	0.0
18	1941843	A	G	0	0	0	0	0	0	0	0	0	0	0	0.0	0.0
18	1944313	G	A	0	0	0	0	0	0	0	0	0	0	0	0.0	0.0
18	1945087	T	C	0	0	0	0	0	0	0	0	0	0	0	0.0	0.0
18	1945194	A	C	0	0	0	0	0	0	0	0	0	0	0	0.0	0.0
18	1945711	G	C	0	0	0	0	0	0	0	0	0	0	0	0.0	0.0
18	1946437	A	G	0	0	0	0	0	0	0	0	0	0	0	0.0	0.0
18	1947334	A	T	0	0	0	0	0	0	0	0	0	0	0	0.0	0.0
18	1947437	A	T	0	0	0	0	0	0	0	0	0	0	0	0.0	0.0
18	1947965	T	C	0	0	0	0	0	0	0	0	0	0	0	0.0	0.0
18	1948046	T	C	0	0	0	0	0	0	0	0	0	0	0	0.0	0.0
18	1948608	A	C	0	0	0	0	0	0	0	0	0	0	0	0.0	0.0
18	1948626	T	C	0	0	0	0	0	0	0	0	0	0	0	0.0	0.0
18	1949423	G	T	0	0	0	0	0	0	0	0	0	0	0	0.0	0.0
18	1950085	G	A	0	0	0	0	0	0	0	0	0	0	0	0.0	0.0
18	1950100	A	C	0	0	0	0	0	0	0	0	0	0	0	0.0	0.0
18	1950239	G	A	0	0	0	0	0	0	0	0	0	0	0	0.0	0.0
18	1950275	C	T	0	0	0	0	0	0	0	0	0	0	0	0.0	0.0
18	1950604	C	A	0	0	0	0	0	0	0	0	0	0	0	0.0	0.0
18	1950769	G	C	0	0	0	0	0	0	0	0	0	0	0	0.0	0.0
18	1951015	G	A	0	0	0	0	0	0	0	0	0	0	0	0.0	0.0
18	1951127	C	T	0	0	0	0	0	0	0	0	0	0	0	0.0	0.0
18	1951401	T	C	0	0	0	0	0	0	0	0	0	0	0	0.0	0.0
18	1951672	C	T	0	0	0	0	0	0	0	0	0	0	0	0.0	0.0
18	1952176	G	A	0	0	0	0	0	0	0	0	0	0	0	0.0	0.0
18	1952567	A	G	0	0	0	0	0	0	0	0	0	0	0	0.0	0.0
18	1952648	T	C	0	0	0	0	0	0	0	0	0	0	0	0.0	0.0
18	1952779	C	T	0	0	0	0	0	0	0	0	0	0	0	0.0	0.0
18	1952820	C	T	0	0	0	0	0	0	0	0	0	0	0	0.0	0.0
18	1952898	G	C	0	0	0	0	0	0	0	0	0	0	0	0.0	0.0
18	1952902	G	A	0	0	0	0	0	0	0	0	0	0	0	0.0	0.0
18	1953371	A	G	0	0	0	0	0	0	0	0	0	0	0	0.0	0.0
18	1954567	G	T	0	0	0	0	0	0	0	0	0	0	0	0.0	0.0
18	1955119	A	G	0	0	0	0	0	0	0	0	0	0	0	0.0	0.0
18	1955402	C	T	0	0	0	0	0	0	0	0	0	0	0	0.0	0.0
18	1955951	G	A	0	0	0	0	0	0	0	0	0	0	0	0.0	0.0
18	1956055	C	T	0	0	0	0	0	0	0	0	0	0	0	0.0	0.0
18	1956064	G	A	0	0	0	0	0	0	0	0	0	0	0	0.0	0.0
18	1956065	G	C	0	0	0	0	0	0	0	0	0	0	0	0.0	0.0
18	1956077	G	C	0	0	0	0	0	0	0	0	0	0	0	0.0	0.0
18	1956213	A	G	0	0	0	0	0	0	0	0	0	0	0	0.0	0.0
18	1956680	C	G	0	0	0	0	0	0	0	0	0	0	0	0.0	0.0
18	1956809	C	T	0	0	0	0	0	0	0	0	0	0	0	0.0	0.0
18	1956810	A	G	0	0	0	0	0	0	0	0	0	0	0	0.0	0.0
18	1956863	C	G	0	0	0	0	0	0	0	0	0	0	0	0.0	0.0
18	1956912	G	C	0	0	0	0	0	0	0	0	0	0	0	0.0	0.0
18	1956986	G	C	0	0	0	0	0	0	0	0	0	0	0	0.0	0.0
18	1957157	G	A	0	0	0	0	0	0	0	0	0	0	0	0.0	0.0
18	1957208	T	G	0	0	0	0	0	0	0	0	0	0	0	0.0	0.0
18	1957484	G	T	0	0	0	0	0	0	0	0	0	0	0	0.0	0.0
18	1957651	G	A	0	0	0	0	0	0	0	0	0	0	0	0.0	0.0
18	1958182	T	C	0	0	0	0	0	0	0	0	0	0	0	0.0	0.0
18	1958222	T	G	0	0	0	0	0	0	0	0	0	0	0	0.0	0.0
18	1958251	C	T	0	0	0	0	0	0	0	0	0	0	0	0.0	0.0
18	1958721	C	T	0	0	0	0	0	0	0	0	0	0	0	0.0	0.0
18	1958806	A	C	0	0	0	0	0	0	0	0	0	0	0	0.0	0.0
18	1958925	G	A	0	0	0	0	0	0	0	0	0	0	0	0.0	0.0
18	1959190	A	G	0	0	0	0	0	0	0	0	0	0	0	0.0	0.0
18	1959236	T	A	0	0	0	0	0	0	0	0	0	0	0	0.0	0.0
18	1959335	C	G	0	0	0	0	0	0	0	0	0	0	0	0.0	0.0
18	1960439	T	A	0	0	0	0	0	0	0	0	0	0	0	0.0	0.0
18	1960477	T	C	0	0	0	0	0	0	0	0	0	0	0	0.0	0.0
18	1960495	A	G	0	0	0	0	0	0	0	0	0	0	0	0.0	0.0
18	1960507	A	G	0	0	0	0	0	0	0	0	0	0	0	0.0	0.0
18	1960544	T	C	0	0	0	0	0	0	0	0	0	0	0	0.0	0.0
18	1960559	G	A	0	0	0	0	0	0	0	0	0	0	0	0.0	0.0
18	1960563	A	G	0	0	0	0	0	0	0	0	0	0	0	0.0	0.0
18	1960568	G	C	0	0	0	0	0	0	0	0	0	0	0	0.0	0.0
18	1960584	A	T	0	0	0	0	0	0	0	0	0	0	0	0.0	0.0
18	1960590	T	C	0	0	0	0	0	0	0	0	0	0	0	0.0	0.0
18	1960659	T	C	0	0	0	0	0	0	0	0	0	0	0	0.0	0.0
18	1961038	A	G	0	0	0	0	0	0	0	0	0	0	0	0.0	0.0
18	1961135	C	T	0	0	0	0	0	0	0	0	0	0	0	0.0	0.0
18	1961624	C	T	0	0	0	0	0	0	0	0	0	0	0	0.0	0.0
18	1961928	T	C	0	0	0	0	0	0	0	0	0	0	0	0.0	0.0
18	1961967	T	C	0	0	0	0	0	0	0	0	0	0	0	0.0	0.0
18	1963766	C	G	0	0	0	0	0	0	0	0	0	0	0	0.0	0.0
18	1963784	A	T	0	0	0	0	0	0	0	0	0	0	0	0.0	0.0
18	1963905	A	G	1	0	0	0	0	1	0	0	0	0	1	0.0	1.0
18	1964174	C	T	0	0	0	0	0	0	0	0	0	0	0	0.0	0.0
18	1964190	A	G	0	0	0	0	0	0	0	0	0	0	0	0.0	0.0
18	1964553	A	G	0	0	0	0	0	0	0	0	0	0	0	0.0	0.0
18	1964784	T	C	0	0	0	0	0	0	0	0	0	0	0	0.0	0.0
18	1964937	C	T	0	0	0	0	0	0	0	0	0	0	0	0.0	0.0
18	1965084	A	C	0	0	0	0	0	0	0	0	0	0	0	0.0	0.0
18	1965174	T	A	0	0	0	0	0	0	0	0	0	0	0	0.0	0.0
18	1965470	G	A	0	0	0	0	0	0	0	0	0	0	0	0.0	0.0
18	1965569	G	A	0	0	0	0	0	0	0	0	0	0	0	0.0	0.0
18	1965583	A	G	0	0	0	0	0	0	0	0	0	0	0	0.0	0.0
18	1965691	C	T	0	0	0	0	0	0	0	0	0	0	0	0.0	0.0
18	1966551	T	C	0	0	0	0	0	0	0	0	0	0	0	0.0	0.0
18	1966941	T	C	0	0	0	0	0	0	0	0	0	0	0	0.0	0.0
18	1966959	G	T	0	0	0	0	0	0	0	0	0	0	0	0.0	0.0
18	1967238	A	C	0	0	0	0	0	0	0	0	0	0	0	0.0	0.0
18	1975648	C	T	0	0	0	0	0	0	0	0	0	0	0	0.0	0.0
18	1975763	C	G	0	0	0	0	0	0	0	0	0	0	0	0.0	0.0
18	1976430	C	G	0	0	0	0	0	0	0	0	0	0	0	0.0	0.0
18	1976481	G	A	0	0	0	0	0	0	0	0	0	0	0	0.0	0.0
18	1976567	G	A	0	0	0	0	0	0	0	0	0	0	0	0.0	0.0
18	1976578	G	A	0	0	0	0	0	0	0	0	0	0	0	0.0	0.0
18	1976684	C	G	0	0	0	0	0	0	0	0	0	0	0	0.0	0.0
18	1977721	C	T	0	0	0	0	0	0	0	0	0	0	0	0.0	0.0
18	1981904	G	A	0	0	0	0	0	0	0	0	0	0	0	0.0	0.0
18	2004893	C	G	0	0	0	0	0	0	0	0	0	0	0	0.0	0.0
18	2005561	A	G	0	0	0	0	0	0	0	0	0	0	0	0.0	0.0
18	2005698	A	G	0	0	0	0	0	0	0	0	0	0	0	0.0	0.0
18	2006047	G	C	0	0	0	0	0	0	0	0	0	0	0	0.0	0.0
18	2006123	T	C	0	0	0	0	0	0	0	0	0	0	0	0.0	0.0
18	2006148	A	C	0	0	0	0	0	0	0	0	0	0	0	0.0	0.0
18	2006440	A	G	0	0	0	0	0	0	0	0	0	0	0	0.0	0.0
18	2006519	C	A	0	0	0	0	0	0	0	0	0	0	0	0.0	0.0
18	2006630	C	G	0	0	0	0	0	0	0	0	0	0	0	0.0	0.0
18	2007500	G	T	0	0	0	0	0	0	0	0	0	0	0	0.0	0.0
18	2007567	G	A	0	0	0	0	0	0	0	0	0	0	0	0.0	0.0
18	2007871	A	G	0	0	0	0	0	0	0	0	0	0	0	0.0	0.0
18	2008333	T	C	0	0	0	0	0	0	0	0	0	0	0	0.0	0.0
18	2014349	G	T	0	0	0	0	0	0	0	0	0	0	0	0.0	0.0
18	2015508	A	G	0	0	0	0	0	0	0	0	0	0	0	0.0	0.0
18	2016105	C	T	0	0	0	0	0	0	0	0	0	0	0	0.0	0.0
18	2017147	T	G	0	0	0	0	0	0	0	0	0	0	0	0.0	0.0
18	2017726	T	C	0	0	0	0	0	0	0	0	0	0	0	0.0	0.0
18	2018191	C	T	0	0	0	0	0	0	0	0	0	0	0	0.0	0.0
18	2019079	C	T	0	0	0	0	0	0	0	0	0	0	0	0.0	0.0
18	2032228	G	C	0	0	0	0	0	0	0	0	0	0	0	0.0	0.0
18	2032309	A	G	0	0	0	0	0	0	0	0	0	0	0	0.0	0.0
18	2034526	G	C	0	0	0	0	0	0	0	0	0	0	0	0.0	0.0
18	2034580	C	T	0	0	0	0	0	0	0	0	0	0	0	0.0	0.0
18	2034827	T	G	0	0	0	0	0	0	0	0	0	0	0	0.0	0.0
18	2035465	T	C	0	0	0	0	0	0	0	0	0	0	0	0.0	0.0
18	2036963	G	A	0	0	0	0	0	0	0	0	0	0	0	0.0	0.0
18	2037302	A	G	0	0	0	0	0	0	0	0	0	0	0	0.0	0.0
18	2037477	C	T	0	0	0	0	0	0	0	0	0	0	0	0.0	0.0
18	2037664	T	C	0	0	0	0	0	0	0	0	0	0	0	0.0	0.0
18	2037697	T	C	0	0	0	0	0	0	0	0	0	0	0	0.0	0.0
18	2040177	A	G	0	0	0	0	0	0	0	0	0	0	0	0.0	0.0
18	2040236	A	C	0	0	0	0	0	0	0	0	0	0	0	0.0	0.0
18	2044248	A	C	0	0	0	0	0	0	0	0	0	0	0	0.0	0.0
18	2045483	C	T	0	0	0	0	0	0	0	0	0	0	0	0.0	0.0
18	2047822	A	C	0	0	0	0	0	0	0	0	0	0	0	0.0	0.0
18	2049084	G	A	0	0	0	0	0	0	0	0	0	0	0	0.0	0.0
18	2050381	G	A	0	0	0	0	0	0	0	0	0	0	0	0.0	0.0
18	2052536	C	T	0	0	0	0	0	0	0	0	0	0	0	0.0	0.0
18	2055036	G	A	0	0	0	0	0	0	0	0	0	0	0	0.0	0.0
18	2055194	A	T	0	0	0	0	0	0	0	0	0	0	0	0.0	0.0
18	2058062	T	C	0	0	0	0	0	0	0	0	0	0	0	0.0	0.0
18	2088575	C	T	0	0	0	0	0	0	0	0	0	0	0	0.0	0.0
18	2109327	C	T	0	0	0	0	0	0	0	0	0	0	0	0.0	0.0
18	2115230	A	C	0	0	0	0	0	0	0	0	0	0	0	0.0	0.0
18	2131325	C	T	0	0	0	0	0	0	0	0	0	0	0	0.0	0.0
18	2132164	C	T	0	0	0	0	0	0	0	0	0	0	0	0.0	0.0
18	2133275	G	A	0	0	0	0	0	0	0	0	0	0	0	0.0	0.0
18	2133399	T	C	0	0	0	0	0	0	0	0	0	0	0	0.0	0.0
18	2134929	C	T	0	0	0	0	0	0	0	0	0	0	0	0.0	0.0
18	2135021	G	A	0	0	0	0	0	0	0	0	0	0	0	0.0	0.0
18	2137070	C	A	0	0	0	0	0	0	0	0	0	0	0	0.0	0.0
18	2138628	A	G	0	0	0	0	0	0	0	0	0	0	0	0.0	0.0
18	2140331	T	A	0	0	0	0	0	0	0	0	0	0	0	0.0	0.0
18	2141724	T	C	0	0	0	0	0	0	0	0	0	0	0	0.0	0.0
18	2144117	T	C	0	0	0	0	0	0	0	0	0	0	0	0.0	0.0
18	2145371	T	G	0	0	0	0	0	0	0	0	0	0	0	0.0	0.0
18	2146224	T	C	0	0	0	0	0	0	0	0	0	0	0	0.0	0.0
18	2146523	G	A	0	0	0	0	0	0	0	0	0	0	0	0.0	0.0
18	2146682	T	C	0	0	0	0	0	0	0	0	0	0	0	0.0	0.0
18	2146696	G	A	0	0	0	0	0	0	0	0	0	0	0	0.0	0.0
18	2147015	A	G	0	0	0	0	0	0	0	0	0	0	0	0.0	0.0
18	2147074	T	C	0	0	0	0	0	0	0	0	0	0	0	0.0	0.0
18	2147077	T	C	0	0	0	0	0	0	0	0	0	0	0	0.0	0.0
18	2147271	T	A	0	0	0	0	0	0	0	0	0	0	0	0.0	0.0
18	2148420	T	C	0	0	0	0	0	0	0	0	0	0	0	0.0	0.0
18	2148722	C	T	0	0	0	0	0	0	0	0	0	0	0	0.0	0.0
18	2148751	C	G	0	0	0	0	0	0	0	0	0	0	0	0.0	0.0
18	2148968	A	G	0	0	0	0	0	0	0	0	0	0	0	0.0	0.0
18	2149795	C	T	0	0	0	0	0	0	0	0	0	0	0	0.0	0.0
18	2150591	T	C	0	0	0	0	0	0	0	0	0	0	0	0.0	0.0
18	2151220	A	C	0	0	0	0	0	0	0	0	0	0	0	0.0	0.0
18	2152091	A	G	0	0	0	0	0	0	0	0	0	0	0	0.0	0.0
18	2152209	T	C	0	0	0	0	0	0	0	0	0	0	0	0.0	0.0
18	2153852	C	G	0	0	0	0	0	0	0	0	0	0	0	0.0	0.0
18	2154365	G	T	0	0	0	0	0	0	0	0	0	0	0	0.0	0.0
18	2155151	C	G	0	0	0	0	0	0	0	0	0	0	0	0.0	0.0
18	2162018	C	T	0	0	0	0	0	0	0	0	0	0	0	0.0	0.0
18	2162536	T	C	0	0	0	0	0	0	0	0	0	0	0	0.0	0.0
18	2162618	A	G	0	0	0	0	0	0	0	0	0	0	0	0.0	0.0
18	2162818	T	C	0	0	0	0	0	0	0	0	0	0	0	0.0	0.0
18	2163457	A	C	0	0	0	0	0	0	0	0	0	0	0	0.0	0.0
18	2163874	C	T	0	0	0	0	0	0	0	0	0	0	0	0.0	0.0
18	2163885	T	C	0	0	0	0	0	0	0	0	0	0	0	0.0	0.0
18	2164155	A	G	0	0	0	0	0	0	0	0	0	0	0	0.0	0.0
18	2164295	G	C	0	0	0	0	0	0	0	0	0	0	0	0.0	0.0
18	2164426	C	T	0	0	0	0	0	0	0	0	0	0	0	0.0	0.0
18	2164641	C	T	0	0	0	0	0	0	0	0	0	0	0	0.0	0.0
18	2164877	G	A	0	0	0	0	0	0	0	0	0	0	0	0.0	0.0
18	2164907	G	A	0	0	0	0	0	0	0	0	0	0	0	0.0	0.0
18	2164983	T	C	0	0	0	0	0	0	0	0	0	0	0	0.0	0.0
18	2165073	G	A	0	0	0	0	0	0	0	0	0	0	0	0.0	0.0
18	2165290	C	T	0	0	0	0	0	0	0	0	0	0	0	0.0	0.0
18	2165390	T	C	0	0	0	0	0	0	0	0	0	0	0	0.0	0.0
18	2165409	T	C	0	0	0	0	0	0	0	0	0	0	0	0.0	0.0
18	2165543	C	T	0	0	0	0	0	0	0	0	0	0	0	0.0	0.0
18	2165637	C	T	0	0	0	0	0	0	0	0	0	0	0	0.0	0.0
18	2165797	C	T	0	0	0	0	0	0	0	0	0	0	0	0.0	0.0
18	2166489	T	C	0	0	0	0	0	0	0	0	0	0	0	0.0	0.0
18	2166540	G	A	0	0	0	0	0	0	0	0	0	0	0	0.0	0.0
18	2171934	C	T	0	0	0	0	0	0	0	0	0	0	0	0.0	0.0
18	2171953	C	T	0	0	0	0	0	0	0	0	0	0	0	0.0	0.0
18	2171955	A	G	0	0	0	0	0	0	0	0	0	0	0	0.0	0.0
18	2172132	G	A	0	0	0	0	0	0	0	0	0	0	0	0.0	0.0
18	2172148	T	C	0	0	0	0	0	0	0	0	0	0	0	0.0	0.0
18	2172370	C	T	0	0	0	0	0	0	0	0	0	0	0	0.0	0.0
18	2172406	T	C	0	0	0	0	0	0	0	0	0	0	0	0.0	0.0
18	2173323	A	G	0	0	0	0	0	0	0	0	0	0	0	0.0	0.0
18	2173591	T	C	0	0	0	0	0	0	0	0	0	0	0	0.0	0.0
18	2174688	T	C	0	0	0	0	0	0	0	0	0	0	0	0.0	0.0
18	2176069	A	G	0	0	0	0	0	0	0	0	0	0	0	0.0	0.0
18	2176492	G	A	0	0	0	0	0	0	0	0	0	0	0	0.0	0.0
18	2176546	G	A	0	0	0	0	0	0	0	0	0	0	0	0.0	0.0
18	2177011	G	T	0	0	0	0	0	0	0	0	0	0	0	0.0	0.0
18	2178690	T	A	0	0	0	0	0	0	0	0	0	0	0	0.0	0.0
18	2179246	A	C	0	0	0	0	0	0	0	0	0	0	0	0.0	0.0
18	2181247	A	G	0	0	0	0	0	0	0	0	0	0	0	0.0	0.0
18	2182434	C	T	0	0	0	0	0	0	0	0	0	0	0	0.0	0.0
18	2183533	G	C	0	0	0	0	0	0	0	0	0	0	0	0.0	0.0
18	2187235	G	A	0	0	0	0	0	0	0	0	0	0	0	0.0	0.0
18	2187377	G	C	0	0	0	0	0	0	0	0	0	0	0	0.0	0.0
18	2187652	G	C	1	0	0	0	0	0	0	1	0	0	1	0.0	1.0
18	2188318	T	A	0	0	0	0	0	0	0	0	0	0	0	0.0	0.0
18	2188399	T	G	0	0	0	0	0	0	0	0	0	0	0	0.0	0.0
18	2189068	C	T	0	0	0	0	0	0	0	0	0	0	0	0.0	0.0
18	2189906	G	T	0	0	0	0	0	0	0	0	0	0	0	0.0	0.0
18	2191332	G	A	0	0	0	0	0	0	0	0	0	0	0	0.0	0.0
18	2191811	T	C	0	0	0	0	0	0	0	0	0	0	0	0.0	0.0
18	2192359	G	A	0	0	0	0	0	0	0	0	0	0	0	0.0	0.0
18	2194902	C	T	0	0	0	0	0	0	0	0	0	0	0	0.0	0.0
18	2202170	A	G	0	0	0	0	0	0	0	0	0	0	0	0.0	0.0
18	2205007	G	A	0	0	0	0	0	0	0	0	0	0	0	0.0	0.0
18	2206099	A	T	0	0	0	0	0	0	0	0	0	0	0	0.0	0.0
18	2210442	A	C	0	0	0	0	0	0	0	0	0	0	0	0.0	0.0
18	2210650	A	G	0	0	0	0	0	0	0	0	0	0	0	0.0	0.0
18	2211104	C	A	0	0	0	0	0	0	0	0	0	0	0	0.0	0.0
18	2211239	A	G	0	0	0	0	0	0	0	0	0	0	0	0.0	0.0
18	2211319	T	G	0	0	0	0	0	0	0	0	0	0	0	0.0	0.0
18	2211483	C	T	0	0	0	0	0	0	0	0	0	0	0	0.0	0.0
18	2212610	T	C	0	0	0	0	0	0	0	0	0	0	0	0.0	0.0
18	2214554	C	T	0	0	0	0	0	0	0	0	0	0	0	0.0	0.0
18	2215949	C	T	0	0	0	0	0	0	0	0	0	0	0	0.0	0.0
18	2216835	A	G	0	0	0	0	0	0	0	0	0	0	0	0.0	0.0
18	2219345	A	G	0	0	0	0	0	0	0	0	0	0	0	0.0	0.0
18	2222187	T	C	0	0	0	0	0	0	0	0	0	0	0	0.0	0.0
18	2224625	G	A	0	0	0	0	0	0	0	0	0	0	0	0.0	0.0
18	2224631	C	T	0	0	0	0	0	0	0	0	0	0	0	0.0	0.0
18	2224742	T	C	0	0	0	0	0	0	0	0	0	0	0	0.0	0.0
18	2225232	G	A	0	0	0	0	0	0	0	0	0	0	0	0.0	0.0
18	2225298	T	C	0	0	0	0	0	0	0	0	0	0	0	0.0	0.0
18	2228201	C	T	0	0	0	0	0	0	0	0	0	0	0	0.0	0.0
18	2228507	A	G	0	0	0	0	0	0	0	0	0	0	0	0.0	0.0
18	2229046	T	C	0	0	0	0	0	0	0	0	0	0	0	0.0	0.0
18	2230917	A	G	0	0	0	0	0	0	0	0	0	0	0	0.0	0.0
18	2232165	A	T	1	0	0	0	1	0	0	0	0	0	1	0.0	1.0
18	2233577	T	C	0	0	0	0	0	0	0	0	0	0	0	0.0	0.0
18	2239800	C	T	0	0	0	0	0	0	0	0	0	0	0	0.0	0.0
18	2243990	A	G	0	0	0	0	0	0	0	0	0	0	0	0.0	0.0
18	2244259	G	A	0	0	0	0	0	0	0	0	0	0	0	0.0	0.0
18	2244725	G	A	0	0	0	0	0	0	0	0	0	0	0	0.0	0.0
18	2244894	C	G	0	0	0	0	0	0	0	0	0	0	0	0.0	0.0
18	2245542	G	C	0	0	0	0	0	0	0	0	0	0	0	0.0	0.0
18	2245744	G	T	0	0	0	0	0	0	0	0	0	0	0	0.0	0.0
18	2246418	C	T	0	0	0	0	0	0	0	0	0	0	0	0.0	0.0
18	2246589	T	C	0	0	0	0	0	0	0	0	0	0	0	0.0	0.0
18	2249753	G	A	0	0	0	0	0	0	0	0	0	0	0	0.0	0.0
18	2255723	C	T	0	0	0	0	0	0	0	0	0	0	0	0.0	0.0
18	2255845	A	G	0	0	0	0	0	0	0	0	0	0	0	0.0	0.0
18	2255930	A	T	0	0	0	0	0	0	0	0	0	0	0	0.0	0.0
18	2256904	T	C	0	0	0	0	0	0	0	0	0	0	0	0.0	0.0
18	2259283	T	G	0	0	0	0	0	0	0	0	0	0	0	0.0	0.0
18	2263071	C	T	0	0	0	0	0	0	0	0	0	0	0	0.0	0.0
18	2263112	C	T	0	0	0	0	0	0	0	0	0	0	0	0.0	0.0
18	2263537	A	G	0	0	0	0	0	0	0	0	0	0	0	0.0	0.0
18	2263727	T	C	0	0	0	0	0	0	0	0	0	0	0	0.0	0.0
18	2264263	A	G	0	0	0	0	0	0	0	0	0	0	0	0.0	0.0
18	2264450	A	T	0	0	0	0	0	0	0	0	0	0	0	0.0	0.0
18	2264451	G	C	0	0	0	0	0	0	0	0	0	0	0	0.0	0.0
18	2265280	G	C	0	0	0	0	0	0	0	0	0	0	0	0.0	0.0
18	2266159	C	T	0	0	0	0	0	0	0	0	0	0	0	0.0	0.0
18	2266475	C	T	0	0	0	0	0	0	0	0	0	0	0	0.0	0.0
18	2266680	A	C	0	0	0	0	0	0	0	0	0	0	0	0.0	0.0
18	2266977	G	A	0	0	0	0	0	0	0	0	0	0	0	0.0	0.0
18	2267025	G	A	0	0	0	0	0	0	0	0	0	0	0	0.0	0.0
18	2267443	C	A	0	0	0	0	0	0	0	0	0	0	0	0.0	0.0
18	2267456	A	T	0	0	0	0	0	0	0	0	0	0	0	0.0	0.0
18	2268254	C	A	0	0	0	0	0	0	0	0	0	0	0	0.0	0.0
18	2268682	A	C	0	0	0	0	0	0	0	0	0	0	0	0.0	0.0
18	2271789	G	T	0	0	0	0	0	0	0	0	0	0	0	0.0	0.0
18	2272481	C	A	0	0	0	0	0	0	0	0	0	0	0	0.0	0.0
18	2272498	A	G	0	0	0	0	0	0	0	0	0	0	0	0.0	0.0
18	2272846	A	G	0	0	0	0	0	0	0	0	0	0	0	0.0	0.0
18	2273135	C	A	0	0	0	0	0	0	0	0	0	0	0	0.0	0.0
18	2274420	C	T	0	0	0	0	0	0	0	0	0	0	0	0.0	0.0
18	2275289	C	T	0	0	0	0	0	0	0	0	0	0	0	0.0	0.0
18	2275994	C	A	0	0	0	0	0	0	0	0	0	0	0	0.0	0.0
18	2276069	T	C	0	0	0	0	0	0	0	0	0	0	0	0.0	0.0
18	2278775	A	G	0	0	0	0	0	0	0	0	0	0	0	0.0	0.0
18	2278801	T	G	0	0	0	0	0	0	0	0	0	0	0	0.0	0.0
18	2279847	G	A	0	0	0	0	0	0	0	0	0	0	0	0.0	0.0
18	2280777	A	C	0	0	0	0	0	0	0	0	0	0	0	0.0	0.0
18	2280849	C	T	0	0	0	0	0	0	0	0	0	0	0	0.0	0.0
18	2282163	A	G	0	0	0	0	0	0	0	0	0	0	0	0.0	0.0
18	2282379	G	A	0	0	0	0	0	0	0	0	0	0	0	0.0	0.0
18	2283030	T	C	0	0	0	0	0	0	0	0	0	0	0	0.0	0.0
18	2283436	C	T	0	0	0	0	0	0	0	0	0	0	0	0.0	0.0
18	2286568	C	A	0	0	0	0	0	0	0	0	0	0	0	0.0	0.0
18	2286927	A	G	0	0	0	0	0	0	0	0	0	0	0	0.0	0.0
18	2287143	C	T	0	0	0	0	0	0	0	0	0	0	0	0.0	0.0
18	2287341	G	A	0	0	0	0	0	0	0	0	0	0	0	0.0	0.0
18	2287898	A	T	0	0	0	0	0	0	0	0	0	0	0	0.0	0.0
18	2287899	A	C	0	0	0	0	0	0	0	0	0	0	0	0.0	0.0
18	2288144	T	C	0	0	0	0	0	0	0	0	0	0	0	0.0	0.0
18	2288162	T	A	0	0	0	0	0	0	0	0	0	0	0	0.0	0.0
18	2288200	G	T	0	0	0	0	0	0	0	0	0	0	0	0.0	0.0
18	2288262	T	G	0	0	0	0	0	0	0	0	0	0	0	0.0	0.0
18	2288377	C	T	1	0	0	0	0	0	0	1	0	1	0	1.0	0.0
18	2288491	T	A	0	0	0	0	0	0	0	0	0	0	0	0.0	0.0
18	2288773	G	T	0	0	0	0	0	0	0	0	0	0	0	0.0	0.0
18	2289607	T	C	0	0	0	0	0	0	0	0	0	0	0	0.0	0.0
18	2289675	T	G	0	0	0	0	0	0	0	0	0	0	0	0.0	0.0
18	2289679	G	T	0	0	0	0	0	0	0	0	0	0	0	0.0	0.0
18	2289959	C	T	0	0	0	0	0	0	0	0	0	0	0	0.0	0.0
18	2290027	G	T	0	0	0	0	0	0	0	0	0	0	0	0.0	0.0
18	2290293	G	C	0	0	0	0	0	0	0	0	0	0	0	0.0	0.0
18	2290574	G	A	0	0	0	0	0	0	0	0	0	0	0	0.0	0.0
18	2290678	C	T	0	0	0	0	0	0	0	0	0	0	0	0.0	0.0
18	2291068	C	G	0	0	0	0	0	0	0	0	0	0	0	0.0	0.0
18	2291319	A	G	0	0	0	0	0	0	0	0	0	0	0	0.0	0.0
18	2291465	T	C	0	0	0	0	0	0	0	0	0	0	0	0.0	0.0
18	2291696	T	C	0	0	0	0	0	0	0	0	0	0	0	0.0	0.0
18	2292099	G	A	0	0	0	0	0	0	0	0	0	0	0	0.0	0.0
18	2292419	G	A	0	0	0	0	0	0	0	0	0	0	0	0.0	0.0
18	2292491	C	T	0	0	0	0	0	0	0	0	0	0	0	0.0	0.0
18	2294229	T	G	0	0	0	0	0	0	0	0	0	0	0	0.0	0.0
18	2294479	A	G	0	0	0	0	0	0	0	0	0	0	0	0.0	0.0
18	2294545	C	G	0	0	0	0	0	0	0	0	0	0	0	0.0	0.0
18	2295048	A	G	0	0	0	0	0	0	0	0	0	0	0	0.0	0.0
18	2295410	G	T	0	0	0	0	0	0	0	0	0	0	0	0.0	0.0
18	2295515	T	C	0	0	0	0	0	0	0	0	0	0	0	0.0	0.0
18	2295864	T	C	0	0	0	0	0	0	0	0	0	0	0	0.0	0.0
18	2296388	T	C	0	0	0	0	0	0	0	0	0	0	0	0.0	0.0
18	2296674	C	T	0	0	0	0	0	0	0	0	0	0	0	0.0	0.0
18	2296696	T	C	0	0	0	0	0	0	0	0	0	0	0	0.0	0.0
18	2296711	C	T	0	0	0	0	0	0	0	0	0	0	0	0.0	0.0
18	2296746	A	G	0	0	0	0	0	0	0	0	0	0	0	0.0	0.0
18	2296833	A	G	0	0	0	0	0	0	0	0	0	0	0	0.0	0.0
18	2296907	C	A	0	0	0	0	0	0	0	0	0	0	0	0.0	0.0
18	2296920	T	G	0	0	0	0	0	0	0	0	0	0	0	0.0	0.0
18	2296975	C	A	0	0	0	0	0	0	0	0	0	0	0	0.0	0.0
18	2297094	A	G	0	0	0	0	0	0	0	0	0	0	0	0.0	0.0
18	2297787	G	A	0	0	0	0	0	0	0	0	0	0	0	0.0	0.0
18	2297887	A	C	0	0	0	0	0	0	0	0	0	0	0	0.0	0.0
18	2297986	G	A	0	0	0	0	0	0	0	0	0	0	0	0.0	0.0
18	2298708	C	A	0	0	0	0	0	0	0	0	0	0	0	0.0	0.0
18	2298724	G	A	0	0	0	0	0	0	0	0	0	0	0	0.0	0.0
18	2298824	C	A	0	0	0	0	0	0	0	0	0	0	0	0.0	0.0
18	2298827	A	C	0	0	0	0	0	0	0	0	0	0	0	0.0	0.0
18	2299004	G	A	0	0	0	0	0	0	0	0	0	0	0	0.0	0.0
18	2299472	A	T	0	0	0	0	0	0	0	0	0	0	0	0.0	0.0
18	2299645	T	G	0	0	0	0	0	0	0	0	0	0	0	0.0	0.0
18	2299891	T	C	0	0	0	0	0	0	0	0	0	0	0	0.0	0.0
18	2300854	T	C	0	0	0	0	0	0	0	0	0	0	0	0.0	0.0
18	2301142	G	A	0	0	0	0	0	0	0	0	0	0	0	0.0	0.0
18	2301150	A	G	0	0	0	0	0	0	0	0	0	0	0	0.0	0.0
18	2301190	A	G	0	0	0	0	0	0	0	0	0	0	0	0.0	0.0
18	2301216	T	C	0	0	0	0	0	0	0	0	0	0	0	0.0	0.0
18	2301520	A	C	0	0	0	0	0	0	0	0	0	0	0	0.0	0.0
18	2302622	C	T	0	0	0	0	0	0	0	0	0	0	0	0.0	0.0
18	2302634	A	G	0	0	0	0	0	0	0	0	0	0	0	0.0	0.0
18	2302641	G	A	0	0	0	0	0	0	0	0	0	0	0	0.0	0.0
18	2302770	C	T	0	0	0	0	0	0	0	0	0	0	0	0.0	0.0
18	2303196	T	C	0	0	0	0	0	0	0	0	0	0	0	0.0	0.0
18	2305943	C	T	0	0	0	0	0	0	0	0	0	0	0	0.0	0.0
18	2305971	G	T	0	0	0	0	0	0	0	0	0	0	0	0.0	0.0
18	2320032	A	G	2	1	1	0	0	0	0	0	0	2	0	1.0	0.0
18	2323411	G	A	0	0	0	0	0	0	0	0	0	0	0	0.0	0.0
18	2328937	G	C	0	0	0	0	0	0	0	0	0	0	0	0.0	0.0
18	2335145	C	T	0	0	0	0	0	0	0	0	0	0	0	0.0	0.0
18	2335224	G	A	0	0	0	0	0	0	0	0	0	0	0	0.0	0.0
18	2336328	G	A	0	0	0	0	0	0	0	0	0	0	0	0.0	0.0
18	2336366	T	C	0	0	0	0	0	0	0	0	0	0	0	0.0	0.0
18	2336921	T	C	0	0	0	0	0	0	0	0	0	0	0	0.0	0.0
18	2339444	C	G	0	0	0	0	0	0	0	0	0	0	0	0.0	0.0
18	2339457	T	C	0	0	0	0	0	0	0	0	0	0	0	0.0	0.0
18	2341382	G	A	0	0	0	0	0	0	0	0	0	0	0	0.0	0.0
18	2348433	C	T	0	0	0	0	0	0	0	0	0	0	0	0.0	0.0
18	2387199	T	A	0	0	0	0	0	0	0	0	0	0	0	0.0	0.0
18	2406407	T	C	0	0	0	0	0	0	0	0	0	0	0	0.0	0.0
18	2413111	T	C	0	0	0	0	0	0	0	0	0	0	0	0.0	0.0
18	2415041	G	A	0	0	0	0	0	0	0	0	0	0	0	0.0	0.0
18	2417751	G	A	0	0	0	0	0	0	0	0	0	0	0	0.0	0.0
18	2419228	G	T	0	0	0	0	0	0	0	0	0	0	0	0.0	0.0
18	2446762	C	T	0	0	0	0	0	0	0	0	0	0	0	0.0	0.0
18	2447339	T	A	0	0	0	0	0	0	0	0	0	0	0	0.0	0.0
18	2447348	C	T	0	0	0	0	0	0	0	0	0	0	0	0.0	0.0
18	2447510	A	G	0	0	0	0	0	0	0	0	0	0	0	0.0	0.0
18	2448512	A	T	0	0	0	0	0	0	0	0	0	0	0	0.0	0.0
18	2449941	C	T	0	0	0	0	0	0	0	0	0	0	0	0.0	0.0
18	2450187	C	T	0	0	0	0	0	0	0	0	0	0	0	0.0	0.0
18	2451072	G	A	0	0	0	0	0	0	0	0	0	0	0	0.0	0.0
18	2451347	A	G	0	0	0	0	0	0	0	0	0	0	0	0.0	0.0
18	2451449	G	A	0	0	0	0	0	0	0	0	0	0	0	0.0	0.0
18	2451547	A	C	2	0	0	0	0	0	0	2	0	0	2	0.0	1.0
18	2451856	T	G	0	0	0	0	0	0	0	0	0	0	0	0.0	0.0
18	2452852	C	G	0	0	0	0	0	0	0	0	0	0	0	0.0	0.0
18	2454530	A	G	0	0	0	0	0	0	0	0	0	0	0	0.0	0.0
18	2456066	G	A	0	0	0	0	0	0	0	0	0	0	0	0.0	0.0
18	2457276	A	G	0	0	0	0	0	0	0	0	0	0	0	0.0	0.0
18	2457518	G	A	0	0	0	0	0	0	0	0	0	0	0	0.0	0.0
18	2457913	A	G	0	0	0	0	0	0	0	0	0	0	0	0.0	0.0
18	2458811	G	A	0	0	0	0	0	0	0	0	0	0	0	0.0	0.0
18	2459365	G	A	0	0	0	0	0	0	0	0	0	0	0	0.0	0.0
18	2459486	C	T	0	0	0	0	0	0	0	0	0	0	0	0.0	0.0
18	2460332	C	T	0	0	0	0	0	0	0	0	0	0	0	0.0	0.0
18	2460399	G	A	0	0	0	0	0	0	0	0	0	0	0	0.0	0.0
18	2461449	G	A	0	0	0	0	0	0	0	0	0	0	0	0.0	0.0
18	2470823	C	T	0	0	0	0	0	0	0	0	0	0	0	0.0	0.0
18	2472950	G	A	0	0	0	0	0	0	0	0	0	0	0	0.0	0.0
18	2478975	T	G	0	0	0	0	0	0	0	0	0	0	0	0.0	0.0
18	2479543	G	A	0	0	0	0	0	0	0	0	0	0	0	0.0	0.0
18	2481640	A	G	0	0	0	0	0	0	0	0	0	0	0	0.0	0.0
18	2481648	G	A	0	0	0	0	0	0	0	0	0	0	0	0.0	0.0
18	2481790	A	G	0	0	0	0	0	0	0	0	0	0	0	0.0	0.0
18	2481917	G	A	0	0	0	0	0	0	0	0	0	0	0	0.0	0.0
18	2482041	A	G	0	0	0	0	0	0	0	0	0	0	0	0.0	0.0
18	2482185	T	G	0	0	0	0	0	0	0	0	0	0	0	0.0	0.0
18	2482188	T	C	0	0	0	0	0	0	0	0	0	0	0	0.0	0.0
18	2482216	C	T	0	0	0	0	0	0	0	0	0	0	0	0.0	0.0
18	2482225	C	T	0	0	0	0	0	0	0	0	0	0	0	0.0	0.0
18	2482383	C	T	0	0	0	0	0	0	0	0	0	0	0	0.0	0.0
18	2482608	C	T	0	0	0	0	0	0	0	0	0	0	0	0.0	0.0
18	2493556	T	C	0	0	0	0	0	0	0	0	0	0	0	0.0	0.0
18	2495530	G	A	0	0	0	0	0	0	0	0	0	0	0	0.0	0.0
18	2496329	G	T	0	0	0	0	0	0	0	0	0	0	0	0.0	0.0
18	2496404	T	C	1	0	0	1	0	0	0	0	0	1	0	1.0	0.0
18	2497437	T	C	0	0	0	0	0	0	0	0	0	0	0	0.0	0.0
18	2497443	C	T	0	0	0	0	0	0	0	0	0	0	0	0.0	0.0
18	2497517	G	A	0	0	0	0	0	0	0	0	0	0	0	0.0	0.0
18	2498581	C	G	0	0	0	0	0	0	0	0	0	0	0	0.0	0.0
18	2498726	G	A	0	0	0	0	0	0	0	0	0	0	0	0.0	0.0
18	2500142	G	T	0	0	0	0	0	0	0	0	0	0	0	0.0	0.0
18	2500306	G	T	1	0	0	0	0	0	1	0	0	1	0	1.0	0.0
18	2500382	C	T	1	0	0	0	1	0	0	0	0	0	1	0.0	1.0
18	2500922	G	A	0	0	0	0	0	0	0	0	0	0	0	0.0	0.0
18	2501836	T	C	0	0	0	0	0	0	0	0	0	0	0	0.0	0.0
18	2501926	A	T	0	0	0	0	0	0	0	0	0	0	0	0.0	0.0
18	2501946	A	G	0	0	0	0	0	0	0	0	0	0	0	0.0	0.0
18	2502271	T	G	0	0	0	0	0	0	0	0	0	0	0	0.0	0.0
18	2502323	A	G	0	0	0	0	0	0	0	0	0	0	0	0.0	0.0
18	2502329	A	T	0	0	0	0	0	0	0	0	0	0	0	0.0	0.0
18	2502416	T	C	0	0	0	0	0	0	0	0	0	0	0	0.0	0.0
18	2502449	G	C	0	0	0	0	0	0	0	0	0	0	0	0.0	0.0
18	2502545	C	A	0	0	0	0	0	0	0	0	0	0	0	0.0	0.0
18	2502594	G	A	0	0	0	0	0	0	0	0	0	0	0	0.0	0.0
18	2503518	T	C	0	0	0	0	0	0	0	0	0	0	0	0.0	0.0
18	2504483	A	C	0	0	0	0	0	0	0	0	0	0	0	0.0	0.0
18	2505536	C	T	0	0	0	0	0	0	0	0	0	0	0	0.0	0.0
18	2507425	G	T	0	0	0	0	0	0	0	0	0	0	0	0.0	0.0
18	2507466	G	C	0	0	0	0	0	0	0	0	0	0	0	0.0	0.0
18	2508148	T	C	0	0	0	0	0	0	0	0	0	0	0	0.0	0.0
18	2508280	A	T	0	0	0	0	0	0	0	0	0	0	0	0.0	0.0
18	2508342	C	G	0	0	0	0	0	0	0	0	0	0	0	0.0	0.0
18	2508780	T	C	0	0	0	0	0	0	0	0	0	0	0	0.0	0.0
18	2509017	C	T	0	0	0	0	0	0	0	0	0	0	0	0.0	0.0
18	2509739	T	C	0	0	0	0	0	0	0	0	0	0	0	0.0	0.0
18	2509757	C	A	0	0	0	0	0	0	0	0	0	0	0	0.0	0.0
18	2510233	C	T	0	0	0	0	0	0	0	0	0	0	0	0.0	0.0
18	2510735	A	T	0	0	0	0	0	0	0	0	0	0	0	0.0	0.0
18	2511076	A	G	0	0	0	0	0	0	0	0	0	0	0	0.0	0.0
18	2511224	C	A	0	0	0	0	0	0	0	0	0	0	0	0.0	0.0
18	2511738	C	T	0	0	0	0	0	0	0	0	0	0	0	0.0	0.0
18	2514701	C	T	0	0	0	0	0	0	0	0	0	0	0	0.0	0.0
18	2515924	C	T	0	0	0	0	0	0	0	0	0	0	0	0.0	0.0
18	2516420	T	C	0	0	0	0	0	0	0	0	0	0	0	0.0	0.0
18	2516648	A	T	0	0	0	0	0	0	0	0	0	0	0	0.0	0.0
18	2517345	G	A	0	0	0	0	0	0	0	0	0	0	0	0.0	0.0
18	2517545	C	T	0	0	0	0	0	0	0	0	0	0	0	0.0	0.0
18	2517898	G	A	0	0	0	0	0	0	0	0	0	0	0	0.0	0.0
18	2517965	C	T	0	0	0	0	0	0	0	0	0	0	0	0.0	0.0
18	2517992	G	A	0	0	0	0	0	0	0	0	0	0	0	0.0	0.0
18	2518260	A	G	0	0	0	0	0	0	0	0	0	0	0	0.0	0.0
18	2518578	G	C	0	0	0	0	0	0	0	0	0	0	0	0.0	0.0
18	2518697	C	T	0	0	0	0	0	0	0	0	0	0	0	0.0	0.0
18	2519469	C	A	0	0	0	0	0	0	0	0	0	0	0	0.0	0.0
18	2519658	C	T	0	0	0	0	0	0	0	0	0	0	0	0.0	0.0
18	2519969	A	C	0	0	0	0	0	0	0	0	0	0	0	0.0	0.0
18	2520062	C	G	0	0	0	0	0	0	0	0	0	0	0	0.0	0.0
18	2520145	C	A	0	0	0	0	0	0	0	0	0	0	0	0.0	0.0
18	2520394	G	A	0	0	0	0	0	0	0	0	0	0	0	0.0	0.0
18	2521127	G	C	0	0	0	0	0	0	0	0	0	0	0	0.0	0.0
18	2521311	G	A	0	0	0	0	0	0	0	0	0	0	0	0.0	0.0
18	2521385	A	G	0	0	0	0	0	0	0	0	0	0	0	0.0	0.0
18	2521404	G	A	0	0	0	0	0	0	0	0	0	0	0	0.0	0.0
18	2521466	A	C	0	0	0	0	0	0	0	0	0	0	0	0.0	0.0
18	2521740	G	A	0	0	0	0	0	0	0	0	0	0	0	0.0	0.0
18	2521860	G	A	0	0	0	0	0	0	0	0	0	0	0	0.0	0.0
18	2522159	A	G	0	0	0	0	0	0	0	0	0	0	0	0.0	0.0
18	2526237	T	C	0	0	0	0	0	0	0	0	0	0	0	0.0	0.0
18	2526436	A	C	0	0	0	0	0	0	0	0	0	0	0	0.0	0.0
18	2526527	C	T	0	0	0	0	0	0	0	0	0	0	0	0.0	0.0
18	2527981	A	G	0	0	0	0	0	0	0	0	0	0	0	0.0	0.0
18	2528257	A	G	0	0	0	0	0	0	0	0	0	0	0	0.0	0.0
18	2528575	G	A	0	0	0	0	0	0	0	0	0	0	0	0.0	0.0
18	2529818	G	A	0	0	0	0	0	0	0	0	0	0	0	0.0	0.0
18	2529912	C	T	0	0	0	0	0	0	0	0	0	0	0	0.0	0.0
18	2530297	T	C	0	0	0	0	0	0	0	0	0	0	0	0.0	0.0
18	2531414	C	T	0	0	0	0	0	0	0	0	0	0	0	0.0	0.0
18	2531736	A	T	0	0	0	0	0	0	0	0	0	0	0	0.0	0.0
18	2532241	C	A	0	0	0	0	0	0	0	0	0	0	0	0.0	0.0
18	2532701	T	C	0	0	0	0	0	0	0	0	0	0	0	0.0	0.0
18	2532872	T	A	0	0	0	0	0	0	0	0	0	0	0	0.0	0.0
18	2533130	T	C	0	0	0	0	0	0	0	0	0	0	0	0.0	0.0
18	2534877	T	C	0	0	0	0	0	0	0	0	0	0	0	0.0	0.0
18	2536978	C	G	0	0	0	0	0	0	0	0	0	0	0	0.0	0.0
18	2537065	G	A	0	0	0	0	0	0	0	0	0	0	0	0.0	0.0
18	2537639	G	A	0	0	0	0	0	0	0	0	0	0	0	0.0	0.0
18	2539747	C	T	0	0	0	0	0	0	0	0	0	0	0	0.0	0.0
18	2540198	A	G	0	0	0	0	0	0	0	0	0	0	0	0.0	0.0
18	2540619	G	A	0	0	0	0	0	0	0	0	0	0	0	0.0	0.0
18	2541089	G	A	0	0	0	0	0	0	0	0	0	0	0	0.0	0.0
18	2543038	A	G	0	0	0	0	0	0	0	0	0	0	0	0.0	0.0
18	2546249	C	G	0	0	0	0	0	0	0	0	0	0	0	0.0	0.0
18	2547832	A	G	0	0	0	0	0	0	0	0	0	0	0	0.0	0.0
18	2548845	A	G	0	0	0	0	0	0	0	0	0	0	0	0.0	0.0
18	2549591	A	C	0	0	0	0	0	0	0	0	0	0	0	0.0	0.0
18	2549592	A	G	0	0	0	0	0	0	0	0	0	0	0	0.0	0.0
18	2550871	G	A	0	0	0	0	0	0	0	0	0	0	0	0.0	0.0
18	2552247	T	C	0	0	0	0	0	0	0	0	0	0	0	0.0	0.0
18	2555922	A	G	0	0	0	0	0	0	0	0	0	0	0	0.0	0.0
18	2556623	A	T	0	0	0	0	0	0	0	0	0	0	0	0.0	0.0
18	2557300	C	T	0	0	0	0	0	0	0	0	0	0	0	0.0	0.0
18	2557844	A	G	0	0	0	0	0	0	0	0	0	0	0	0.0	0.0
18	2558723	A	G	0	0	0	0	0	0	0	0	0	0	0	0.0	0.0
18	2558893	T	C	0	0	0	0	0	0	0	0	0	0	0	0.0	0.0
18	2560027	C	T	0	0	0	0	0	0	0	0	0	0	0	0.0	0.0
18	2564005	A	T	0	0	0	0	0	0	0	0	0	0	0	0.0	0.0
18	2564492	A	G	0	0	0	0	0	0	0	0	0	0	0	0.0	0.0
18	2565279	A	G	0	0	0	0	0	0	0	0	0	0	0	0.0	0.0
18	2566393	T	C	0	0	0	0	0	0	0	0	0	0	0	0.0	0.0
18	2568303	G	T	0	0	0	0	0	0	0	0	0	0	0	0.0	0.0
18	2569348	G	A	0	0	0	0	0	0	0	0	0	0	0	0.0	0.0
18	2570536	T	C	0	0	0	0	0	0	0	0	0	0	0	0.0	0.0
18	2583036	C	T	0	0	0	0	0	0	0	0	0	0	0	0.0	0.0
18	2591540	G	T	0	0	0	0	0	0	0	0	0	0	0	0.0	0.0
18	2618628	G	A	0	0	0	0	0	0	0	0	0	0	0	0.0	0.0
18	2619102	A	T	0	0	0	0	0	0	0	0	0	0	0	0.0	0.0
