#Chr	Pos	Ref	Alt	Depth	A	a	T	t	G	g	C	c	ref_depth	alt_depth	ref_freq	alt_freq
21	9411500	G	T	0	0	0	0	0	0	0	0	0	0	0	0.0	0.0
21	9411785	G	T	0	0	0	0	0	0	0	0	0	0	0	0.0	0.0
21	9413840	C	A	0	0	0	0	0	0	0	0	0	0	0	0.0	0.0
21	9413996	A	G	0	0	0	0	0	0	0	0	0	0	0	0.0	0.0
21	9418383	C	G	0	0	0	0	0	0	0	0	0	0	0	0.0	0.0
21	9473929	C	T	0	0	0	0	0	0	0	0	0	0	0	0.0	0.0
21	9495744	A	G	0	0	0	0	0	0	0	0	0	0	0	0.0	0.0
21	9498191	T	G	0	0	0	0	0	0	0	0	0	0	0	0.0	0.0
21	9498193	T	C	0	0	0	0	0	0	0	0	0	0	0	0.0	0.0
21	9527632	A	G	0	0	0	0	0	0	0	0	0	0	0	0.0	0.0
21	9527640	G	C	0	0	0	0	0	0	0	0	0	0	0	0.0	0.0
21	9548875	G	A	0	0	0	0	0	0	0	0	0	0	0	0.0	0.0
21	9563747	T	A	0	0	0	0	0	0	0	0	0	0	0	0.0	0.0
21	9574585	G	A	0	0	0	0	0	0	0	0	0	0	0	0.0	0.0
21	9583257	A	T	0	0	0	0	0	0	0	0	0	0	0	0.0	0.0
21	9584118	A	G	0	0	0	0	0	0	0	0	0	0	0	0.0	0.0
21	9590967	G	A	0	0	0	0	0	0	0	0	0	0	0	0.0	0.0
21	9646689	C	G	0	0	0	0	0	0	0	0	0	0	0	0.0	0.0
21	9646690	T	C	0	0	0	0	0	0	0	0	0	0	0	0.0	0.0
21	9648000	A	G	0	0	0	0	0	0	0	0	0	0	0	0.0	0.0
21	9648058	A	G	0	0	0	0	0	0	0	0	0	0	0	0.0	0.0
21	9648104	A	G	0	0	0	0	0	0	0	0	0	0	0	0.0	0.0
21	9649350	G	A	0	0	0	0	0	0	0	0	0	0	0	0.0	0.0
21	9652503	G	C	0	0	0	0	0	0	0	0	0	0	0	0.0	0.0
21	9652737	C	T	0	0	0	0	0	0	0	0	0	0	0	0.0	0.0
21	9658490	C	T	0	0	0	0	0	0	0	0	0	0	0	0.0	0.0
21	9659529	C	T	1	0	0	0	0	0	0	1	0	1	0	1.0	0.0
21	9660206	G	A	0	0	0	0	0	0	0	0	0	0	0	0.0	0.0
21	9662634	C	T	0	0	0	0	0	0	0	0	0	0	0	0.0	0.0
21	9662883	C	A	0	0	0	0	0	0	0	0	0	0	0	0.0	0.0
21	9664671	C	T	0	0	0	0	0	0	0	0	0	0	0	0.0	0.0
21	9668934	T	G	0	0	0	0	0	0	0	0	0	0	0	0.0	0.0
21	9676738	A	T	0	0	0	0	0	0	0	0	0	0	0	0.0	0.0
21	9679068	G	A	0	0	0	0	0	0	0	0	0	0	0	0.0	0.0
21	9679292	G	A	0	0	0	0	0	0	0	0	0	0	0	0.0	0.0
21	9679293	T	C	0	0	0	0	0	0	0	0	0	0	0	0.0	0.0
21	9683479	G	A	0	0	0	0	0	0	0	0	0	0	0	0.0	0.0
21	9684872	G	A	0	0	0	0	0	0	0	0	0	0	0	0.0	0.0
21	9688001	A	G	0	0	0	0	0	0	0	0	0	0	0	0.0	0.0
21	9707949	G	A	0	0	0	0	0	0	0	0	0	0	0	0.0	0.0
21	9720699	G	A	0	0	0	0	0	0	0	0	0	0	0	0.0	0.0
21	9732133	G	A	0	0	0	0	0	0	0	0	0	0	0	0.0	0.0
21	9834803	C	T	0	0	0	0	0	0	0	0	0	0	0	0.0	0.0
21	9835033	A	G	0	0	0	0	0	0	0	0	0	0	0	0.0	0.0
21	9835216	A	G	0	0	0	0	0	0	0	0	0	0	0	0.0	0.0
21	9913430	A	G	0	0	0	0	0	0	0	0	0	0	0	0.0	0.0
21	9922516	C	A	0	0	0	0	0	0	0	0	0	0	0	0.0	0.0
21	9925302	C	T	0	0	0	0	0	0	0	0	0	0	0	0.0	0.0
21	9930372	C	T	0	0	0	0	0	0	0	0	0	0	0	0.0	0.0
21	9945532	C	T	0	0	0	0	0	0	0	0	0	0	0	0.0	0.0
21	9972611	A	T	0	0	0	0	0	0	0	0	0	0	0	0.0	0.0
21	10123188	C	T	0	0	0	0	0	0	0	0	0	0	0	0.0	0.0
21	10131744	C	T	0	0	0	0	0	0	0	0	0	0	0	0.0	0.0
21	10200902	T	C	0	0	0	0	0	0	0	0	0	0	0	0.0	0.0
21	10389754	A	G	0	0	0	0	0	0	0	0	0	0	0	0.0	0.0
21	10405994	G	A	0	0	0	0	0	0	0	0	0	0	0	0.0	0.0
21	10456521	T	G	0	0	0	0	0	0	0	0	0	0	0	0.0	0.0
21	10574814	C	G	0	0	0	0	0	0	0	0	0	0	0	0.0	0.0
21	10614720	T	C	0	0	0	0	0	0	0	0	0	0	0	0.0	0.0
21	10619806	T	C	1	0	0	0	0	0	0	0	1	0	1	0.0	1.0
21	10646835	C	T	0	0	0	0	0	0	0	0	0	0	0	0.0	0.0
21	10737563	C	T	0	0	0	0	0	0	0	0	0	0	0	0.0	0.0
21	10737565	G	C	0	0	0	0	0	0	0	0	0	0	0	0.0	0.0
21	10737638	T	C	0	0	0	0	0	0	0	0	0	0	0	0.0	0.0
21	10737639	G	A	0	0	0	0	0	0	0	0	0	0	0	0.0	0.0
21	10738863	T	A	1	0	0	1	0	0	0	0	0	1	0	1.0	0.0
21	10741002	C	G	0	0	0	0	0	0	0	0	0	0	0	0.0	0.0
21	10757152	C	A	0	0	0	0	0	0	0	0	0	0	0	0.0	0.0
21	10768361	T	G	0	0	0	0	0	0	0	0	0	0	0	0.0	0.0
21	10768698	A	G	0	0	0	0	0	0	0	0	0	0	0	0.0	0.0
21	10769695	T	G	0	0	0	0	0	0	0	0	0	0	0	0.0	0.0
21	10771406	G	A	0	0	0	0	0	0	0	0	0	0	0	0.0	0.0
21	10772018	A	G	0	0	0	0	0	0	0	0	0	0	0	0.0	0.0
21	10774034	G	A	0	0	0	0	0	0	0	0	0	0	0	0.0	0.0
21	10774147	A	G	0	0	0	0	0	0	0	0	0	0	0	0.0	0.0
21	10775471	A	G	0	0	0	0	0	0	0	0	0	0	0	0.0	0.0
21	10776405	G	C	0	0	0	0	0	0	0	0	0	0	0	0.0	0.0
21	10777285	C	G	0	0	0	0	0	0	0	0	0	0	0	0.0	0.0
21	10778155	G	A	0	0	0	0	0	0	0	0	0	0	0	0.0	0.0
21	10778429	G	A	0	0	0	0	0	0	0	0	0	0	0	0.0	0.0
21	10778677	A	C	0	0	0	0	0	0	0	0	0	0	0	0.0	0.0
21	10779476	T	C	0	0	0	0	0	0	0	0	0	0	0	0.0	0.0
21	10779801	T	C	0	0	0	0	0	0	0	0	0	0	0	0.0	0.0
21	10779899	C	T	0	0	0	0	0	0	0	0	0	0	0	0.0	0.0
21	10779917	C	A	0	0	0	0	0	0	0	0	0	0	0	0.0	0.0
21	10780135	G	A	0	0	0	0	0	0	0	0	0	0	0	0.0	0.0
21	10780169	C	T	0	0	0	0	0	0	0	0	0	0	0	0.0	0.0
21	10780439	A	C	0	0	0	0	0	0	0	0	0	0	0	0.0	0.0
21	10781500	T	G	0	0	0	0	0	0	0	0	0	0	0	0.0	0.0
21	10781839	A	G	0	0	0	0	0	0	0	0	0	0	0	0.0	0.0
21	10782071	A	G	0	0	0	0	0	0	0	0	0	0	0	0.0	0.0
21	10782874	G	A	0	0	0	0	0	0	0	0	0	0	0	0.0	0.0
21	10782878	T	C	0	0	0	0	0	0	0	0	0	0	0	0.0	0.0
21	10782984	A	G	0	0	0	0	0	0	0	0	0	0	0	0.0	0.0
21	10783188	C	T	0	0	0	0	0	0	0	0	0	0	0	0.0	0.0
21	10783230	A	G	0	0	0	0	0	0	0	0	0	0	0	0.0	0.0
21	10784190	C	G	0	0	0	0	0	0	0	0	0	0	0	0.0	0.0
21	10784732	C	T	0	0	0	0	0	0	0	0	0	0	0	0.0	0.0
21	10786167	G	A	0	0	0	0	0	0	0	0	0	0	0	0.0	0.0
21	10786345	A	G	0	0	0	0	0	0	0	0	0	0	0	0.0	0.0
21	10786995	C	T	0	0	0	0	0	0	0	0	0	0	0	0.0	0.0
21	10790457	G	C	0	0	0	0	0	0	0	0	0	0	0	0.0	0.0
21	10790556	A	G	0	0	0	0	0	0	0	0	0	0	0	0.0	0.0
21	10791183	A	T	0	0	0	0	0	0	0	0	0	0	0	0.0	0.0
21	10792985	G	A	0	0	0	0	0	0	0	0	0	0	0	0.0	0.0
21	10793555	T	C	0	0	0	0	0	0	0	0	0	0	0	0.0	0.0
21	10795026	A	G	0	0	0	0	0	0	0	0	0	0	0	0.0	0.0
21	10797196	T	A	0	0	0	0	0	0	0	0	0	0	0	0.0	0.0
21	10797414	T	C	0	0	0	0	0	0	0	0	0	0	0	0.0	0.0
21	10799697	T	G	0	0	0	0	0	0	0	0	0	0	0	0.0	0.0
21	10799710	T	C	0	0	0	0	0	0	0	0	0	0	0	0.0	0.0
21	10800261	C	G	0	0	0	0	0	0	0	0	0	0	0	0.0	0.0
21	10800401	T	C	0	0	0	0	0	0	0	0	0	0	0	0.0	0.0
21	10800619	C	T	0	0	0	0	0	0	0	0	0	0	0	0.0	0.0
21	10800829	G	A	0	0	0	0	0	0	0	0	0	0	0	0.0	0.0
21	10801320	G	A	0	0	0	0	0	0	0	0	0	0	0	0.0	0.0
21	10802302	C	A	0	0	0	0	0	0	0	0	0	0	0	0.0	0.0
21	10803826	A	C	0	0	0	0	0	0	0	0	0	0	0	0.0	0.0
21	10807601	G	T	0	0	0	0	0	0	0	0	0	0	0	0.0	0.0
21	10807851	A	G	0	0	0	0	0	0	0	0	0	0	0	0.0	0.0
21	10810718	A	C	0	0	0	0	0	0	0	0	0	0	0	0.0	0.0
21	10812900	C	T	0	0	0	0	0	0	0	0	0	0	0	0.0	0.0
21	10815030	G	A	0	0	0	0	0	0	0	0	0	0	0	0.0	0.0
21	10815399	C	T	0	0	0	0	0	0	0	0	0	0	0	0.0	0.0
21	10815895	G	A	0	0	0	0	0	0	0	0	0	0	0	0.0	0.0
21	10817771	A	G	0	0	0	0	0	0	0	0	0	0	0	0.0	0.0
21	10818270	C	T	0	0	0	0	0	0	0	0	0	0	0	0.0	0.0
21	10820880	C	G	0	0	0	0	0	0	0	0	0	0	0	0.0	0.0
21	10821353	G	T	0	0	0	0	0	0	0	0	0	0	0	0.0	0.0
21	10823939	G	A	0	0	0	0	0	0	0	0	0	0	0	0.0	0.0
21	10824798	A	G	0	0	0	0	0	0	0	0	0	0	0	0.0	0.0
21	10825290	A	G	0	0	0	0	0	0	0	0	0	0	0	0.0	0.0
21	10825494	T	C	0	0	0	0	0	0	0	0	0	0	0	0.0	0.0
21	10828467	A	G	0	0	0	0	0	0	0	0	0	0	0	0.0	0.0
21	10831203	A	C	0	0	0	0	0	0	0	0	0	0	0	0.0	0.0
21	10831614	A	G	0	0	0	0	0	0	0	0	0	0	0	0.0	0.0
21	10833366	C	T	0	0	0	0	0	0	0	0	0	0	0	0.0	0.0
21	10835411	G	A	0	0	0	0	0	0	0	0	0	0	0	0.0	0.0
21	10835412	G	A	0	0	0	0	0	0	0	0	0	0	0	0.0	0.0
21	10837405	T	C	0	0	0	0	0	0	0	0	0	0	0	0.0	0.0
21	10844065	C	T	0	0	0	0	0	0	0	0	0	0	0	0.0	0.0
21	10844187	A	C	0	0	0	0	0	0	0	0	0	0	0	0.0	0.0
21	10847389	A	G	0	0	0	0	0	0	0	0	0	0	0	0.0	0.0
21	10849595	G	A	0	0	0	0	0	0	0	0	0	0	0	0.0	0.0
21	10849946	A	C	0	0	0	0	0	0	0	0	0	0	0	0.0	0.0
21	10851032	G	A	0	0	0	0	0	0	0	0	0	0	0	0.0	0.0
21	10851231	A	G	0	0	0	0	0	0	0	0	0	0	0	0.0	0.0
21	10853418	G	A	0	0	0	0	0	0	0	0	0	0	0	0.0	0.0
21	10855891	C	T	0	0	0	0	0	0	0	0	0	0	0	0.0	0.0
21	10857756	C	G	0	0	0	0	0	0	0	0	0	0	0	0.0	0.0
21	10860139	T	G	0	0	0	0	0	0	0	0	0	0	0	0.0	0.0
21	10861945	A	G	0	0	0	0	0	0	0	0	0	0	0	0.0	0.0
21	10870584	C	T	0	0	0	0	0	0	0	0	0	0	0	0.0	0.0
21	10870585	G	A	0	0	0	0	0	0	0	0	0	0	0	0.0	0.0
21	10888128	C	T	0	0	0	0	0	0	0	0	0	0	0	0.0	0.0
21	10898210	A	C	0	0	0	0	0	0	0	0	0	0	0	0.0	0.0
21	10900738	T	C	0	0	0	0	0	0	0	0	0	0	0	0.0	0.0
21	10904713	G	C	0	0	0	0	0	0	0	0	0	0	0	0.0	0.0
21	10910347	A	G	0	0	0	0	0	0	0	0	0	0	0	0.0	0.0
21	10916293	A	G	0	0	0	0	0	0	0	0	0	0	0	0.0	0.0
21	10916916	A	G	0	0	0	0	0	0	0	0	0	0	0	0.0	0.0
21	10923131	C	T	0	0	0	0	0	0	0	0	0	0	0	0.0	0.0
21	10923132	A	G	0	0	0	0	0	0	0	0	0	0	0	0.0	0.0
21	10923213	C	T	0	0	0	0	0	0	0	0	0	0	0	0.0	0.0
21	10931039	T	C	0	0	0	0	0	0	0	0	0	0	0	0.0	0.0
21	10931256	T	G	0	0	0	0	0	0	0	0	0	0	0	0.0	0.0
21	10939851	G	A	0	0	0	0	0	0	0	0	0	0	0	0.0	0.0
21	10948119	A	G	0	0	0	0	0	0	0	0	0	0	0	0.0	0.0
21	10949711	G	A	0	0	0	0	0	0	0	0	0	0	0	0.0	0.0
21	10967776	T	C	0	0	0	0	0	0	0	0	0	0	0	0.0	0.0
21	10973329	C	A	0	0	0	0	0	0	0	0	0	0	0	0.0	0.0
21	11025828	G	A	1	0	0	0	0	0	1	0	0	1	0	1.0	0.0
21	11100003	T	C	0	0	0	0	0	0	0	0	0	0	0	0.0	0.0
21	11100567	A	G	0	0	0	0	0	0	0	0	0	0	0	0.0	0.0
21	11106913	G	C	0	0	0	0	0	0	0	0	0	0	0	0.0	0.0
21	11107451	T	C	0	0	0	0	0	0	0	0	0	0	0	0.0	0.0
21	11117542	A	C	0	0	0	0	0	0	0	0	0	0	0	0.0	0.0
21	11117543	C	T	0	0	0	0	0	0	0	0	0	0	0	0.0	0.0
21	11120391	C	T	0	0	0	0	0	0	0	0	0	0	0	0.0	0.0
21	11129628	A	G	0	0	0	0	0	0	0	0	0	0	0	0.0	0.0
21	11132376	A	G	0	0	0	0	0	0	0	0	0	0	0	0.0	0.0
21	11138010	C	T	0	0	0	0	0	0	0	0	0	0	0	0.0	0.0
21	11139747	C	T	0	0	0	0	0	0	0	0	0	0	0	0.0	0.0
21	11143287	T	G	0	0	0	0	0	0	0	0	0	0	0	0.0	0.0
21	11145080	C	T	0	0	0	0	0	0	0	0	0	0	0	0.0	0.0
21	11187000	G	T	0	0	0	0	0	0	0	0	0	0	0	0.0	0.0
21	14347968	T	C	0	0	0	0	0	0	0	0	0	0	0	0.0	0.0
21	14348801	A	G	0	0	0	0	0	0	0	0	0	0	0	0.0	0.0
21	14375401	T	C	0	0	0	0	0	0	0	0	0	0	0	0.0	0.0
21	14375489	G	T	0	0	0	0	0	0	0	0	0	0	0	0.0	0.0
21	14388335	T	C	0	0	0	0	0	0	0	0	0	0	0	0.0	0.0
21	14392740	T	C	0	0	0	0	0	0	0	0	0	0	0	0.0	0.0
21	14392762	T	C	0	0	0	0	0	0	0	0	0	0	0	0.0	0.0
21	14394722	T	C	0	0	0	0	0	0	0	0	0	0	0	0.0	0.0
21	14395714	T	C	0	0	0	0	0	0	0	0	0	0	0	0.0	0.0
21	14398738	G	A	0	0	0	0	0	0	0	0	0	0	0	0.0	0.0
21	14403730	T	C	0	0	0	0	0	0	0	0	0	0	0	0.0	0.0
21	14405567	C	T	0	0	0	0	0	0	0	0	0	0	0	0.0	0.0
21	14405803	A	G	0	0	0	0	0	0	0	0	0	0	0	0.0	0.0
21	14406506	T	G	0	0	0	0	0	0	0	0	0	0	0	0.0	0.0
21	14406514	G	T	0	0	0	0	0	0	0	0	0	0	0	0.0	0.0
21	14407271	A	C	0	0	0	0	0	0	0	0	0	0	0	0.0	0.0
21	14411888	A	G	0	0	0	0	0	0	0	0	0	0	0	0.0	0.0
21	14419870	C	A	0	0	0	0	0	0	0	0	0	0	0	0.0	0.0
21	14420383	C	T	0	0	0	0	0	0	0	0	0	0	0	0.0	0.0
21	14423782	T	A	0	0	0	0	0	0	0	0	0	0	0	0.0	0.0
21	14426106	G	C	0	0	0	0	0	0	0	0	0	0	0	0.0	0.0
21	14430412	C	T	0	0	0	0	0	0	0	0	0	0	0	0.0	0.0
21	14431145	C	T	0	0	0	0	0	0	0	0	0	0	0	0.0	0.0
21	14432743	C	G	0	0	0	0	0	0	0	0	0	0	0	0.0	0.0
21	14437640	C	G	0	0	0	0	0	0	0	0	0	0	0	0.0	0.0
21	14439711	C	G	0	0	0	0	0	0	0	0	0	0	0	0.0	0.0
21	14446218	T	C	0	0	0	0	0	0	0	0	0	0	0	0.0	0.0
21	14594020	A	G	0	0	0	0	0	0	0	0	0	0	0	0.0	0.0
21	14596767	G	A	0	0	0	0	0	0	0	0	0	0	0	0.0	0.0
21	14597009	A	C	0	0	0	0	0	0	0	0	0	0	0	0.0	0.0
21	14597104	T	C	0	0	0	0	0	0	0	0	0	0	0	0.0	0.0
21	14599450	T	C	0	0	0	0	0	0	0	0	0	0	0	0.0	0.0
21	14599674	C	A	0	0	0	0	0	0	0	0	0	0	0	0.0	0.0
21	14600130	A	G	0	0	0	0	0	0	0	0	0	0	0	0.0	0.0
21	14600306	T	C	1	0	0	0	0	0	0	0	1	0	1	0.0	1.0
21	14601415	G	A	0	0	0	0	0	0	0	0	0	0	0	0.0	0.0
21	14603577	C	T	0	0	0	0	0	0	0	0	0	0	0	0.0	0.0
21	14604174	C	T	0	0	0	0	0	0	0	0	0	0	0	0.0	0.0
21	14604191	A	G	0	0	0	0	0	0	0	0	0	0	0	0.0	0.0
21	14607040	T	A	0	0	0	0	0	0	0	0	0	0	0	0.0	0.0
21	14608578	T	A	0	0	0	0	0	0	0	0	0	0	0	0.0	0.0
21	14609183	C	T	0	0	0	0	0	0	0	0	0	0	0	0.0	0.0
21	14609401	A	T	0	0	0	0	0	0	0	0	0	0	0	0.0	0.0
21	14610112	C	A	0	0	0	0	0	0	0	0	0	0	0	0.0	0.0
21	14610992	C	T	0	0	0	0	0	0	0	0	0	0	0	0.0	0.0
21	14613033	C	A	0	0	0	0	0	0	0	0	0	0	0	0.0	0.0
21	14613503	G	A	0	0	0	0	0	0	0	0	0	0	0	0.0	0.0
21	14613701	A	G	0	0	0	0	0	0	0	0	0	0	0	0.0	0.0
21	14613742	T	C	0	0	0	0	0	0	0	0	0	0	0	0.0	0.0
21	14614707	C	T	0	0	0	0	0	0	0	0	0	0	0	0.0	0.0
21	14615262	C	T	0	0	0	0	0	0	0	0	0	0	0	0.0	0.0
21	14615377	T	C	0	0	0	0	0	0	0	0	0	0	0	0.0	0.0
21	14616403	G	T	0	0	0	0	0	0	0	0	0	0	0	0.0	0.0
21	14618244	A	G	0	0	0	0	0	0	0	0	0	0	0	0.0	0.0
21	14618274	T	C	0	0	0	0	0	0	0	0	0	0	0	0.0	0.0
21	14619218	A	C	0	0	0	0	0	0	0	0	0	0	0	0.0	0.0
21	14620054	G	T	0	0	0	0	0	0	0	0	0	0	0	0.0	0.0
21	14620442	C	T	0	0	0	0	0	0	0	0	0	0	0	0.0	0.0
21	14620516	T	C	0	0	0	0	0	0	0	0	0	0	0	0.0	0.0
21	14620869	T	C	0	0	0	0	0	0	0	0	0	0	0	0.0	0.0
21	14621543	T	C	0	0	0	0	0	0	0	0	0	0	0	0.0	0.0
21	14622076	G	T	0	0	0	0	0	0	0	0	0	0	0	0.0	0.0
21	14622096	A	G	0	0	0	0	0	0	0	0	0	0	0	0.0	0.0
21	14622276	C	A	0	0	0	0	0	0	0	0	0	0	0	0.0	0.0
21	14622336	G	A	0	0	0	0	0	0	0	0	0	0	0	0.0	0.0
21	14622862	C	T	0	0	0	0	0	0	0	0	0	0	0	0.0	0.0
21	14624690	G	C	0	0	0	0	0	0	0	0	0	0	0	0.0	0.0
21	14625040	T	C	0	0	0	0	0	0	0	0	0	0	0	0.0	0.0
21	14625201	T	C	0	0	0	0	0	0	0	0	0	0	0	0.0	0.0
21	14625382	G	A	0	0	0	0	0	0	0	0	0	0	0	0.0	0.0
21	14626852	T	G	0	0	0	0	0	0	0	0	0	0	0	0.0	0.0
21	14627705	G	A	0	0	0	0	0	0	0	0	0	0	0	0.0	0.0
21	14627792	C	G	0	0	0	0	0	0	0	0	0	0	0	0.0	0.0
21	14628104	G	A	1	0	0	0	0	1	0	0	0	1	0	1.0	0.0
21	14628608	G	T	0	0	0	0	0	0	0	0	0	0	0	0.0	0.0
21	14630073	C	T	0	0	0	0	0	0	0	0	0	0	0	0.0	0.0
21	14630588	A	G	1	1	0	0	0	0	0	0	0	1	0	1.0	0.0
21	14630933	T	C	0	0	0	0	0	0	0	0	0	0	0	0.0	0.0
21	14630955	T	C	0	0	0	0	0	0	0	0	0	0	0	0.0	0.0
21	14631141	A	C	0	0	0	0	0	0	0	0	0	0	0	0.0	0.0
21	14631142	G	A	0	0	0	0	0	0	0	0	0	0	0	0.0	0.0
21	14631595	T	G	0	0	0	0	0	0	0	0	0	0	0	0.0	0.0
21	14631648	A	C	0	0	0	0	0	0	0	0	0	0	0	0.0	0.0
21	14631649	A	G	0	0	0	0	0	0	0	0	0	0	0	0.0	0.0
21	14632767	C	T	0	0	0	0	0	0	0	0	0	0	0	0.0	0.0
21	14632991	G	A	0	0	0	0	0	0	0	0	0	0	0	0.0	0.0
21	14634003	C	A	0	0	0	0	0	0	0	0	0	0	0	0.0	0.0
21	14635153	G	C	0	0	0	0	0	0	0	0	0	0	0	0.0	0.0
21	14635559	C	T	0	0	0	0	0	0	0	0	0	0	0	0.0	0.0
21	14635562	C	A	0	0	0	0	0	0	0	0	0	0	0	0.0	0.0
21	14635769	C	T	0	0	0	0	0	0	0	0	0	0	0	0.0	0.0
21	14635911	T	C	0	0	0	0	0	0	0	0	0	0	0	0.0	0.0
21	14636146	A	C	0	0	0	0	0	0	0	0	0	0	0	0.0	0.0
21	14636906	A	G	0	0	0	0	0	0	0	0	0	0	0	0.0	0.0
21	14638916	T	C	0	0	0	0	0	0	0	0	0	0	0	0.0	0.0
21	14640400	G	A	0	0	0	0	0	0	0	0	0	0	0	0.0	0.0
21	14640561	T	G	0	0	0	0	0	0	0	0	0	0	0	0.0	0.0
21	14640986	G	T	0	0	0	0	0	0	0	0	0	0	0	0.0	0.0
21	14642354	A	G	0	0	0	0	0	0	0	0	0	0	0	0.0	0.0
21	14642464	A	G	0	0	0	0	0	0	0	0	0	0	0	0.0	0.0
21	14642950	T	G	0	0	0	0	0	0	0	0	0	0	0	0.0	0.0
21	14643212	C	A	0	0	0	0	0	0	0	0	0	0	0	0.0	0.0
21	14643352	A	G	0	0	0	0	0	0	0	0	0	0	0	0.0	0.0
21	14643364	A	G	0	0	0	0	0	0	0	0	0	0	0	0.0	0.0
21	14643732	C	T	0	0	0	0	0	0	0	0	0	0	0	0.0	0.0
21	14643743	A	C	0	0	0	0	0	0	0	0	0	0	0	0.0	0.0
21	14647850	G	A	0	0	0	0	0	0	0	0	0	0	0	0.0	0.0
21	14647954	C	T	0	0	0	0	0	0	0	0	0	0	0	0.0	0.0
21	14648157	G	A	0	0	0	0	0	0	0	0	0	0	0	0.0	0.0
21	14648651	C	T	0	0	0	0	0	0	0	0	0	0	0	0.0	0.0
21	14648748	C	A	0	0	0	0	0	0	0	0	0	0	0	0.0	0.0
21	14649798	C	A	0	0	0	0	0	0	0	0	0	0	0	0.0	0.0
21	14651895	A	G	0	0	0	0	0	0	0	0	0	0	0	0.0	0.0
21	14652362	T	G	0	0	0	0	0	0	0	0	0	0	0	0.0	0.0
21	14653355	C	G	0	0	0	0	0	0	0	0	0	0	0	0.0	0.0
21	14655034	G	A	0	0	0	0	0	0	0	0	0	0	0	0.0	0.0
21	14655035	C	T	0	0	0	0	0	0	0	0	0	0	0	0.0	0.0
21	14656274	C	T	0	0	0	0	0	0	0	0	0	0	0	0.0	0.0
21	14656649	C	T	0	0	0	0	0	0	0	0	0	0	0	0.0	0.0
21	14656769	T	C	0	0	0	0	0	0	0	0	0	0	0	0.0	0.0
21	14657494	G	A	0	0	0	0	0	0	0	0	0	0	0	0.0	0.0
21	14657602	T	C	0	0	0	0	0	0	0	0	0	0	0	0.0	0.0
21	14658830	C	T	0	0	0	0	0	0	0	0	0	0	0	0.0	0.0
21	14658983	G	A	0	0	0	0	0	0	0	0	0	0	0	0.0	0.0
21	14661149	G	A	0	0	0	0	0	0	0	0	0	0	0	0.0	0.0
21	14661602	G	T	0	0	0	0	0	0	0	0	0	0	0	0.0	0.0
21	14661619	T	C	0	0	0	0	0	0	0	0	0	0	0	0.0	0.0
21	14661992	T	C	0	0	0	0	0	0	0	0	0	0	0	0.0	0.0
21	14662061	A	G	0	0	0	0	0	0	0	0	0	0	0	0.0	0.0
21	14665120	A	C	0	0	0	0	0	0	0	0	0	0	0	0.0	0.0
21	14666574	C	T	0	0	0	0	0	0	0	0	0	0	0	0.0	0.0
21	14667084	G	A	0	0	0	0	0	0	0	0	0	0	0	0.0	0.0
21	14669931	G	A	0	0	0	0	0	0	0	0	0	0	0	0.0	0.0
21	14677301	T	C	0	0	0	0	0	0	0	0	0	0	0	0.0	0.0
21	14679332	A	G	0	0	0	0	0	0	0	0	0	0	0	0.0	0.0
21	14681221	A	G	0	0	0	0	0	0	0	0	0	0	0	0.0	0.0
21	14681277	A	C	0	0	0	0	0	0	0	0	0	0	0	0.0	0.0
21	14681339	T	A	0	0	0	0	0	0	0	0	0	0	0	0.0	0.0
21	14684350	G	A	0	0	0	0	0	0	0	0	0	0	0	0.0	0.0
21	14684724	G	C	0	0	0	0	0	0	0	0	0	0	0	0.0	0.0
21	14687196	A	C	0	0	0	0	0	0	0	0	0	0	0	0.0	0.0
21	14687571	G	T	0	0	0	0	0	0	0	0	0	0	0	0.0	0.0
21	14688825	T	C	0	0	0	0	0	0	0	0	0	0	0	0.0	0.0
21	14690572	C	T	0	0	0	0	0	0	0	0	0	0	0	0.0	0.0
21	14691232	T	C	0	0	0	0	0	0	0	0	0	0	0	0.0	0.0
21	14692312	C	T	0	0	0	0	0	0	0	0	0	0	0	0.0	0.0
21	14693233	A	G	0	0	0	0	0	0	0	0	0	0	0	0.0	0.0
21	14693381	G	A	0	0	0	0	0	0	0	0	0	0	0	0.0	0.0
21	14693915	A	G	0	0	0	0	0	0	0	0	0	0	0	0.0	0.0
21	14695782	C	T	0	0	0	0	0	0	0	0	0	0	0	0.0	0.0
21	14696909	C	G	0	0	0	0	0	0	0	0	0	0	0	0.0	0.0
21	14699805	C	G	0	0	0	0	0	0	0	0	0	0	0	0.0	0.0
21	14699886	C	A	0	0	0	0	0	0	0	0	0	0	0	0.0	0.0
21	14704126	C	T	0	0	0	0	0	0	0	0	0	0	0	0.0	0.0
21	14704303	T	C	0	0	0	0	0	0	0	0	0	0	0	0.0	0.0
21	14709742	G	T	0	0	0	0	0	0	0	0	0	0	0	0.0	0.0
21	14711558	T	C	0	0	0	0	0	0	0	0	0	0	0	0.0	0.0
21	14711943	G	C	0	0	0	0	0	0	0	0	0	0	0	0.0	0.0
21	14715497	C	T	0	0	0	0	0	0	0	0	0	0	0	0.0	0.0
21	14717188	A	C	0	0	0	0	0	0	0	0	0	0	0	0.0	0.0
21	14717410	G	T	0	0	0	0	0	0	0	0	0	0	0	0.0	0.0
21	14718453	G	A	0	0	0	0	0	0	0	0	0	0	0	0.0	0.0
21	14718657	G	A	0	0	0	0	0	0	0	0	0	0	0	0.0	0.0
21	14719379	G	A	0	0	0	0	0	0	0	0	0	0	0	0.0	0.0
21	14721832	G	A	0	0	0	0	0	0	0	0	0	0	0	0.0	0.0
21	14722295	G	A	0	0	0	0	0	0	0	0	0	0	0	0.0	0.0
21	14725383	G	A	0	0	0	0	0	0	0	0	0	0	0	0.0	0.0
21	14726233	A	C	0	0	0	0	0	0	0	0	0	0	0	0.0	0.0
21	14726399	A	G	0	0	0	0	0	0	0	0	0	0	0	0.0	0.0
21	14729642	G	C	0	0	0	0	0	0	0	0	0	0	0	0.0	0.0
21	14729986	G	A	0	0	0	0	0	0	0	0	0	0	0	0.0	0.0
21	14730997	C	A	0	0	0	0	0	0	0	0	0	0	0	0.0	0.0
21	14732528	C	T	0	0	0	0	0	0	0	0	0	0	0	0.0	0.0
21	14732932	C	T	0	0	0	0	0	0	0	0	0	0	0	0.0	0.0
21	14733489	C	T	0	0	0	0	0	0	0	0	0	0	0	0.0	0.0
21	14735490	G	A	0	0	0	0	0	0	0	0	0	0	0	0.0	0.0
21	14736458	C	A	0	0	0	0	0	0	0	0	0	0	0	0.0	0.0
21	14739349	C	T	0	0	0	0	0	0	0	0	0	0	0	0.0	0.0
21	14741698	C	T	0	0	0	0	0	0	0	0	0	0	0	0.0	0.0
21	14741817	G	A	0	0	0	0	0	0	0	0	0	0	0	0.0	0.0
21	14742326	A	C	0	0	0	0	0	0	0	0	0	0	0	0.0	0.0
21	14742842	C	T	0	0	0	0	0	0	0	0	0	0	0	0.0	0.0
21	14746698	G	A	0	0	0	0	0	0	0	0	0	0	0	0.0	0.0
21	14747228	G	C	0	0	0	0	0	0	0	0	0	0	0	0.0	0.0
21	14749399	T	G	0	0	0	0	0	0	0	0	0	0	0	0.0	0.0
21	14751410	G	A	0	0	0	0	0	0	0	0	0	0	0	0.0	0.0
21	14752439	C	T	0	0	0	0	0	0	0	0	0	0	0	0.0	0.0
21	14753024	G	A	0	0	0	0	0	0	0	0	0	0	0	0.0	0.0
21	14754276	C	G	0	0	0	0	0	0	0	0	0	0	0	0.0	0.0
21	14756310	G	C	0	0	0	0	0	0	0	0	0	0	0	0.0	0.0
21	14756361	A	G	0	0	0	0	0	0	0	0	0	0	0	0.0	0.0
21	14759452	C	T	0	0	0	0	0	0	0	0	0	0	0	0.0	0.0
21	14760203	C	T	0	0	0	0	0	0	0	0	0	0	0	0.0	0.0
21	14760746	A	G	0	0	0	0	0	0	0	0	0	0	0	0.0	0.0
21	14761188	C	T	0	0	0	0	0	0	0	0	0	0	0	0.0	0.0
21	14761209	C	A	0	0	0	0	0	0	0	0	0	0	0	0.0	0.0
21	14763880	G	A	0	0	0	0	0	0	0	0	0	0	0	0.0	0.0
21	14764814	T	C	0	0	0	0	0	0	0	0	0	0	0	0.0	0.0
21	14768732	A	G	0	0	0	0	0	0	0	0	0	0	0	0.0	0.0
21	14769046	A	G	0	0	0	0	0	0	0	0	0	0	0	0.0	0.0
21	14769677	C	A	0	0	0	0	0	0	0	0	0	0	0	0.0	0.0
21	14770469	T	C	0	0	0	0	0	0	0	0	0	0	0	0.0	0.0
21	14770767	C	T	0	0	0	0	0	0	0	0	0	0	0	0.0	0.0
21	14771673	A	G	0	0	0	0	0	0	0	0	0	0	0	0.0	0.0
21	14772481	T	C	0	0	0	0	0	0	0	0	0	0	0	0.0	0.0
21	14773189	C	A	0	0	0	0	0	0	0	0	0	0	0	0.0	0.0
21	14774097	A	C	0	0	0	0	0	0	0	0	0	0	0	0.0	0.0
21	14775556	G	A	0	0	0	0	0	0	0	0	0	0	0	0.0	0.0
21	14775678	G	A	0	0	0	0	0	0	0	0	0	0	0	0.0	0.0
21	14775936	T	C	0	0	0	0	0	0	0	0	0	0	0	0.0	0.0
21	14777851	C	T	0	0	0	0	0	0	0	0	0	0	0	0.0	0.0
21	14777874	C	T	0	0	0	0	0	0	0	0	0	0	0	0.0	0.0
21	14778196	T	C	0	0	0	0	0	0	0	0	0	0	0	0.0	0.0
21	14779379	C	A	0	0	0	0	0	0	0	0	0	0	0	0.0	0.0
21	14779973	C	T	0	0	0	0	0	0	0	0	0	0	0	0.0	0.0
21	14780052	G	A	0	0	0	0	0	0	0	0	0	0	0	0.0	0.0
21	14780336	G	A	0	0	0	0	0	0	0	0	0	0	0	0.0	0.0
21	14780604	G	T	0	0	0	0	0	0	0	0	0	0	0	0.0	0.0
21	14780878	C	T	0	0	0	0	0	0	0	0	0	0	0	0.0	0.0
21	14782532	A	C	0	0	0	0	0	0	0	0	0	0	0	0.0	0.0
21	14785699	G	C	0	0	0	0	0	0	0	0	0	0	0	0.0	0.0
21	14785799	G	T	0	0	0	0	0	0	0	0	0	0	0	0.0	0.0
21	14786146	G	A	0	0	0	0	0	0	0	0	0	0	0	0.0	0.0
21	14786750	C	A	0	0	0	0	0	0	0	0	0	0	0	0.0	0.0
21	14788274	T	C	0	0	0	0	0	0	0	0	0	0	0	0.0	0.0
21	14789012	C	T	0	0	0	0	0	0	0	0	0	0	0	0.0	0.0
21	14789017	A	C	0	0	0	0	0	0	0	0	0	0	0	0.0	0.0
21	14790274	A	G	0	0	0	0	0	0	0	0	0	0	0	0.0	0.0
21	14790570	A	C	0	0	0	0	0	0	0	0	0	0	0	0.0	0.0
21	14790733	A	T	0	0	0	0	0	0	0	0	0	0	0	0.0	0.0
21	14791709	C	T	0	0	0	0	0	0	0	0	0	0	0	0.0	0.0
21	14793505	C	G	0	0	0	0	0	0	0	0	0	0	0	0.0	0.0
21	14795002	A	G	0	0	0	0	0	0	0	0	0	0	0	0.0	0.0
21	14795147	C	T	0	0	0	0	0	0	0	0	0	0	0	0.0	0.0
21	14795475	G	A	0	0	0	0	0	0	0	0	0	0	0	0.0	0.0
21	14795622	C	T	0	0	0	0	0	0	0	0	0	0	0	0.0	0.0
21	14796094	T	G	0	0	0	0	0	0	0	0	0	0	0	0.0	0.0
21	14798237	G	C	0	0	0	0	0	0	0	0	0	0	0	0.0	0.0
21	14799557	C	T	0	0	0	0	0	0	0	0	0	0	0	0.0	0.0
21	14800853	C	T	0	0	0	0	0	0	0	0	0	0	0	0.0	0.0
21	14800918	C	T	0	0	0	0	0	0	0	0	0	0	0	0.0	0.0
21	14800973	C	T	0	0	0	0	0	0	0	0	0	0	0	0.0	0.0
21	14802594	G	T	0	0	0	0	0	0	0	0	0	0	0	0.0	0.0
21	14807136	C	T	0	0	0	0	0	0	0	0	0	0	0	0.0	0.0
21	14810337	C	T	0	0	0	0	0	0	0	0	0	0	0	0.0	0.0
21	14810838	G	A	0	0	0	0	0	0	0	0	0	0	0	0.0	0.0
21	14812629	G	A	0	0	0	0	0	0	0	0	0	0	0	0.0	0.0
21	14816665	C	A	0	0	0	0	0	0	0	0	0	0	0	0.0	0.0
21	14816677	G	A	0	0	0	0	0	0	0	0	0	0	0	0.0	0.0
21	14818410	T	C	0	0	0	0	0	0	0	0	0	0	0	0.0	0.0
21	14818933	T	C	0	0	0	0	0	0	0	0	0	0	0	0.0	0.0
21	14820079	C	T	0	0	0	0	0	0	0	0	0	0	0	0.0	0.0
21	14820205	A	C	0	0	0	0	0	0	0	0	0	0	0	0.0	0.0
21	14820408	A	G	0	0	0	0	0	0	0	0	0	0	0	0.0	0.0
21	14820726	G	A	2	2	0	0	0	0	0	0	0	0	2	0.0	1.0
21	14822089	A	G	0	0	0	0	0	0	0	0	0	0	0	0.0	0.0
21	14823575	T	C	0	0	0	0	0	0	0	0	0	0	0	0.0	0.0
21	14824503	T	C	0	0	0	0	0	0	0	0	0	0	0	0.0	0.0
21	14825951	A	T	0	0	0	0	0	0	0	0	0	0	0	0.0	0.0
21	14826157	C	T	0	0	0	0	0	0	0	0	0	0	0	0.0	0.0
21	14827698	T	C	0	0	0	0	0	0	0	0	0	0	0	0.0	0.0
21	14830868	T	A	0	0	0	0	0	0	0	0	0	0	0	0.0	0.0
21	14832310	G	A	0	0	0	0	0	0	0	0	0	0	0	0.0	0.0
21	14833368	G	A	0	0	0	0	0	0	0	0	0	0	0	0.0	0.0
21	14851992	T	A	0	0	0	0	0	0	0	0	0	0	0	0.0	0.0
21	14882005	C	A	0	0	0	0	0	0	0	0	0	0	0	0.0	0.0
21	14888797	G	A	0	0	0	0	0	0	0	0	0	0	0	0.0	0.0
21	14921866	A	C	0	0	0	0	0	0	0	0	0	0	0	0.0	0.0
21	15200626	C	T	0	0	0	0	0	0	0	0	0	0	0	0.0	0.0
21	15200810	A	G	0	0	0	0	0	0	0	0	0	0	0	0.0	0.0
21	15201080	C	T	0	0	0	0	0	0	0	0	0	0	0	0.0	0.0
21	15201232	G	A	0	0	0	0	0	0	0	0	0	0	0	0.0	0.0
21	15201267	C	T	0	0	0	0	0	0	0	0	0	0	0	0.0	0.0
21	15202181	C	G	0	0	0	0	0	0	0	0	0	0	0	0.0	0.0
21	15202862	C	T	0	0	0	0	0	0	0	0	0	0	0	0.0	0.0
21	15203378	C	T	0	0	0	0	0	0	0	0	0	0	0	0.0	0.0
21	15203499	A	C	0	0	0	0	0	0	0	0	0	0	0	0.0	0.0
21	15204287	A	G	0	0	0	0	0	0	0	0	0	0	0	0.0	0.0
21	15204549	A	T	0	0	0	0	0	0	0	0	0	0	0	0.0	0.0
21	15204761	T	C	0	0	0	0	0	0	0	0	0	0	0	0.0	0.0
21	15204777	C	T	0	0	0	0	0	0	0	0	0	0	0	0.0	0.0
21	15204910	T	A	0	0	0	0	0	0	0	0	0	0	0	0.0	0.0
21	15206684	A	G	0	0	0	0	0	0	0	0	0	0	0	0.0	0.0
21	15207350	A	G	0	0	0	0	0	0	0	0	0	0	0	0.0	0.0
21	15207762	A	C	0	0	0	0	0	0	0	0	0	0	0	0.0	0.0
21	15208118	A	T	0	0	0	0	0	0	0	0	0	0	0	0.0	0.0
21	15209301	G	T	0	0	0	0	0	0	0	0	0	0	0	0.0	0.0
21	15211971	T	C	0	0	0	0	0	0	0	0	0	0	0	0.0	0.0
21	15220667	C	T	0	0	0	0	0	0	0	0	0	0	0	0.0	0.0
21	15223035	A	C	0	0	0	0	0	0	0	0	0	0	0	0.0	0.0
21	15229345	A	G	0	0	0	0	0	0	0	0	0	0	0	0.0	0.0
21	15229657	C	G	0	0	0	0	0	0	0	0	0	0	0	0.0	0.0
21	15229796	C	A	0	0	0	0	0	0	0	0	0	0	0	0.0	0.0
21	15230887	C	G	0	0	0	0	0	0	0	0	0	0	0	0.0	0.0
21	15231142	A	T	0	0	0	0	0	0	0	0	0	0	0	0.0	0.0
21	15231168	C	G	0	0	0	0	0	0	0	0	0	0	0	0.0	0.0
21	15231196	C	T	0	0	0	0	0	0	0	0	0	0	0	0.0	0.0
21	15232046	C	A	0	0	0	0	0	0	0	0	0	0	0	0.0	0.0
21	15232126	A	C	0	0	0	0	0	0	0	0	0	0	0	0.0	0.0
21	15232336	A	C	0	0	0	0	0	0	0	0	0	0	0	0.0	0.0
21	15232782	A	G	0	0	0	0	0	0	0	0	0	0	0	0.0	0.0
21	15232845	A	C	0	0	0	0	0	0	0	0	0	0	0	0.0	0.0
21	15236578	C	A	0	0	0	0	0	0	0	0	0	0	0	0.0	0.0
21	15254039	C	T	0	0	0	0	0	0	0	0	0	0	0	0.0	0.0
21	15254406	C	T	0	0	0	0	0	0	0	0	0	0	0	0.0	0.0
21	15254711	C	T	0	0	0	0	0	0	0	0	0	0	0	0.0	0.0
21	15254963	G	A	0	0	0	0	0	0	0	0	0	0	0	0.0	0.0
21	15256124	A	C	0	0	0	0	0	0	0	0	0	0	0	0.0	0.0
21	15257041	T	C	0	0	0	0	0	0	0	0	0	0	0	0.0	0.0
21	15258172	C	A	0	0	0	0	0	0	0	0	0	0	0	0.0	0.0
21	15258234	T	C	0	0	0	0	0	0	0	0	0	0	0	0.0	0.0
21	15258391	C	T	0	0	0	0	0	0	0	0	0	0	0	0.0	0.0
21	15258392	A	G	0	0	0	0	0	0	0	0	0	0	0	0.0	0.0
21	15259234	C	T	0	0	0	0	0	0	0	0	0	0	0	0.0	0.0
21	15259358	G	A	0	0	0	0	0	0	0	0	0	0	0	0.0	0.0
21	15259605	C	T	0	0	0	0	0	0	0	0	0	0	0	0.0	0.0
21	15259911	T	C	0	0	0	0	0	0	0	0	0	0	0	0.0	0.0
21	15259953	G	T	0	0	0	0	0	0	0	0	0	0	0	0.0	0.0
21	15260011	T	C	0	0	0	0	0	0	0	0	0	0	0	0.0	0.0
21	15260049	A	C	0	0	0	0	0	0	0	0	0	0	0	0.0	0.0
21	15260197	T	C	0	0	0	0	0	0	0	0	0	0	0	0.0	0.0
21	15260352	A	G	0	0	0	0	0	0	0	0	0	0	0	0.0	0.0
21	15260440	T	A	0	0	0	0	0	0	0	0	0	0	0	0.0	0.0
21	15260456	C	T	0	0	0	0	0	0	0	0	0	0	0	0.0	0.0
21	15260725	A	G	0	0	0	0	0	0	0	0	0	0	0	0.0	0.0
21	15261349	C	G	0	0	0	0	0	0	0	0	0	0	0	0.0	0.0
21	15261449	G	A	0	0	0	0	0	0	0	0	0	0	0	0.0	0.0
21	15261521	T	C	0	0	0	0	0	0	0	0	0	0	0	0.0	0.0
21	15261679	C	T	0	0	0	0	0	0	0	0	0	0	0	0.0	0.0
21	15267008	C	T	0	0	0	0	0	0	0	0	0	0	0	0.0	0.0
21	15269737	C	A	0	0	0	0	0	0	0	0	0	0	0	0.0	0.0
21	15270261	T	G	0	0	0	0	0	0	0	0	0	0	0	0.0	0.0
21	15270619	C	T	0	0	0	0	0	0	0	0	0	0	0	0.0	0.0
21	15271485	C	G	0	0	0	0	0	0	0	0	0	0	0	0.0	0.0
21	15273535	A	G	0	0	0	0	0	0	0	0	0	0	0	0.0	0.0
21	15273744	C	G	0	0	0	0	0	0	0	0	0	0	0	0.0	0.0
21	15273817	C	T	0	0	0	0	0	0	0	0	0	0	0	0.0	0.0
21	15273828	G	A	0	0	0	0	0	0	0	0	0	0	0	0.0	0.0
21	15275114	G	A	0	0	0	0	0	0	0	0	0	0	0	0.0	0.0
21	15279270	T	C	0	0	0	0	0	0	0	0	0	0	0	0.0	0.0
21	15280002	G	T	0	0	0	0	0	0	0	0	0	0	0	0.0	0.0
21	15280158	G	C	0	0	0	0	0	0	0	0	0	0	0	0.0	0.0
21	15281252	A	G	0	0	0	0	0	0	0	0	0	0	0	0.0	0.0
21	15281293	A	C	0	0	0	0	0	0	0	0	0	0	0	0.0	0.0
21	15281528	G	T	0	0	0	0	0	0	0	0	0	0	0	0.0	0.0
21	15283127	T	G	0	0	0	0	0	0	0	0	0	0	0	0.0	0.0
21	15284507	C	A	0	0	0	0	0	0	0	0	0	0	0	0.0	0.0
21	15284943	G	A	0	0	0	0	0	0	0	0	0	0	0	0.0	0.0
21	15285369	C	T	0	0	0	0	0	0	0	0	0	0	0	0.0	0.0
21	15288262	C	G	0	0	0	0	0	0	0	0	0	0	0	0.0	0.0
21	15288635	T	C	0	0	0	0	0	0	0	0	0	0	0	0.0	0.0
21	15288641	C	T	0	0	0	0	0	0	0	0	0	0	0	0.0	0.0
21	15288884	C	G	0	0	0	0	0	0	0	0	0	0	0	0.0	0.0
21	15288950	A	G	0	0	0	0	0	0	0	0	0	0	0	0.0	0.0
21	15289513	G	A	0	0	0	0	0	0	0	0	0	0	0	0.0	0.0
21	15290259	G	A	0	0	0	0	0	0	0	0	0	0	0	0.0	0.0
21	15290482	G	C	0	0	0	0	0	0	0	0	0	0	0	0.0	0.0
21	15290701	C	G	0	0	0	0	0	0	0	0	0	0	0	0.0	0.0
21	15290754	G	A	0	0	0	0	0	0	0	0	0	0	0	0.0	0.0
21	15290796	A	G	0	0	0	0	0	0	0	0	0	0	0	0.0	0.0
21	15290859	C	T	0	0	0	0	0	0	0	0	0	0	0	0.0	0.0
21	15291018	C	T	0	0	0	0	0	0	0	0	0	0	0	0.0	0.0
21	15291592	C	T	0	0	0	0	0	0	0	0	0	0	0	0.0	0.0
21	15291770	G	T	0	0	0	0	0	0	0	0	0	0	0	0.0	0.0
21	15291880	A	T	0	0	0	0	0	0	0	0	0	0	0	0.0	0.0
21	15292640	C	T	0	0	0	0	0	0	0	0	0	0	0	0.0	0.0
21	15293001	G	A	0	0	0	0	0	0	0	0	0	0	0	0.0	0.0
21	15293064	G	A	0	0	0	0	0	0	0	0	0	0	0	0.0	0.0
21	15293183	A	C	0	0	0	0	0	0	0	0	0	0	0	0.0	0.0
21	15293368	A	G	0	0	0	0	0	0	0	0	0	0	0	0.0	0.0
21	15294811	C	G	0	0	0	0	0	0	0	0	0	0	0	0.0	0.0
21	15295257	A	G	0	0	0	0	0	0	0	0	0	0	0	0.0	0.0
21	15296979	G	A	0	0	0	0	0	0	0	0	0	0	0	0.0	0.0
21	15297280	G	C	0	0	0	0	0	0	0	0	0	0	0	0.0	0.0
21	15297624	C	T	0	0	0	0	0	0	0	0	0	0	0	0.0	0.0
21	15297745	G	A	0	0	0	0	0	0	0	0	0	0	0	0.0	0.0
21	15297902	C	T	0	0	0	0	0	0	0	0	0	0	0	0.0	0.0
21	15298176	C	T	0	0	0	0	0	0	0	0	0	0	0	0.0	0.0
21	15298192	T	G	0	0	0	0	0	0	0	0	0	0	0	0.0	0.0
21	15299148	A	G	0	0	0	0	0	0	0	0	0	0	0	0.0	0.0
21	15299244	A	C	0	0	0	0	0	0	0	0	0	0	0	0.0	0.0
21	15299455	C	T	0	0	0	0	0	0	0	0	0	0	0	0.0	0.0
21	15299687	A	T	0	0	0	0	0	0	0	0	0	0	0	0.0	0.0
21	15300449	C	A	0	0	0	0	0	0	0	0	0	0	0	0.0	0.0
21	15300553	C	T	0	0	0	0	0	0	0	0	0	0	0	0.0	0.0
21	15300916	G	A	0	0	0	0	0	0	0	0	0	0	0	0.0	0.0
21	15301683	C	G	0	0	0	0	0	0	0	0	0	0	0	0.0	0.0
21	15301831	G	A	0	0	0	0	0	0	0	0	0	0	0	0.0	0.0
21	15302374	A	G	0	0	0	0	0	0	0	0	0	0	0	0.0	0.0
21	15302499	G	A	0	0	0	0	0	0	0	0	0	0	0	0.0	0.0
21	15303312	G	A	0	0	0	0	0	0	0	0	0	0	0	0.0	0.0
21	15304196	C	T	0	0	0	0	0	0	0	0	0	0	0	0.0	0.0
21	15304554	T	C	0	0	0	0	0	0	0	0	0	0	0	0.0	0.0
21	15305549	T	C	0	0	0	0	0	0	0	0	0	0	0	0.0	0.0
21	15305769	A	T	0	0	0	0	0	0	0	0	0	0	0	0.0	0.0
21	15306161	C	T	0	0	0	0	0	0	0	0	0	0	0	0.0	0.0
21	15306630	G	A	0	0	0	0	0	0	0	0	0	0	0	0.0	0.0
21	15306650	T	C	0	0	0	0	0	0	0	0	0	0	0	0.0	0.0
21	15307119	T	A	0	0	0	0	0	0	0	0	0	0	0	0.0	0.0
21	15307355	C	T	0	0	0	0	0	0	0	0	0	0	0	0.0	0.0
21	15307434	T	G	0	0	0	0	0	0	0	0	0	0	0	0.0	0.0
21	15307680	C	T	0	0	0	0	0	0	0	0	0	0	0	0.0	0.0
21	15307881	C	T	0	0	0	0	0	0	0	0	0	0	0	0.0	0.0
21	15307887	G	A	0	0	0	0	0	0	0	0	0	0	0	0.0	0.0
21	15307909	C	T	0	0	0	0	0	0	0	0	0	0	0	0.0	0.0
21	15308002	T	C	0	0	0	0	0	0	0	0	0	0	0	0.0	0.0
21	15308049	G	A	0	0	0	0	0	0	0	0	0	0	0	0.0	0.0
21	15308067	C	T	0	0	0	0	0	0	0	0	0	0	0	0.0	0.0
21	15308076	C	T	0	0	0	0	0	0	0	0	0	0	0	0.0	0.0
21	15308116	T	C	0	0	0	0	0	0	0	0	0	0	0	0.0	0.0
21	15308167	C	T	0	0	0	0	0	0	0	0	0	0	0	0.0	0.0
21	15308190	C	T	0	0	0	0	0	0	0	0	0	0	0	0.0	0.0
21	15308241	T	C	0	0	0	0	0	0	0	0	0	0	0	0.0	0.0
21	15308242	G	A	0	0	0	0	0	0	0	0	0	0	0	0.0	0.0
21	15308243	G	C	0	0	0	0	0	0	0	0	0	0	0	0.0	0.0
21	15308440	T	C	0	0	0	0	0	0	0	0	0	0	0	0.0	0.0
21	15308505	C	T	0	0	0	0	0	0	0	0	0	0	0	0.0	0.0
21	15308771	A	G	0	0	0	0	0	0	0	0	0	0	0	0.0	0.0
21	15309129	C	T	0	0	0	0	0	0	0	0	0	0	0	0.0	0.0
21	15309406	A	C	0	0	0	0	0	0	0	0	0	0	0	0.0	0.0
21	15310168	C	T	0	0	0	0	0	0	0	0	0	0	0	0.0	0.0
21	15310795	C	T	1	0	0	0	0	0	0	1	0	1	0	1.0	0.0
21	15310912	C	T	1	0	0	0	1	0	0	0	0	0	1	0.0	1.0
21	15311698	G	T	0	0	0	0	0	0	0	0	0	0	0	0.0	0.0
21	15313244	A	G	0	0	0	0	0	0	0	0	0	0	0	0.0	0.0
21	15313975	G	A	0	0	0	0	0	0	0	0	0	0	0	0.0	0.0
21	15314280	G	A	0	0	0	0	0	0	0	0	0	0	0	0.0	0.0
21	15314568	G	A	0	0	0	0	0	0	0	0	0	0	0	0.0	0.0
21	15314639	T	C	0	0	0	0	0	0	0	0	0	0	0	0.0	0.0
21	15316701	T	A	0	0	0	0	0	0	0	0	0	0	0	0.0	0.0
21	15317015	T	C	0	0	0	0	0	0	0	0	0	0	0	0.0	0.0
21	15317446	C	T	0	0	0	0	0	0	0	0	0	0	0	0.0	0.0
21	15318446	C	T	0	0	0	0	0	0	0	0	0	0	0	0.0	0.0
21	15318511	G	C	0	0	0	0	0	0	0	0	0	0	0	0.0	0.0
21	15318592	G	A	0	0	0	0	0	0	0	0	0	0	0	0.0	0.0
21	15318883	C	T	0	0	0	0	0	0	0	0	0	0	0	0.0	0.0
21	15319111	G	A	0	0	0	0	0	0	0	0	0	0	0	0.0	0.0
21	15320219	T	C	0	0	0	0	0	0	0	0	0	0	0	0.0	0.0
21	15320744	G	A	1	0	0	0	0	1	0	0	0	1	0	1.0	0.0
21	15322024	T	C	0	0	0	0	0	0	0	0	0	0	0	0.0	0.0
21	15322836	T	C	1	0	0	0	0	0	0	0	1	0	1	0.0	1.0
21	15323631	C	T	0	0	0	0	0	0	0	0	0	0	0	0.0	0.0
21	15324140	T	G	0	0	0	0	0	0	0	0	0	0	0	0.0	0.0
21	15325107	C	T	0	0	0	0	0	0	0	0	0	0	0	0.0	0.0
21	15325615	A	C	0	0	0	0	0	0	0	0	0	0	0	0.0	0.0
21	15326405	C	T	0	0	0	0	0	0	0	0	0	0	0	0.0	0.0
21	15326894	C	A	0	0	0	0	0	0	0	0	0	0	0	0.0	0.0
21	15327140	G	C	0	0	0	0	0	0	0	0	0	0	0	0.0	0.0
21	15327980	T	C	0	0	0	0	0	0	0	0	0	0	0	0.0	0.0
21	15328230	G	A	0	0	0	0	0	0	0	0	0	0	0	0.0	0.0
21	15328333	T	C	0	0	0	0	0	0	0	0	0	0	0	0.0	0.0
21	15328990	T	C	0	0	0	0	0	0	0	0	0	0	0	0.0	0.0
21	15329640	C	T	0	0	0	0	0	0	0	0	0	0	0	0.0	0.0
21	15330613	G	C	0	0	0	0	0	0	0	0	0	0	0	0.0	0.0
21	15330957	A	T	0	0	0	0	0	0	0	0	0	0	0	0.0	0.0
21	15331425	A	C	0	0	0	0	0	0	0	0	0	0	0	0.0	0.0
21	15331478	C	A	0	0	0	0	0	0	0	0	0	0	0	0.0	0.0
21	15333028	G	A	0	0	0	0	0	0	0	0	0	0	0	0.0	0.0
21	15333401	G	T	0	0	0	0	0	0	0	0	0	0	0	0.0	0.0
21	15335070	C	T	0	0	0	0	0	0	0	0	0	0	0	0.0	0.0
21	15335320	A	C	0	0	0	0	0	0	0	0	0	0	0	0.0	0.0
21	15336419	T	G	0	0	0	0	0	0	0	0	0	0	0	0.0	0.0
21	15336453	G	A	0	0	0	0	0	0	0	0	0	0	0	0.0	0.0
21	15336621	A	G	0	0	0	0	0	0	0	0	0	0	0	0.0	0.0
21	15336787	T	G	0	0	0	0	0	0	0	0	0	0	0	0.0	0.0
21	15338899	C	T	0	0	0	0	0	0	0	0	0	0	0	0.0	0.0
21	15340098	G	T	0	0	0	0	0	0	0	0	0	0	0	0.0	0.0
21	15341801	G	A	0	0	0	0	0	0	0	0	0	0	0	0.0	0.0
21	15341999	G	T	0	0	0	0	0	0	0	0	0	0	0	0.0	0.0
21	15345174	T	C	0	0	0	0	0	0	0	0	0	0	0	0.0	0.0
21	15346198	T	G	0	0	0	0	0	0	0	0	0	0	0	0.0	0.0
21	15348461	G	A	0	0	0	0	0	0	0	0	0	0	0	0.0	0.0
21	15359687	C	A	0	0	0	0	0	0	0	0	0	0	0	0.0	0.0
21	15375507	A	G	0	0	0	0	0	0	0	0	0	0	0	0.0	0.0
21	15386482	T	A	0	0	0	0	0	0	0	0	0	0	0	0.0	0.0
21	15386826	G	A	0	0	0	0	0	0	0	0	0	0	0	0.0	0.0
21	15386835	C	T	0	0	0	0	0	0	0	0	0	0	0	0.0	0.0
21	15387105	T	C	0	0	0	0	0	0	0	0	0	0	0	0.0	0.0
21	15387106	A	G	0	0	0	0	0	0	0	0	0	0	0	0.0	0.0
21	15387787	T	G	0	0	0	0	0	0	0	0	0	0	0	0.0	0.0
21	15389721	G	A	0	0	0	0	0	0	0	0	0	0	0	0.0	0.0
21	15390183	G	A	0	0	0	0	0	0	0	0	0	0	0	0.0	0.0
21	15391597	A	G	0	0	0	0	0	0	0	0	0	0	0	0.0	0.0
21	15393143	C	T	0	0	0	0	0	0	0	0	0	0	0	0.0	0.0
21	15393965	A	C	0	0	0	0	0	0	0	0	0	0	0	0.0	0.0
21	15394771	G	C	0	0	0	0	0	0	0	0	0	0	0	0.0	0.0
21	15395927	A	G	0	0	0	0	0	0	0	0	0	0	0	0.0	0.0
21	15397636	C	T	0	0	0	0	0	0	0	0	0	0	0	0.0	0.0
21	15400618	C	T	0	0	0	0	0	0	0	0	0	0	0	0.0	0.0
21	15400796	G	C	0	0	0	0	0	0	0	0	0	0	0	0.0	0.0
21	15401034	T	G	0	0	0	0	0	0	0	0	0	0	0	0.0	0.0
21	15401698	T	C	0	0	0	0	0	0	0	0	0	0	0	0.0	0.0
21	15405648	A	G	0	0	0	0	0	0	0	0	0	0	0	0.0	0.0
21	15406363	C	T	0	0	0	0	0	0	0	0	0	0	0	0.0	0.0
21	15406669	A	G	0	0	0	0	0	0	0	0	0	0	0	0.0	0.0
21	15408924	A	T	1	0	0	1	0	0	0	0	0	0	1	0.0	1.0
21	15409400	T	C	0	0	0	0	0	0	0	0	0	0	0	0.0	0.0
21	15412891	A	G	0	0	0	0	0	0	0	0	0	0	0	0.0	0.0
21	15413315	T	C	0	0	0	0	0	0	0	0	0	0	0	0.0	0.0
21	15413317	C	T	0	0	0	0	0	0	0	0	0	0	0	0.0	0.0
21	15417558	C	T	0	0	0	0	0	0	0	0	0	0	0	0.0	0.0
21	15422179	C	T	0	0	0	0	0	0	0	0	0	0	0	0.0	0.0
21	15422182	G	C	0	0	0	0	0	0	0	0	0	0	0	0.0	0.0
21	15423382	A	G	0	0	0	0	0	0	0	0	0	0	0	0.0	0.0
21	15423572	C	T	0	0	0	0	0	0	0	0	0	0	0	0.0	0.0
21	15423628	G	T	0	0	0	0	0	0	0	0	0	0	0	0.0	0.0
21	15424368	A	T	0	0	0	0	0	0	0	0	0	0	0	0.0	0.0
21	15425421	C	T	0	0	0	0	0	0	0	0	0	0	0	0.0	0.0
21	15426293	T	C	0	0	0	0	0	0	0	0	0	0	0	0.0	0.0
21	15427378	C	G	0	0	0	0	0	0	0	0	0	0	0	0.0	0.0
21	15428168	T	G	0	0	0	0	0	0	0	0	0	0	0	0.0	0.0
21	15428362	A	G	0	0	0	0	0	0	0	0	0	0	0	0.0	0.0
21	15430004	G	A	0	0	0	0	0	0	0	0	0	0	0	0.0	0.0
21	15430711	G	A	0	0	0	0	0	0	0	0	0	0	0	0.0	0.0
21	15433590	T	C	0	0	0	0	0	0	0	0	0	0	0	0.0	0.0
21	15435364	C	A	0	0	0	0	0	0	0	0	0	0	0	0.0	0.0
21	15435531	A	G	0	0	0	0	0	0	0	0	0	0	0	0.0	0.0
21	15436308	G	A	0	0	0	0	0	0	0	0	0	0	0	0.0	0.0
21	15436365	G	A	0	0	0	0	0	0	0	0	0	0	0	0.0	0.0
21	15436605	C	T	0	0	0	0	0	0	0	0	0	0	0	0.0	0.0
21	15436681	G	C	0	0	0	0	0	0	0	0	0	0	0	0.0	0.0
21	15436741	C	T	0	0	0	0	0	0	0	0	0	0	0	0.0	0.0
21	15438817	T	C	0	0	0	0	0	0	0	0	0	0	0	0.0	0.0
21	15439452	G	A	0	0	0	0	0	0	0	0	0	0	0	0.0	0.0
21	15442014	T	A	0	0	0	0	0	0	0	0	0	0	0	0.0	0.0
21	15442017	T	A	0	0	0	0	0	0	0	0	0	0	0	0.0	0.0
21	15442979	G	A	0	0	0	0	0	0	0	0	0	0	0	0.0	0.0
21	15442980	C	G	0	0	0	0	0	0	0	0	0	0	0	0.0	0.0
21	15443411	C	A	0	0	0	0	0	0	0	0	0	0	0	0.0	0.0
21	15443575	G	A	0	0	0	0	0	0	0	0	0	0	0	0.0	0.0
21	15443935	G	A	0	0	0	0	0	0	0	0	0	0	0	0.0	0.0
21	15445468	A	G	0	0	0	0	0	0	0	0	0	0	0	0.0	0.0
21	15445694	A	G	0	0	0	0	0	0	0	0	0	0	0	0.0	0.0
21	15447659	T	C	0	0	0	0	0	0	0	0	0	0	0	0.0	0.0
21	15448297	C	T	0	0	0	0	0	0	0	0	0	0	0	0.0	0.0
21	15448818	G	A	0	0	0	0	0	0	0	0	0	0	0	0.0	0.0
21	15450157	G	A	0	0	0	0	0	0	0	0	0	0	0	0.0	0.0
21	15450723	T	C	0	0	0	0	0	0	0	0	0	0	0	0.0	0.0
21	15452496	A	G	0	0	0	0	0	0	0	0	0	0	0	0.0	0.0
21	15452975	G	C	0	0	0	0	0	0	0	0	0	0	0	0.0	0.0
21	15452985	G	C	0	0	0	0	0	0	0	0	0	0	0	0.0	0.0
21	15454755	C	T	0	0	0	0	0	0	0	0	0	0	0	0.0	0.0
21	15456861	A	G	0	0	0	0	0	0	0	0	0	0	0	0.0	0.0
21	15459368	C	T	0	0	0	0	0	0	0	0	0	0	0	0.0	0.0
21	15466408	A	T	0	0	0	0	0	0	0	0	0	0	0	0.0	0.0
21	15475923	C	T	0	0	0	0	0	0	0	0	0	0	0	0.0	0.0
21	15500510	G	A	0	0	0	0	0	0	0	0	0	0	0	0.0	0.0
21	15511641	C	T	0	0	0	0	0	0	0	0	0	0	0	0.0	0.0
21	15520820	T	C	0	0	0	0	0	0	0	0	0	0	0	0.0	0.0
21	15530959	T	G	0	0	0	0	0	0	0	0	0	0	0	0.0	0.0
21	15531843	A	T	0	0	0	0	0	0	0	0	0	0	0	0.0	0.0
21	15532111	T	G	0	0	0	0	0	0	0	0	0	0	0	0.0	0.0
21	15532480	T	C	0	0	0	0	0	0	0	0	0	0	0	0.0	0.0
21	15532482	G	A	0	0	0	0	0	0	0	0	0	0	0	0.0	0.0
21	15534511	C	A	0	0	0	0	0	0	0	0	0	0	0	0.0	0.0
21	15536548	T	C	0	0	0	0	0	0	0	0	0	0	0	0.0	0.0
21	15536617	C	G	0	0	0	0	0	0	0	0	0	0	0	0.0	0.0
21	15539181	C	T	0	0	0	0	0	0	0	0	0	0	0	0.0	0.0
21	15539315	G	A	0	0	0	0	0	0	0	0	0	0	0	0.0	0.0
21	15539698	C	G	0	0	0	0	0	0	0	0	0	0	0	0.0	0.0
21	15539728	C	A	0	0	0	0	0	0	0	0	0	0	0	0.0	0.0
21	15539817	G	A	0	0	0	0	0	0	0	0	0	0	0	0.0	0.0
21	15540237	C	T	0	0	0	0	0	0	0	0	0	0	0	0.0	0.0
21	15540836	C	T	0	0	0	0	0	0	0	0	0	0	0	0.0	0.0
21	15541354	G	T	0	0	0	0	0	0	0	0	0	0	0	0.0	0.0
21	15542619	G	A	0	0	0	0	0	0	0	0	0	0	0	0.0	0.0
21	15542804	G	A	0	0	0	0	0	0	0	0	0	0	0	0.0	0.0
21	15544447	T	A	0	0	0	0	0	0	0	0	0	0	0	0.0	0.0
21	15545051	G	T	0	0	0	0	0	0	0	0	0	0	0	0.0	0.0
21	15545240	C	T	0	0	0	0	0	0	0	0	0	0	0	0.0	0.0
21	15545350	G	T	0	0	0	0	0	0	0	0	0	0	0	0.0	0.0
21	15546346	G	T	0	0	0	0	0	0	0	0	0	0	0	0.0	0.0
21	15546914	G	A	0	0	0	0	0	0	0	0	0	0	0	0.0	0.0
21	15548282	A	G	0	0	0	0	0	0	0	0	0	0	0	0.0	0.0
21	15548739	C	T	0	0	0	0	0	0	0	0	0	0	0	0.0	0.0
21	15549527	T	C	0	0	0	0	0	0	0	0	0	0	0	0.0	0.0
21	15552389	T	C	1	0	0	1	0	0	0	0	0	1	0	1.0	0.0
21	15552393	C	T	1	0	0	0	0	0	0	1	0	1	0	1.0	0.0
21	15552721	T	C	0	0	0	0	0	0	0	0	0	0	0	0.0	0.0
21	15553090	G	A	0	0	0	0	0	0	0	0	0	0	0	0.0	0.0
21	15553112	T	G	0	0	0	0	0	0	0	0	0	0	0	0.0	0.0
21	15553529	T	C	0	0	0	0	0	0	0	0	0	0	0	0.0	0.0
21	15553718	G	A	0	0	0	0	0	0	0	0	0	0	0	0.0	0.0
21	15554030	T	C	1	0	0	1	0	0	0	0	0	1	0	1.0	0.0
21	15555181	C	T	0	0	0	0	0	0	0	0	0	0	0	0.0	0.0
21	15555553	C	T	0	0	0	0	0	0	0	0	0	0	0	0.0	0.0
21	15555982	T	C	0	0	0	0	0	0	0	0	0	0	0	0.0	0.0
21	15556145	C	T	0	0	0	0	0	0	0	0	0	0	0	0.0	0.0
21	15556818	A	T	0	0	0	0	0	0	0	0	0	0	0	0.0	0.0
21	15557912	A	C	0	0	0	0	0	0	0	0	0	0	0	0.0	0.0
21	15559170	C	T	0	0	0	0	0	0	0	0	0	0	0	0.0	0.0
21	15559454	C	T	0	0	0	0	0	0	0	0	0	0	0	0.0	0.0
21	15560160	G	T	0	0	0	0	0	0	0	0	0	0	0	0.0	0.0
21	15560880	A	C	0	0	0	0	0	0	0	0	0	0	0	0.0	0.0
21	15563158	A	C	0	0	0	0	0	0	0	0	0	0	0	0.0	0.0
21	15563782	T	C	1	0	0	0	0	0	0	1	0	0	1	0.0	1.0
21	15566986	T	C	0	0	0	0	0	0	0	0	0	0	0	0.0	0.0
21	15567892	A	G	0	0	0	0	0	0	0	0	0	0	0	0.0	0.0
21	15568464	G	T	0	0	0	0	0	0	0	0	0	0	0	0.0	0.0
21	15569032	G	A	0	0	0	0	0	0	0	0	0	0	0	0.0	0.0
21	15569843	C	A	0	0	0	0	0	0	0	0	0	0	0	0.0	0.0
21	15569850	G	C	0	0	0	0	0	0	0	0	0	0	0	0.0	0.0
21	15570855	T	C	0	0	0	0	0	0	0	0	0	0	0	0.0	0.0
21	15571183	A	C	0	0	0	0	0	0	0	0	0	0	0	0.0	0.0
21	15571961	C	G	0	0	0	0	0	0	0	0	0	0	0	0.0	0.0
21	15573512	A	G	0	0	0	0	0	0	0	0	0	0	0	0.0	0.0
21	15574379	G	C	0	0	0	0	0	0	0	0	0	0	0	0.0	0.0
21	15574724	G	A	0	0	0	0	0	0	0	0	0	0	0	0.0	0.0
21	15575145	C	T	0	0	0	0	0	0	0	0	0	0	0	0.0	0.0
21	15575194	A	T	0	0	0	0	0	0	0	0	0	0	0	0.0	0.0
21	15575709	C	T	0	0	0	0	0	0	0	0	0	0	0	0.0	0.0
21	15576264	G	A	0	0	0	0	0	0	0	0	0	0	0	0.0	0.0
21	15577844	C	A	0	0	0	0	0	0	0	0	0	0	0	0.0	0.0
21	15588213	A	C	0	0	0	0	0	0	0	0	0	0	0	0.0	0.0
21	15592789	A	G	0	0	0	0	0	0	0	0	0	0	0	0.0	0.0
21	15596381	T	A	0	0	0	0	0	0	0	0	0	0	0	0.0	0.0
21	15599142	A	G	0	0	0	0	0	0	0	0	0	0	0	0.0	0.0
21	15599144	T	C	0	0	0	0	0	0	0	0	0	0	0	0.0	0.0
21	15599766	G	A	0	0	0	0	0	0	0	0	0	0	0	0.0	0.0
21	15599848	C	T	0	0	0	0	0	0	0	0	0	0	0	0.0	0.0
21	15599963	A	G	0	0	0	0	0	0	0	0	0	0	0	0.0	0.0
21	15600600	T	C	0	0	0	0	0	0	0	0	0	0	0	0.0	0.0
21	15600834	C	A	0	0	0	0	0	0	0	0	0	0	0	0.0	0.0
21	15601134	G	A	0	0	0	0	0	0	0	0	0	0	0	0.0	0.0
21	15601163	A	G	0	0	0	0	0	0	0	0	0	0	0	0.0	0.0
21	15601205	G	A	0	0	0	0	0	0	0	0	0	0	0	0.0	0.0
21	15601451	C	T	0	0	0	0	0	0	0	0	0	0	0	0.0	0.0
21	15601464	C	G	0	0	0	0	0	0	0	0	0	0	0	0.0	0.0
21	15601495	C	G	0	0	0	0	0	0	0	0	0	0	0	0.0	0.0
21	15601624	T	C	0	0	0	0	0	0	0	0	0	0	0	0.0	0.0
21	15601628	A	C	0	0	0	0	0	0	0	0	0	0	0	0.0	0.0
21	15601631	G	T	0	0	0	0	0	0	0	0	0	0	0	0.0	0.0
21	15601963	T	C	0	0	0	0	0	0	0	0	0	0	0	0.0	0.0
21	15602143	G	A	0	0	0	0	0	0	0	0	0	0	0	0.0	0.0
21	15602446	G	A	0	0	0	0	0	0	0	0	0	0	0	0.0	0.0
21	15602499	C	G	0	0	0	0	0	0	0	0	0	0	0	0.0	0.0
21	15602595	A	G	0	0	0	0	0	0	0	0	0	0	0	0.0	0.0
21	15602835	T	C	0	0	0	0	0	0	0	0	0	0	0	0.0	0.0
21	15602984	G	A	0	0	0	0	0	0	0	0	0	0	0	0.0	0.0
21	15602997	T	G	0	0	0	0	0	0	0	0	0	0	0	0.0	0.0
21	15603067	T	G	0	0	0	0	0	0	0	0	0	0	0	0.0	0.0
21	15603340	G	A	0	0	0	0	0	0	0	0	0	0	0	0.0	0.0
21	15603469	G	C	0	0	0	0	0	0	0	0	0	0	0	0.0	0.0
21	15603568	G	A	0	0	0	0	0	0	0	0	0	0	0	0.0	0.0
21	15603589	C	T	0	0	0	0	0	0	0	0	0	0	0	0.0	0.0
21	15603711	C	T	0	0	0	0	0	0	0	0	0	0	0	0.0	0.0
21	15603790	C	T	0	0	0	0	0	0	0	0	0	0	0	0.0	0.0
21	15603980	T	C	0	0	0	0	0	0	0	0	0	0	0	0.0	0.0
21	15604063	T	A	0	0	0	0	0	0	0	0	0	0	0	0.0	0.0
21	15604070	G	C	0	0	0	0	0	0	0	0	0	0	0	0.0	0.0
21	15604159	T	G	0	0	0	0	0	0	0	0	0	0	0	0.0	0.0
21	15604204	A	T	0	0	0	0	0	0	0	0	0	0	0	0.0	0.0
21	15604227	C	T	0	0	0	0	0	0	0	0	0	0	0	0.0	0.0
21	15604229	G	A	0	0	0	0	0	0	0	0	0	0	0	0.0	0.0
21	15604612	G	A	0	0	0	0	0	0	0	0	0	0	0	0.0	0.0
21	15604775	A	T	0	0	0	0	0	0	0	0	0	0	0	0.0	0.0
21	15604945	G	T	0	0	0	0	0	0	0	0	0	0	0	0.0	0.0
21	15605002	C	T	0	0	0	0	0	0	0	0	0	0	0	0.0	0.0
21	15605165	T	C	0	0	0	0	0	0	0	0	0	0	0	0.0	0.0
21	15605242	C	T	0	0	0	0	0	0	0	0	0	0	0	0.0	0.0
21	15605270	G	A	0	0	0	0	0	0	0	0	0	0	0	0.0	0.0
21	15605312	A	C	0	0	0	0	0	0	0	0	0	0	0	0.0	0.0
21	15605369	C	T	0	0	0	0	0	0	0	0	0	0	0	0.0	0.0
21	15605387	G	A	0	0	0	0	0	0	0	0	0	0	0	0.0	0.0
21	15605587	T	C	0	0	0	0	0	0	0	0	0	0	0	0.0	0.0
21	15605628	T	A	0	0	0	0	0	0	0	0	0	0	0	0.0	0.0
21	15605743	C	A	0	0	0	0	0	0	0	0	0	0	0	0.0	0.0
21	15605856	C	T	0	0	0	0	0	0	0	0	0	0	0	0.0	0.0
21	15605882	G	A	0	0	0	0	0	0	0	0	0	0	0	0.0	0.0
21	15606128	C	A	0	0	0	0	0	0	0	0	0	0	0	0.0	0.0
21	15606273	T	C	0	0	0	0	0	0	0	0	0	0	0	0.0	0.0
21	15606354	T	G	0	0	0	0	0	0	0	0	0	0	0	0.0	0.0
21	15606626	G	A	0	0	0	0	0	0	0	0	0	0	0	0.0	0.0
21	15606687	G	T	0	0	0	0	0	0	0	0	0	0	0	0.0	0.0
21	15606757	A	G	0	0	0	0	0	0	0	0	0	0	0	0.0	0.0
21	15606959	G	A	0	0	0	0	0	0	0	0	0	0	0	0.0	0.0
21	15607071	A	G	0	0	0	0	0	0	0	0	0	0	0	0.0	0.0
21	15607621	C	T	0	0	0	0	0	0	0	0	0	0	0	0.0	0.0
21	15607662	C	A	0	0	0	0	0	0	0	0	0	0	0	0.0	0.0
21	15607834	T	C	0	0	0	0	0	0	0	0	0	0	0	0.0	0.0
21	15607877	A	G	0	0	0	0	0	0	0	0	0	0	0	0.0	0.0
21	15608012	T	C	0	0	0	0	0	0	0	0	0	0	0	0.0	0.0
21	15608031	A	G	0	0	0	0	0	0	0	0	0	0	0	0.0	0.0
21	15608048	G	T	0	0	0	0	0	0	0	0	0	0	0	0.0	0.0
21	15608270	A	G	0	0	0	0	0	0	0	0	0	0	0	0.0	0.0
21	15608558	A	T	0	0	0	0	0	0	0	0	0	0	0	0.0	0.0
21	15608838	C	T	0	0	0	0	0	0	0	0	0	0	0	0.0	0.0
21	15609055	A	G	0	0	0	0	0	0	0	0	0	0	0	0.0	0.0
21	15609286	C	G	0	0	0	0	0	0	0	0	0	0	0	0.0	0.0
21	15609346	C	T	0	0	0	0	0	0	0	0	0	0	0	0.0	0.0
21	15609493	G	C	0	0	0	0	0	0	0	0	0	0	0	0.0	0.0
21	15609494	G	T	0	0	0	0	0	0	0	0	0	0	0	0.0	0.0
21	15609813	A	T	0	0	0	0	0	0	0	0	0	0	0	0.0	0.0
21	15610083	T	C	0	0	0	0	0	0	0	0	0	0	0	0.0	0.0
21	15610109	A	G	0	0	0	0	0	0	0	0	0	0	0	0.0	0.0
21	15610716	T	C	0	0	0	0	0	0	0	0	0	0	0	0.0	0.0
21	15610743	T	A	0	0	0	0	0	0	0	0	0	0	0	0.0	0.0
21	15610746	A	G	0	0	0	0	0	0	0	0	0	0	0	0.0	0.0
21	15610798	A	G	0	0	0	0	0	0	0	0	0	0	0	0.0	0.0
21	15610875	G	A	0	0	0	0	0	0	0	0	0	0	0	0.0	0.0
21	15611033	T	C	0	0	0	0	0	0	0	0	0	0	0	0.0	0.0
21	15611048	A	G	0	0	0	0	0	0	0	0	0	0	0	0.0	0.0
21	15611163	T	C	0	0	0	0	0	0	0	0	0	0	0	0.0	0.0
21	15611216	T	C	0	0	0	0	0	0	0	0	0	0	0	0.0	0.0
21	15611413	C	T	0	0	0	0	0	0	0	0	0	0	0	0.0	0.0
21	15611538	A	C	0	0	0	0	0	0	0	0	0	0	0	0.0	0.0
21	15611566	A	G	0	0	0	0	0	0	0	0	0	0	0	0.0	0.0
21	15611799	T	C	0	0	0	0	0	0	0	0	0	0	0	0.0	0.0
21	15612089	A	C	0	0	0	0	0	0	0	0	0	0	0	0.0	0.0
21	15612320	G	C	0	0	0	0	0	0	0	0	0	0	0	0.0	0.0
21	15612450	C	A	0	0	0	0	0	0	0	0	0	0	0	0.0	0.0
21	15612457	C	T	0	0	0	0	0	0	0	0	0	0	0	0.0	0.0
21	15612462	G	A	0	0	0	0	0	0	0	0	0	0	0	0.0	0.0
21	15612484	C	T	0	0	0	0	0	0	0	0	0	0	0	0.0	0.0
21	15612539	C	A	0	0	0	0	0	0	0	0	0	0	0	0.0	0.0
21	15612607	T	G	0	0	0	0	0	0	0	0	0	0	0	0.0	0.0
21	15612764	A	G	0	0	0	0	0	0	0	0	0	0	0	0.0	0.0
21	15612898	C	T	0	0	0	0	0	0	0	0	0	0	0	0.0	0.0
21	15613106	T	C	0	0	0	0	0	0	0	0	0	0	0	0.0	0.0
21	15613159	G	A	0	0	0	0	0	0	0	0	0	0	0	0.0	0.0
21	15613199	T	A	0	0	0	0	0	0	0	0	0	0	0	0.0	0.0
21	15613240	G	A	0	0	0	0	0	0	0	0	0	0	0	0.0	0.0
21	15613391	G	A	0	0	0	0	0	0	0	0	0	0	0	0.0	0.0
21	15613701	C	T	0	0	0	0	0	0	0	0	0	0	0	0.0	0.0
21	15613760	C	T	0	0	0	0	0	0	0	0	0	0	0	0.0	0.0
21	15613779	C	T	0	0	0	0	0	0	0	0	0	0	0	0.0	0.0
21	15613808	C	A	0	0	0	0	0	0	0	0	0	0	0	0.0	0.0
21	15613845	G	A	0	0	0	0	0	0	0	0	0	0	0	0.0	0.0
21	15613985	G	A	1	1	0	0	0	0	0	0	0	0	1	0.0	1.0
21	15614759	G	A	0	0	0	0	0	0	0	0	0	0	0	0.0	0.0
21	15615220	A	C	0	0	0	0	0	0	0	0	0	0	0	0.0	0.0
21	15615375	A	C	0	0	0	0	0	0	0	0	0	0	0	0.0	0.0
21	15615376	G	A	0	0	0	0	0	0	0	0	0	0	0	0.0	0.0
