#Chr	Pos	Ref	Alt	Depth	A	a	T	t	G	g	C	c	ref_depth	alt_depth	ref_freq	alt_freq
10	69123	G	A	0	0	0	0	0	0	0	0	0	0	0	0.0	0.0
10	92981	C	T	0	0	0	0	0	0	0	0	0	0	0	0.0	0.0
10	112540	G	A	0	0	0	0	0	0	0	0	0	0	0	0.0	0.0
10	119374	G	C	0	0	0	0	0	0	0	0	0	0	0	0.0	0.0
10	150922	C	T	0	0	0	0	0	0	0	0	0	0	0	0.0	0.0
10	151518	C	T	0	0	0	0	0	0	0	0	0	0	0	0.0	0.0
10	177393	C	T	0	0	0	0	0	0	0	0	0	0	0	0.0	0.0
10	178434	T	G	0	0	0	0	0	0	0	0	0	0	0	0.0	0.0
10	183151	T	C	0	0	0	0	0	0	0	0	0	0	0	0.0	0.0
10	185732	A	G	0	0	0	0	0	0	0	0	0	0	0	0.0	0.0
10	186795	A	G	0	0	0	0	0	0	0	0	0	0	0	0.0	0.0
10	187565	T	C	0	0	0	0	0	0	0	0	0	0	0	0.0	0.0
10	196338	G	A	0	0	0	0	0	0	0	0	0	0	0	0.0	0.0
10	198028	C	G	0	0	0	0	0	0	0	0	0	0	0	0.0	0.0
10	217623	T	G	0	0	0	0	0	0	0	0	0	0	0	0.0	0.0
10	254990	T	G	0	0	0	0	0	0	0	0	0	0	0	0.0	0.0
10	268264	C	T	0	0	0	0	0	0	0	0	0	0	0	0.0	0.0
10	279949	C	T	0	0	0	0	0	0	0	0	0	0	0	0.0	0.0
10	282211	T	C	0	0	0	0	0	0	0	0	0	0	0	0.0	0.0
10	291999	G	A	0	0	0	0	0	0	0	0	0	0	0	0.0	0.0
10	292927	C	A	0	0	0	0	0	0	0	0	0	0	0	0.0	0.0
10	325126	C	T	0	0	0	0	0	0	0	0	0	0	0	0.0	0.0
10	325134	C	T	0	0	0	0	0	0	0	0	0	0	0	0.0	0.0
10	325841	G	T	0	0	0	0	0	0	0	0	0	0	0	0.0	0.0
10	326894	T	C	0	0	0	0	0	0	0	0	0	0	0	0.0	0.0
10	328755	C	T	0	0	0	0	0	0	0	0	0	0	0	0.0	0.0
10	341296	T	C	0	0	0	0	0	0	0	0	0	0	0	0.0	0.0
10	346300	G	A	0	0	0	0	0	0	0	0	0	0	0	0.0	0.0
10	346556	C	T	0	0	0	0	0	0	0	0	0	0	0	0.0	0.0
10	347054	C	T	0	0	0	0	0	0	0	0	0	0	0	0.0	0.0
10	348775	G	C	0	0	0	0	0	0	0	0	0	0	0	0.0	0.0
10	353306	G	A	0	0	0	0	0	0	0	0	0	0	0	0.0	0.0
10	354301	C	T	1	0	0	0	1	0	0	0	0	0	1	0.0	1.0
10	363275	C	G	0	0	0	0	0	0	0	0	0	0	0	0.0	0.0
10	363767	G	A	0	0	0	0	0	0	0	0	0	0	0	0.0	0.0
10	419916	G	C	0	0	0	0	0	0	0	0	0	0	0	0.0	0.0
10	424157	G	A	0	0	0	0	0	0	0	0	0	0	0	0.0	0.0
10	432608	G	A	0	0	0	0	0	0	0	0	0	0	0	0.0	0.0
10	462298	A	G	0	0	0	0	0	0	0	0	0	0	0	0.0	0.0
10	464319	G	A	0	0	0	0	0	0	0	0	0	0	0	0.0	0.0
10	481498	C	T	0	0	0	0	0	0	0	0	0	0	0	0.0	0.0
10	539276	G	A	0	0	0	0	0	0	0	0	0	0	0	0.0	0.0
10	539316	C	T	0	0	0	0	0	0	0	0	0	0	0	0.0	0.0
10	542125	A	G	0	0	0	0	0	0	0	0	0	0	0	0.0	0.0
10	548362	A	C	0	0	0	0	0	0	0	0	0	0	0	0.0	0.0
10	594414	G	A	0	0	0	0	0	0	0	0	0	0	0	0.0	0.0
10	597220	G	A	0	0	0	0	0	0	0	0	0	0	0	0.0	0.0
10	600270	G	A	0	0	0	0	0	0	0	0	0	0	0	0.0	0.0
10	650100	C	A	0	0	0	0	0	0	0	0	0	0	0	0.0	0.0
10	666252	C	T	0	0	0	0	0	0	0	0	0	0	0	0.0	0.0
10	693239	C	T	0	0	0	0	0	0	0	0	0	0	0	0.0	0.0
10	694985	C	T	0	0	0	0	0	0	0	0	0	0	0	0.0	0.0
10	751998	T	C	0	0	0	0	0	0	0	0	0	0	0	0.0	0.0
10	752014	C	T	0	0	0	0	0	0	0	0	0	0	0	0.0	0.0
10	752398	G	C	0	0	0	0	0	0	0	0	0	0	0	0.0	0.0
10	752838	G	A	0	0	0	0	0	0	0	0	0	0	0	0.0	0.0
10	754033	C	A	0	0	0	0	0	0	0	0	0	0	0	0.0	0.0
10	756187	T	C	0	0	0	0	0	0	0	0	0	0	0	0.0	0.0
10	756996	C	A	0	0	0	0	0	0	0	0	0	0	0	0.0	0.0
10	757757	C	T	0	0	0	0	0	0	0	0	0	0	0	0.0	0.0
10	758971	G	T	0	0	0	0	0	0	0	0	0	0	0	0.0	0.0
10	759536	T	C	0	0	0	0	0	0	0	0	0	0	0	0.0	0.0
10	760584	C	T	0	0	0	0	0	0	0	0	0	0	0	0.0	0.0
10	764678	A	G	0	0	0	0	0	0	0	0	0	0	0	0.0	0.0
10	765295	G	A	0	0	0	0	0	0	0	0	0	0	0	0.0	0.0
10	766006	C	T	0	0	0	0	0	0	0	0	0	0	0	0.0	0.0
10	766105	T	C	0	0	0	0	0	0	0	0	0	0	0	0.0	0.0
10	766107	T	G	0	0	0	0	0	0	0	0	0	0	0	0.0	0.0
10	766378	C	T	0	0	0	0	0	0	0	0	0	0	0	0.0	0.0
10	766459	G	A	0	0	0	0	0	0	0	0	0	0	0	0.0	0.0
10	766909	G	A	0	0	0	0	0	0	0	0	0	0	0	0.0	0.0
10	767736	G	A	0	0	0	0	0	0	0	0	0	0	0	0.0	0.0
10	768126	T	C	0	0	0	0	0	0	0	0	0	0	0	0.0	0.0
10	768725	G	A	0	0	0	0	0	0	0	0	0	0	0	0.0	0.0
10	768991	C	G	0	0	0	0	0	0	0	0	0	0	0	0.0	0.0
10	769137	C	T	0	0	0	0	0	0	0	0	0	0	0	0.0	0.0
10	769998	G	A	0	0	0	0	0	0	0	0	0	0	0	0.0	0.0
10	771769	C	A	0	0	0	0	0	0	0	0	0	0	0	0.0	0.0
10	772621	G	A	0	0	0	0	0	0	0	0	0	0	0	0.0	0.0
10	775265	A	G	0	0	0	0	0	0	0	0	0	0	0	0.0	0.0
10	775308	G	A	0	0	0	0	0	0	0	0	0	0	0	0.0	0.0
10	775344	C	T	0	0	0	0	0	0	0	0	0	0	0	0.0	0.0
10	775824	T	C	0	0	0	0	0	0	0	0	0	0	0	0.0	0.0
10	775941	A	C	0	0	0	0	0	0	0	0	0	0	0	0.0	0.0
10	776027	C	T	0	0	0	0	0	0	0	0	0	0	0	0.0	0.0
10	776066	A	T	0	0	0	0	0	0	0	0	0	0	0	0.0	0.0
10	776150	A	G	0	0	0	0	0	0	0	0	0	0	0	0.0	0.0
10	776394	G	A	0	0	0	0	0	0	0	0	0	0	0	0.0	0.0
10	776557	T	C	0	0	0	0	0	0	0	0	0	0	0	0.0	0.0
10	776674	C	G	0	0	0	0	0	0	0	0	0	0	0	0.0	0.0
10	777140	A	T	0	0	0	0	0	0	0	0	0	0	0	0.0	0.0
10	777149	A	C	0	0	0	0	0	0	0	0	0	0	0	0.0	0.0
10	777198	T	C	0	0	0	0	0	0	0	0	0	0	0	0.0	0.0
10	777212	A	C	0	0	0	0	0	0	0	0	0	0	0	0.0	0.0
10	777500	C	T	0	0	0	0	0	0	0	0	0	0	0	0.0	0.0
10	777961	A	G	0	0	0	0	0	0	0	0	0	0	0	0.0	0.0
10	778091	C	T	0	0	0	0	0	0	0	0	0	0	0	0.0	0.0
10	778233	G	A	0	0	0	0	0	0	0	0	0	0	0	0.0	0.0
10	778278	G	A	0	0	0	0	0	0	0	0	0	0	0	0.0	0.0
10	778318	A	G	0	0	0	0	0	0	0	0	0	0	0	0.0	0.0
10	778949	G	A	0	0	0	0	0	0	0	0	0	0	0	0.0	0.0
10	779435	A	G	0	0	0	0	0	0	0	0	0	0	0	0.0	0.0
10	779749	C	G	0	0	0	0	0	0	0	0	0	0	0	0.0	0.0
10	780125	G	A	0	0	0	0	0	0	0	0	0	0	0	0.0	0.0
10	781002	C	G	0	0	0	0	0	0	0	0	0	0	0	0.0	0.0
10	781124	C	T	0	0	0	0	0	0	0	0	0	0	0	0.0	0.0
10	784700	G	T	0	0	0	0	0	0	0	0	0	0	0	0.0	0.0
10	785157	T	C	0	0	0	0	0	0	0	0	0	0	0	0.0	0.0
10	788514	C	T	0	0	0	0	0	0	0	0	0	0	0	0.0	0.0
10	788658	G	A	0	0	0	0	0	0	0	0	0	0	0	0.0	0.0
10	791710	C	A	0	0	0	0	0	0	0	0	0	0	0	0.0	0.0
10	795406	G	C	0	0	0	0	0	0	0	0	0	0	0	0.0	0.0
10	798512	C	G	0	0	0	0	0	0	0	0	0	0	0	0.0	0.0
10	799579	G	A	0	0	0	0	0	0	0	0	0	0	0	0.0	0.0
10	800213	G	A	0	0	0	0	0	0	0	0	0	0	0	0.0	0.0
10	800368	A	G	0	0	0	0	0	0	0	0	0	0	0	0.0	0.0
10	800392	G	A	0	0	0	0	0	0	0	0	0	0	0	0.0	0.0
10	800707	C	T	0	0	0	0	0	0	0	0	0	0	0	0.0	0.0
10	801076	T	C	0	0	0	0	0	0	0	0	0	0	0	0.0	0.0
10	801456	T	C	0	0	0	0	0	0	0	0	0	0	0	0.0	0.0
10	801945	T	C	0	0	0	0	0	0	0	0	0	0	0	0.0	0.0
10	802445	C	T	0	0	0	0	0	0	0	0	0	0	0	0.0	0.0
10	802448	C	T	0	0	0	0	0	0	0	0	0	0	0	0.0	0.0
10	803624	T	C	0	0	0	0	0	0	0	0	0	0	0	0.0	0.0
10	804315	C	T	0	0	0	0	0	0	0	0	0	0	0	0.0	0.0
10	805248	C	A	0	0	0	0	0	0	0	0	0	0	0	0.0	0.0
10	805263	C	T	0	0	0	0	0	0	0	0	0	0	0	0.0	0.0
10	805389	C	T	0	0	0	0	0	0	0	0	0	0	0	0.0	0.0
10	805436	G	A	0	0	0	0	0	0	0	0	0	0	0	0.0	0.0
10	806662	A	C	0	0	0	0	0	0	0	0	0	0	0	0.0	0.0
10	806834	A	C	0	0	0	0	0	0	0	0	0	0	0	0.0	0.0
10	811876	G	A	0	0	0	0	0	0	0	0	0	0	0	0.0	0.0
10	814216	C	T	0	0	0	0	0	0	0	0	0	0	0	0.0	0.0
10	814653	T	C	0	0	0	0	0	0	0	0	0	0	0	0.0	0.0
10	815149	A	G	0	0	0	0	0	0	0	0	0	0	0	0.0	0.0
10	815221	A	G	0	0	0	0	0	0	0	0	0	0	0	0.0	0.0
10	818372	G	C	0	0	0	0	0	0	0	0	0	0	0	0.0	0.0
10	818851	T	C	0	0	0	0	0	0	0	0	0	0	0	0.0	0.0
10	820189	A	G	0	0	0	0	0	0	0	0	0	0	0	0.0	0.0
10	820868	C	T	1	0	0	0	0	0	0	0	1	1	0	1.0	0.0
10	820994	C	G	1	0	0	0	0	1	0	0	0	0	1	0.0	1.0
10	821940	G	A	0	0	0	0	0	0	0	0	0	0	0	0.0	0.0
10	824256	G	A	0	0	0	0	0	0	0	0	0	0	0	0.0	0.0
10	825760	C	G	0	0	0	0	0	0	0	0	0	0	0	0.0	0.0
10	827589	A	G	1	0	0	0	0	0	1	0	0	0	1	0.0	1.0
10	830609	T	C	0	0	0	0	0	0	0	0	0	0	0	0.0	0.0
10	830699	T	C	0	0	0	0	0	0	0	0	0	0	0	0.0	0.0
10	830799	G	A	0	0	0	0	0	0	0	0	0	0	0	0.0	0.0
10	831041	G	C	0	0	0	0	0	0	0	0	0	0	0	0.0	0.0
10	831089	A	G	1	0	0	0	0	1	0	0	0	0	1	0.0	1.0
10	831097	T	C	1	0	0	0	0	0	0	1	0	0	1	0.0	1.0
10	832089	C	G	0	0	0	0	0	0	0	0	0	0	0	0.0	0.0
10	832488	G	T	0	0	0	0	0	0	0	0	0	0	0	0.0	0.0
10	834057	C	A	0	0	0	0	0	0	0	0	0	0	0	0.0	0.0
10	835015	C	T	0	0	0	0	0	0	0	0	0	0	0	0.0	0.0
10	835055	A	G	0	0	0	0	0	0	0	0	0	0	0	0.0	0.0
10	835167	C	T	0	0	0	0	0	0	0	0	0	0	0	0.0	0.0
10	836028	C	T	0	0	0	0	0	0	0	0	0	0	0	0.0	0.0
10	836115	A	G	0	0	0	0	0	0	0	0	0	0	0	0.0	0.0
10	836457	A	T	0	0	0	0	0	0	0	0	0	0	0	0.0	0.0
10	837079	C	T	0	0	0	0	0	0	0	0	0	0	0	0.0	0.0
10	837407	A	G	1	1	0	0	0	0	0	0	0	1	0	1.0	0.0
10	838378	G	A	0	0	0	0	0	0	0	0	0	0	0	0.0	0.0
10	838636	C	T	0	0	0	0	0	0	0	0	0	0	0	0.0	0.0
10	839610	G	A	0	0	0	0	0	0	0	0	0	0	0	0.0	0.0
10	840608	G	T	0	0	0	0	0	0	0	0	0	0	0	0.0	0.0
10	841115	T	C	0	0	0	0	0	0	0	0	0	0	0	0.0	0.0
10	842062	C	G	0	0	0	0	0	0	0	0	0	0	0	0.0	0.0
10	844014	C	T	0	0	0	0	0	0	0	0	0	0	0	0.0	0.0
10	844043	C	T	0	0	0	0	0	0	0	0	0	0	0	0.0	0.0
10	844430	G	A	0	0	0	0	0	0	0	0	0	0	0	0.0	0.0
10	844839	T	C	0	0	0	0	0	0	0	0	0	0	0	0.0	0.0
10	845449	A	G	0	0	0	0	0	0	0	0	0	0	0	0.0	0.0
10	845969	T	C	0	0	0	0	0	0	0	0	0	0	0	0.0	0.0
10	846977	T	C	0	0	0	0	0	0	0	0	0	0	0	0.0	0.0
10	847752	C	T	0	0	0	0	0	0	0	0	0	0	0	0.0	0.0
10	847769	G	A	0	0	0	0	0	0	0	0	0	0	0	0.0	0.0
10	848058	A	G	0	0	0	0	0	0	0	0	0	0	0	0.0	0.0
10	848059	A	T	0	0	0	0	0	0	0	0	0	0	0	0.0	0.0
10	848623	C	T	0	0	0	0	0	0	0	0	0	0	0	0.0	0.0
10	849230	C	A	0	0	0	0	0	0	0	0	0	0	0	0.0	0.0
10	849454	A	G	0	0	0	0	0	0	0	0	0	0	0	0.0	0.0
10	850157	A	G	0	0	0	0	0	0	0	0	0	0	0	0.0	0.0
10	850762	A	G	0	0	0	0	0	0	0	0	0	0	0	0.0	0.0
10	851378	T	G	0	0	0	0	0	0	0	0	0	0	0	0.0	0.0
10	852521	C	G	0	0	0	0	0	0	0	0	0	0	0	0.0	0.0
10	852629	C	T	0	0	0	0	0	0	0	0	0	0	0	0.0	0.0
10	852885	C	T	0	0	0	0	0	0	0	0	0	0	0	0.0	0.0
10	853106	T	C	0	0	0	0	0	0	0	0	0	0	0	0.0	0.0
10	853155	T	C	1	0	0	0	0	0	0	0	1	0	1	0.0	1.0
10	853674	A	C	0	0	0	0	0	0	0	0	0	0	0	0.0	0.0
10	853783	T	C	0	0	0	0	0	0	0	0	0	0	0	0.0	0.0
10	854011	T	C	0	0	0	0	0	0	0	0	0	0	0	0.0	0.0
10	854675	G	A	0	0	0	0	0	0	0	0	0	0	0	0.0	0.0
10	855061	G	A	1	0	0	0	0	1	0	0	0	1	0	1.0	0.0
10	858394	C	T	0	0	0	0	0	0	0	0	0	0	0	0.0	0.0
10	859270	C	T	0	0	0	0	0	0	0	0	0	0	0	0.0	0.0
10	859854	G	C	0	0	0	0	0	0	0	0	0	0	0	0.0	0.0
10	861390	C	T	1	0	0	1	0	0	0	0	0	0	1	0.0	1.0
10	861837	A	G	0	0	0	0	0	0	0	0	0	0	0	0.0	0.0
10	862047	T	C	1	0	0	1	0	0	0	0	0	1	0	1.0	0.0
10	862889	C	T	0	0	0	0	0	0	0	0	0	0	0	0.0	0.0
10	863329	C	T	0	0	0	0	0	0	0	0	0	0	0	0.0	0.0
10	865214	T	C	0	0	0	0	0	0	0	0	0	0	0	0.0	0.0
10	865476	A	G	0	0	0	0	0	0	0	0	0	0	0	0.0	0.0
10	867346	A	G	0	0	0	0	0	0	0	0	0	0	0	0.0	0.0
10	867535	C	G	0	0	0	0	0	0	0	0	0	0	0	0.0	0.0
10	867884	C	T	0	0	0	0	0	0	0	0	0	0	0	0.0	0.0
10	869901	G	T	0	0	0	0	0	0	0	0	0	0	0	0.0	0.0
10	870109	C	T	0	0	0	0	0	0	0	0	0	0	0	0.0	0.0
10	871481	C	G	0	0	0	0	0	0	0	0	0	0	0	0.0	0.0
10	872086	C	T	0	0	0	0	0	0	0	0	0	0	0	0.0	0.0
10	872347	A	G	0	0	0	0	0	0	0	0	0	0	0	0.0	0.0
10	872744	G	A	0	0	0	0	0	0	0	0	0	0	0	0.0	0.0
10	873148	G	A	0	0	0	0	0	0	0	0	0	0	0	0.0	0.0
10	874116	G	T	0	0	0	0	0	0	0	0	0	0	0	0.0	0.0
10	874149	G	C	0	0	0	0	0	0	0	0	0	0	0	0.0	0.0
10	874896	C	A	0	0	0	0	0	0	0	0	0	0	0	0.0	0.0
10	874901	G	C	0	0	0	0	0	0	0	0	0	0	0	0.0	0.0
10	875287	T	G	0	0	0	0	0	0	0	0	0	0	0	0.0	0.0
10	878359	A	G	0	0	0	0	0	0	0	0	0	0	0	0.0	0.0
10	878895	G	A	0	0	0	0	0	0	0	0	0	0	0	0.0	0.0
10	879697	C	T	0	0	0	0	0	0	0	0	0	0	0	0.0	0.0
10	879756	G	A	0	0	0	0	0	0	0	0	0	0	0	0.0	0.0
10	879776	C	T	0	0	0	0	0	0	0	0	0	0	0	0.0	0.0
10	880854	G	A	0	0	0	0	0	0	0	0	0	0	0	0.0	0.0
10	882843	T	C	0	0	0	0	0	0	0	0	0	0	0	0.0	0.0
10	884889	C	T	0	0	0	0	0	0	0	0	0	0	0	0.0	0.0
10	885585	G	C	0	0	0	0	0	0	0	0	0	0	0	0.0	0.0
10	885622	T	C	0	0	0	0	0	0	0	0	0	0	0	0.0	0.0
10	886259	G	A	0	0	0	0	0	0	0	0	0	0	0	0.0	0.0
10	886402	C	T	0	0	0	0	0	0	0	0	0	0	0	0.0	0.0
10	887382	C	G	0	0	0	0	0	0	0	0	0	0	0	0.0	0.0
10	888073	A	G	0	0	0	0	0	0	0	0	0	0	0	0.0	0.0
10	888240	T	C	0	0	0	0	0	0	0	0	0	0	0	0.0	0.0
10	889320	G	T	0	0	0	0	0	0	0	0	0	0	0	0.0	0.0
10	889323	T	G	0	0	0	0	0	0	0	0	0	0	0	0.0	0.0
10	890714	G	A	0	0	0	0	0	0	0	0	0	0	0	0.0	0.0
10	891702	T	C	0	0	0	0	0	0	0	0	0	0	0	0.0	0.0
10	892654	G	A	0	0	0	0	0	0	0	0	0	0	0	0.0	0.0
10	897201	G	A	0	0	0	0	0	0	0	0	0	0	0	0.0	0.0
10	897208	A	C	0	0	0	0	0	0	0	0	0	0	0	0.0	0.0
10	898205	T	C	0	0	0	0	0	0	0	0	0	0	0	0.0	0.0
10	899224	T	G	0	0	0	0	0	0	0	0	0	0	0	0.0	0.0
10	900209	C	T	0	0	0	0	0	0	0	0	0	0	0	0.0	0.0
10	901244	A	G	0	0	0	0	0	0	0	0	0	0	0	0.0	0.0
10	902252	A	T	0	0	0	0	0	0	0	0	0	0	0	0.0	0.0
10	903261	G	A	0	0	0	0	0	0	0	0	0	0	0	0.0	0.0
10	903950	A	G	0	0	0	0	0	0	0	0	0	0	0	0.0	0.0
10	904245	C	T	0	0	0	0	0	0	0	0	0	0	0	0.0	0.0
10	904666	T	C	0	0	0	0	0	0	0	0	0	0	0	0.0	0.0
10	905050	A	C	0	0	0	0	0	0	0	0	0	0	0	0.0	0.0
10	906826	A	G	0	0	0	0	0	0	0	0	0	0	0	0.0	0.0
10	907262	C	A	0	0	0	0	0	0	0	0	0	0	0	0.0	0.0
10	908387	C	T	0	0	0	0	0	0	0	0	0	0	0	0.0	0.0
10	908627	T	G	0	0	0	0	0	0	0	0	0	0	0	0.0	0.0
10	908693	G	A	0	0	0	0	0	0	0	0	0	0	0	0.0	0.0
10	909429	G	T	0	0	0	0	0	0	0	0	0	0	0	0.0	0.0
10	910225	A	G	0	0	0	0	0	0	0	0	0	0	0	0.0	0.0
10	910749	C	T	0	0	0	0	0	0	0	0	0	0	0	0.0	0.0
10	910779	G	T	0	0	0	0	0	0	0	0	0	0	0	0.0	0.0
10	910787	A	G	0	0	0	0	0	0	0	0	0	0	0	0.0	0.0
10	910983	C	T	0	0	0	0	0	0	0	0	0	0	0	0.0	0.0
10	911291	G	A	0	0	0	0	0	0	0	0	0	0	0	0.0	0.0
10	915638	C	T	0	0	0	0	0	0	0	0	0	0	0	0.0	0.0
10	915804	G	C	0	0	0	0	0	0	0	0	0	0	0	0.0	0.0
10	918910	T	C	0	0	0	0	0	0	0	0	0	0	0	0.0	0.0
10	919032	G	C	0	0	0	0	0	0	0	0	0	0	0	0.0	0.0
10	919362	C	T	0	0	0	0	0	0	0	0	0	0	0	0.0	0.0
10	919796	G	A	0	0	0	0	0	0	0	0	0	0	0	0.0	0.0
10	922077	A	G	0	0	0	0	0	0	0	0	0	0	0	0.0	0.0
10	922482	G	C	0	0	0	0	0	0	0	0	0	0	0	0.0	0.0
10	922633	T	C	0	0	0	0	0	0	0	0	0	0	0	0.0	0.0
10	922861	A	G	0	0	0	0	0	0	0	0	0	0	0	0.0	0.0
10	923617	T	A	0	0	0	0	0	0	0	0	0	0	0	0.0	0.0
10	925712	C	A	0	0	0	0	0	0	0	0	0	0	0	0.0	0.0
10	925966	A	G	0	0	0	0	0	0	0	0	0	0	0	0.0	0.0
10	927331	G	A	0	0	0	0	0	0	0	0	0	0	0	0.0	0.0
10	927357	C	A	0	0	0	0	0	0	0	0	0	0	0	0.0	0.0
10	927666	G	C	0	0	0	0	0	0	0	0	0	0	0	0.0	0.0
10	927933	T	C	0	0	0	0	0	0	0	0	0	0	0	0.0	0.0
10	929133	G	A	0	0	0	0	0	0	0	0	0	0	0	0.0	0.0
10	929525	T	C	0	0	0	0	0	0	0	0	0	0	0	0.0	0.0
10	931176	A	C	0	0	0	0	0	0	0	0	0	0	0	0.0	0.0
10	932497	T	C	0	0	0	0	0	0	0	0	0	0	0	0.0	0.0
10	932956	A	G	0	0	0	0	0	0	0	0	0	0	0	0.0	0.0
10	932988	T	C	0	0	0	0	0	0	0	0	0	0	0	0.0	0.0
10	934183	T	C	0	0	0	0	0	0	0	0	0	0	0	0.0	0.0
10	934195	G	A	0	0	0	0	0	0	0	0	0	0	0	0.0	0.0
10	935192	T	C	0	0	0	0	0	0	0	0	0	0	0	0.0	0.0
10	935601	T	C	0	0	0	0	0	0	0	0	0	0	0	0.0	0.0
10	936103	G	A	0	0	0	0	0	0	0	0	0	0	0	0.0	0.0
10	936526	G	T	0	0	0	0	0	0	0	0	0	0	0	0.0	0.0
10	936873	T	C	0	0	0	0	0	0	0	0	0	0	0	0.0	0.0
10	936931	T	C	0	0	0	0	0	0	0	0	0	0	0	0.0	0.0
10	937047	C	T	0	0	0	0	0	0	0	0	0	0	0	0.0	0.0
10	937064	C	T	0	0	0	0	0	0	0	0	0	0	0	0.0	0.0
10	938435	A	G	0	0	0	0	0	0	0	0	0	0	0	0.0	0.0
10	938540	C	T	0	0	0	0	0	0	0	0	0	0	0	0.0	0.0
10	938623	G	A	0	0	0	0	0	0	0	0	0	0	0	0.0	0.0
10	938625	G	A	0	0	0	0	0	0	0	0	0	0	0	0.0	0.0
10	938890	A	G	0	0	0	0	0	0	0	0	0	0	0	0.0	0.0
10	941018	C	T	0	0	0	0	0	0	0	0	0	0	0	0.0	0.0
10	943656	A	G	0	0	0	0	0	0	0	0	0	0	0	0.0	0.0
10	944090	A	C	0	0	0	0	0	0	0	0	0	0	0	0.0	0.0
10	944465	T	C	0	0	0	0	0	0	0	0	0	0	0	0.0	0.0
10	944641	T	G	0	0	0	0	0	0	0	0	0	0	0	0.0	0.0
10	946244	A	G	0	0	0	0	0	0	0	0	0	0	0	0.0	0.0
10	946974	T	C	0	0	0	0	0	0	0	0	0	0	0	0.0	0.0
10	950130	T	A	0	0	0	0	0	0	0	0	0	0	0	0.0	0.0
10	950617	C	G	0	0	0	0	0	0	0	0	0	0	0	0.0	0.0
10	950630	G	A	0	0	0	0	0	0	0	0	0	0	0	0.0	0.0
10	950760	C	T	0	0	0	0	0	0	0	0	0	0	0	0.0	0.0
10	951262	C	T	0	0	0	0	0	0	0	0	0	0	0	0.0	0.0
10	954957	A	G	0	0	0	0	0	0	0	0	0	0	0	0.0	0.0
10	954972	T	C	0	0	0	0	0	0	0	0	0	0	0	0.0	0.0
10	955506	C	T	0	0	0	0	0	0	0	0	0	0	0	0.0	0.0
10	955580	G	C	0	0	0	0	0	0	0	0	0	0	0	0.0	0.0
10	956046	A	G	0	0	0	0	0	0	0	0	0	0	0	0.0	0.0
10	957211	G	A	0	0	0	0	0	0	0	0	0	0	0	0.0	0.0
10	957246	C	T	0	0	0	0	0	0	0	0	0	0	0	0.0	0.0
10	959111	T	C	0	0	0	0	0	0	0	0	0	0	0	0.0	0.0
10	959306	C	G	0	0	0	0	0	0	0	0	0	0	0	0.0	0.0
10	960761	C	G	0	0	0	0	0	0	0	0	0	0	0	0.0	0.0
10	961037	A	C	0	0	0	0	0	0	0	0	0	0	0	0.0	0.0
10	961191	C	A	0	0	0	0	0	0	0	0	0	0	0	0.0	0.0
10	961555	T	G	0	0	0	0	0	0	0	0	0	0	0	0.0	0.0
10	962364	G	A	0	0	0	0	0	0	0	0	0	0	0	0.0	0.0
10	962504	G	A	0	0	0	0	0	0	0	0	0	0	0	0.0	0.0
10	962978	C	T	0	0	0	0	0	0	0	0	0	0	0	0.0	0.0
10	963564	T	A	0	0	0	0	0	0	0	0	0	0	0	0.0	0.0
10	963681	G	A	0	0	0	0	0	0	0	0	0	0	0	0.0	0.0
10	964306	C	T	0	0	0	0	0	0	0	0	0	0	0	0.0	0.0
10	964685	A	T	0	0	0	0	0	0	0	0	0	0	0	0.0	0.0
10	964832	C	T	0	0	0	0	0	0	0	0	0	0	0	0.0	0.0
10	967081	T	C	0	0	0	0	0	0	0	0	0	0	0	0.0	0.0
10	967270	T	C	0	0	0	0	0	0	0	0	0	0	0	0.0	0.0
10	967295	C	T	0	0	0	0	0	0	0	0	0	0	0	0.0	0.0
10	968450	C	T	0	0	0	0	0	0	0	0	0	0	0	0.0	0.0
10	969377	C	T	0	0	0	0	0	0	0	0	0	0	0	0.0	0.0
10	970524	G	A	0	0	0	0	0	0	0	0	0	0	0	0.0	0.0
10	971600	A	C	0	0	0	0	0	0	0	0	0	0	0	0.0	0.0
10	974870	C	G	0	0	0	0	0	0	0	0	0	0	0	0.0	0.0
10	975148	T	G	0	0	0	0	0	0	0	0	0	0	0	0.0	0.0
10	975961	G	C	0	0	0	0	0	0	0	0	0	0	0	0.0	0.0
10	976416	G	C	0	0	0	0	0	0	0	0	0	0	0	0.0	0.0
10	979813	C	T	0	0	0	0	0	0	0	0	0	0	0	0.0	0.0
10	980030	C	T	0	0	0	0	0	0	0	0	0	0	0	0.0	0.0
10	980416	C	T	0	0	0	0	0	0	0	0	0	0	0	0.0	0.0
10	980785	C	T	0	0	0	0	0	0	0	0	0	0	0	0.0	0.0
10	981015	G	A	0	0	0	0	0	0	0	0	0	0	0	0.0	0.0
10	981685	G	A	0	0	0	0	0	0	0	0	0	0	0	0.0	0.0
10	981881	A	T	0	0	0	0	0	0	0	0	0	0	0	0.0	0.0
10	983033	A	G	0	0	0	0	0	0	0	0	0	0	0	0.0	0.0
10	983498	T	C	0	0	0	0	0	0	0	0	0	0	0	0.0	0.0
10	983747	A	T	0	0	0	0	0	0	0	0	0	0	0	0.0	0.0
10	987453	T	G	0	0	0	0	0	0	0	0	0	0	0	0.0	0.0
10	989437	A	T	0	0	0	0	0	0	0	0	0	0	0	0.0	0.0
10	990143	C	T	0	0	0	0	0	0	0	0	0	0	0	0.0	0.0
10	991208	C	T	0	0	0	0	0	0	0	0	0	0	0	0.0	0.0
10	991435	G	A	0	0	0	0	0	0	0	0	0	0	0	0.0	0.0
10	991440	T	C	0	0	0	0	0	0	0	0	0	0	0	0.0	0.0
10	991442	T	C	0	0	0	0	0	0	0	0	0	0	0	0.0	0.0
10	991737	A	G	0	0	0	0	0	0	0	0	0	0	0	0.0	0.0
10	993666	A	G	0	0	0	0	0	0	0	0	0	0	0	0.0	0.0
10	993729	T	C	0	0	0	0	0	0	0	0	0	0	0	0.0	0.0
10	996035	G	A	0	0	0	0	0	0	0	0	0	0	0	0.0	0.0
10	1004909	C	T	0	0	0	0	0	0	0	0	0	0	0	0.0	0.0
10	1006421	T	G	0	0	0	0	0	0	0	0	0	0	0	0.0	0.0
10	1007647	A	T	0	0	0	0	0	0	0	0	0	0	0	0.0	0.0
10	1010355	T	C	0	0	0	0	0	0	0	0	0	0	0	0.0	0.0
10	1010735	G	A	0	0	0	0	0	0	0	0	0	0	0	0.0	0.0
10	1011166	C	T	0	0	0	0	0	0	0	0	0	0	0	0.0	0.0
10	1011347	G	A	0	0	0	0	0	0	0	0	0	0	0	0.0	0.0
10	1011958	T	C	0	0	0	0	0	0	0	0	0	0	0	0.0	0.0
10	1012315	G	A	0	0	0	0	0	0	0	0	0	0	0	0.0	0.0
10	1012372	G	A	0	0	0	0	0	0	0	0	0	0	0	0.0	0.0
10	1013215	C	G	0	0	0	0	0	0	0	0	0	0	0	0.0	0.0
10	1013535	C	A	0	0	0	0	0	0	0	0	0	0	0	0.0	0.0
10	1014603	G	A	0	0	0	0	0	0	0	0	0	0	0	0.0	0.0
10	1016601	G	A	0	0	0	0	0	0	0	0	0	0	0	0.0	0.0
10	1018095	G	C	0	0	0	0	0	0	0	0	0	0	0	0.0	0.0
10	1018129	G	A	0	0	0	0	0	0	0	0	0	0	0	0.0	0.0
10	1018585	T	G	0	0	0	0	0	0	0	0	0	0	0	0.0	0.0
10	1019138	A	T	0	0	0	0	0	0	0	0	0	0	0	0.0	0.0
10	1019314	C	T	0	0	0	0	0	0	0	0	0	0	0	0.0	0.0
10	1019550	C	G	0	0	0	0	0	0	0	0	0	0	0	0.0	0.0
10	1020204	C	T	0	0	0	0	0	0	0	0	0	0	0	0.0	0.0
10	1021479	G	C	0	0	0	0	0	0	0	0	0	0	0	0.0	0.0
10	1022108	C	T	0	0	0	0	0	0	0	0	0	0	0	0.0	0.0
10	1022496	G	A	0	0	0	0	0	0	0	0	0	0	0	0.0	0.0
10	1022816	T	C	0	0	0	0	0	0	0	0	0	0	0	0.0	0.0
10	1024214	T	C	0	0	0	0	0	0	0	0	0	0	0	0.0	0.0
10	1025571	C	T	0	0	0	0	0	0	0	0	0	0	0	0.0	0.0
10	1026354	G	A	0	0	0	0	0	0	0	0	0	0	0	0.0	0.0
10	1027108	A	C	0	0	0	0	0	0	0	0	0	0	0	0.0	0.0
10	1027440	A	G	0	0	0	0	0	0	0	0	0	0	0	0.0	0.0
10	1029278	C	T	0	0	0	0	0	0	0	0	0	0	0	0.0	0.0
10	1033880	C	A	0	0	0	0	0	0	0	0	0	0	0	0.0	0.0
10	1034228	G	A	0	0	0	0	0	0	0	0	0	0	0	0.0	0.0
10	1034412	C	T	0	0	0	0	0	0	0	0	0	0	0	0.0	0.0
10	1034628	C	A	0	0	0	0	0	0	0	0	0	0	0	0.0	0.0
10	1034895	T	C	0	0	0	0	0	0	0	0	0	0	0	0.0	0.0
10	1036285	T	A	0	0	0	0	0	0	0	0	0	0	0	0.0	0.0
10	1037234	T	C	0	0	0	0	0	0	0	0	0	0	0	0.0	0.0
10	1037712	T	A	0	0	0	0	0	0	0	0	0	0	0	0.0	0.0
10	1038040	T	C	0	0	0	0	0	0	0	0	0	0	0	0.0	0.0
10	1039019	T	C	0	0	0	0	0	0	0	0	0	0	0	0.0	0.0
10	1040138	G	A	0	0	0	0	0	0	0	0	0	0	0	0.0	0.0
10	1040159	G	C	0	0	0	0	0	0	0	0	0	0	0	0.0	0.0
10	1040798	T	C	0	0	0	0	0	0	0	0	0	0	0	0.0	0.0
10	1041487	G	T	0	0	0	0	0	0	0	0	0	0	0	0.0	0.0
10	1042823	C	A	0	0	0	0	0	0	0	0	0	0	0	0.0	0.0
10	1043469	C	T	0	0	0	0	0	0	0	0	0	0	0	0.0	0.0
10	1043647	T	C	0	0	0	0	0	0	0	0	0	0	0	0.0	0.0
10	1043798	C	T	0	0	0	0	0	0	0	0	0	0	0	0.0	0.0
10	1043983	T	C	0	0	0	0	0	0	0	0	0	0	0	0.0	0.0
10	1044809	T	C	0	0	0	0	0	0	0	0	0	0	0	0.0	0.0
10	1045824	A	G	0	0	0	0	0	0	0	0	0	0	0	0.0	0.0
10	1046712	G	A	0	0	0	0	0	0	0	0	0	0	0	0.0	0.0
10	1047226	T	G	0	0	0	0	0	0	0	0	0	0	0	0.0	0.0
10	1048143	G	A	0	0	0	0	0	0	0	0	0	0	0	0.0	0.0
10	1048343	T	C	1	0	0	0	0	0	0	0	1	0	1	0.0	1.0
10	1048398	A	G	1	0	0	0	0	0	1	0	0	0	1	0.0	1.0
10	1048868	A	G	0	0	0	0	0	0	0	0	0	0	0	0.0	0.0
10	1049309	T	G	0	0	0	0	0	0	0	0	0	0	0	0.0	0.0
10	1049596	C	T	0	0	0	0	0	0	0	0	0	0	0	0.0	0.0
10	1050318	A	G	0	0	0	0	0	0	0	0	0	0	0	0.0	0.0
10	1050653	A	G	0	0	0	0	0	0	0	0	0	0	0	0.0	0.0
10	1050818	C	T	0	0	0	0	0	0	0	0	0	0	0	0.0	0.0
10	1051251	A	T	0	0	0	0	0	0	0	0	0	0	0	0.0	0.0
10	1051420	C	T	1	0	0	1	0	0	0	0	0	0	1	0.0	1.0
10	1054251	G	A	0	0	0	0	0	0	0	0	0	0	0	0.0	0.0
10	1054444	A	G	1	1	0	0	0	0	0	0	0	1	0	1.0	0.0
10	1055055	C	T	0	0	0	0	0	0	0	0	0	0	0	0.0	0.0
10	1055868	A	G	0	0	0	0	0	0	0	0	0	0	0	0.0	0.0
10	1055895	T	A	0	0	0	0	0	0	0	0	0	0	0	0.0	0.0
10	1055913	C	T	0	0	0	0	0	0	0	0	0	0	0	0.0	0.0
10	1056252	C	T	0	0	0	0	0	0	0	0	0	0	0	0.0	0.0
10	1060636	C	T	0	0	0	0	0	0	0	0	0	0	0	0.0	0.0
10	1062475	T	G	0	0	0	0	0	0	0	0	0	0	0	0.0	0.0
10	1064340	G	A	0	0	0	0	0	0	0	0	0	0	0	0.0	0.0
10	1064792	C	T	0	0	0	0	0	0	0	0	0	0	0	0.0	0.0
10	1065191	A	G	0	0	0	0	0	0	0	0	0	0	0	0.0	0.0
10	1065406	G	T	0	0	0	0	0	0	0	0	0	0	0	0.0	0.0
10	1066262	C	T	0	0	0	0	0	0	0	0	0	0	0	0.0	0.0
10	1067284	A	G	0	0	0	0	0	0	0	0	0	0	0	0.0	0.0
10	1068849	C	T	0	0	0	0	0	0	0	0	0	0	0	0.0	0.0
10	1069190	C	T	0	0	0	0	0	0	0	0	0	0	0	0.0	0.0
10	1069309	G	A	0	0	0	0	0	0	0	0	0	0	0	0.0	0.0
10	1070361	G	A	0	0	0	0	0	0	0	0	0	0	0	0.0	0.0
10	1070710	C	G	0	0	0	0	0	0	0	0	0	0	0	0.0	0.0
10	1071341	C	A	0	0	0	0	0	0	0	0	0	0	0	0.0	0.0
10	1073684	G	A	0	0	0	0	0	0	0	0	0	0	0	0.0	0.0
10	1074385	G	A	0	0	0	0	0	0	0	0	0	0	0	0.0	0.0
10	1074710	A	C	0	0	0	0	0	0	0	0	0	0	0	0.0	0.0
10	1074887	A	G	0	0	0	0	0	0	0	0	0	0	0	0.0	0.0
10	1075777	T	G	0	0	0	0	0	0	0	0	0	0	0	0.0	0.0
10	1076047	C	T	0	0	0	0	0	0	0	0	0	0	0	0.0	0.0
10	1076470	A	G	0	0	0	0	0	0	0	0	0	0	0	0.0	0.0
10	1077480	G	A	0	0	0	0	0	0	0	0	0	0	0	0.0	0.0
10	1078782	A	C	0	0	0	0	0	0	0	0	0	0	0	0.0	0.0
10	1079156	G	A	0	0	0	0	0	0	0	0	0	0	0	0.0	0.0
10	1079372	A	G	0	0	0	0	0	0	0	0	0	0	0	0.0	0.0
10	1079579	C	T	0	0	0	0	0	0	0	0	0	0	0	0.0	0.0
10	1080289	G	A	0	0	0	0	0	0	0	0	0	0	0	0.0	0.0
10	1080790	G	C	0	0	0	0	0	0	0	0	0	0	0	0.0	0.0
10	1081747	C	G	0	0	0	0	0	0	0	0	0	0	0	0.0	0.0
10	1082472	G	C	0	0	0	0	0	0	0	0	0	0	0	0.0	0.0
10	1083304	C	T	0	0	0	0	0	0	0	0	0	0	0	0.0	0.0
10	1083617	A	C	0	0	0	0	0	0	0	0	0	0	0	0.0	0.0
10	1084360	T	C	0	0	0	0	0	0	0	0	0	0	0	0.0	0.0
10	1084491	A	G	0	0	0	0	0	0	0	0	0	0	0	0.0	0.0
10	1085572	C	G	0	0	0	0	0	0	0	0	0	0	0	0.0	0.0
10	1088746	T	G	0	0	0	0	0	0	0	0	0	0	0	0.0	0.0
10	1089616	T	C	0	0	0	0	0	0	0	0	0	0	0	0.0	0.0
10	1090366	C	T	0	0	0	0	0	0	0	0	0	0	0	0.0	0.0
10	1090469	C	T	0	0	0	0	0	0	0	0	0	0	0	0.0	0.0
10	1090684	C	T	0	0	0	0	0	0	0	0	0	0	0	0.0	0.0
10	1090988	C	T	0	0	0	0	0	0	0	0	0	0	0	0.0	0.0
10	1091308	A	T	0	0	0	0	0	0	0	0	0	0	0	0.0	0.0
10	1092195	G	C	0	0	0	0	0	0	0	0	0	0	0	0.0	0.0
10	1093992	A	G	0	0	0	0	0	0	0	0	0	0	0	0.0	0.0
10	1097112	C	T	0	0	0	0	0	0	0	0	0	0	0	0.0	0.0
10	1101882	G	T	0	0	0	0	0	0	0	0	0	0	0	0.0	0.0
10	1102386	G	A	0	0	0	0	0	0	0	0	0	0	0	0.0	0.0
10	1103590	A	G	0	0	0	0	0	0	0	0	0	0	0	0.0	0.0
10	1107697	G	T	0	0	0	0	0	0	0	0	0	0	0	0.0	0.0
10	1110576	C	A	0	0	0	0	0	0	0	0	0	0	0	0.0	0.0
10	1112421	A	G	0	0	0	0	0	0	0	0	0	0	0	0.0	0.0
10	1114020	C	T	0	0	0	0	0	0	0	0	0	0	0	0.0	0.0
10	1114339	G	A	0	0	0	0	0	0	0	0	0	0	0	0.0	0.0
10	1115598	T	C	0	0	0	0	0	0	0	0	0	0	0	0.0	0.0
10	1116294	G	A	0	0	0	0	0	0	0	0	0	0	0	0.0	0.0
10	1116997	A	G	0	0	0	0	0	0	0	0	0	0	0	0.0	0.0
10	1117459	G	T	0	0	0	0	0	0	0	0	0	0	0	0.0	0.0
10	1117764	C	T	0	0	0	0	0	0	0	0	0	0	0	0.0	0.0
10	1119203	A	G	0	0	0	0	0	0	0	0	0	0	0	0.0	0.0
10	1120884	C	T	0	0	0	0	0	0	0	0	0	0	0	0.0	0.0
10	1123453	G	T	0	0	0	0	0	0	0	0	0	0	0	0.0	0.0
10	1125147	C	T	0	0	0	0	0	0	0	0	0	0	0	0.0	0.0
10	1126293	T	C	0	0	0	0	0	0	0	0	0	0	0	0.0	0.0
10	1126619	A	G	0	0	0	0	0	0	0	0	0	0	0	0.0	0.0
10	1128216	G	A	0	0	0	0	0	0	0	0	0	0	0	0.0	0.0
10	1129527	G	T	0	0	0	0	0	0	0	0	0	0	0	0.0	0.0
10	1129814	G	A	0	0	0	0	0	0	0	0	0	0	0	0.0	0.0
10	1130756	A	G	0	0	0	0	0	0	0	0	0	0	0	0.0	0.0
10	1133628	A	T	0	0	0	0	0	0	0	0	0	0	0	0.0	0.0
10	1133974	T	C	0	0	0	0	0	0	0	0	0	0	0	0.0	0.0
10	1135221	C	T	0	0	0	0	0	0	0	0	0	0	0	0.0	0.0
10	1135578	A	T	0	0	0	0	0	0	0	0	0	0	0	0.0	0.0
10	1135757	T	C	0	0	0	0	0	0	0	0	0	0	0	0.0	0.0
10	1136082	T	G	0	0	0	0	0	0	0	0	0	0	0	0.0	0.0
10	1136330	T	C	0	0	0	0	0	0	0	0	0	0	0	0.0	0.0
10	1137266	G	T	0	0	0	0	0	0	0	0	0	0	0	0.0	0.0
10	1137842	C	T	0	0	0	0	0	0	0	0	0	0	0	0.0	0.0
10	1137999	G	A	0	0	0	0	0	0	0	0	0	0	0	0.0	0.0
10	1138168	T	C	0	0	0	0	0	0	0	0	0	0	0	0.0	0.0
10	1138534	G	A	0	0	0	0	0	0	0	0	0	0	0	0.0	0.0
10	1139183	A	G	0	0	0	0	0	0	0	0	0	0	0	0.0	0.0
10	1139825	A	G	0	0	0	0	0	0	0	0	0	0	0	0.0	0.0
10	1141244	A	G	0	0	0	0	0	0	0	0	0	0	0	0.0	0.0
10	1141666	A	G	0	0	0	0	0	0	0	0	0	0	0	0.0	0.0
10	1142424	A	G	0	0	0	0	0	0	0	0	0	0	0	0.0	0.0
10	1142571	T	C	0	0	0	0	0	0	0	0	0	0	0	0.0	0.0
10	1143104	G	A	0	0	0	0	0	0	0	0	0	0	0	0.0	0.0
10	1143435	G	A	0	0	0	0	0	0	0	0	0	0	0	0.0	0.0
10	1146223	G	A	0	0	0	0	0	0	0	0	0	0	0	0.0	0.0
10	1147045	G	A	0	0	0	0	0	0	0	0	0	0	0	0.0	0.0
10	1147138	A	G	0	0	0	0	0	0	0	0	0	0	0	0.0	0.0
10	1149390	C	A	0	0	0	0	0	0	0	0	0	0	0	0.0	0.0
10	1150363	G	C	0	0	0	0	0	0	0	0	0	0	0	0.0	0.0
10	1151620	G	A	0	0	0	0	0	0	0	0	0	0	0	0.0	0.0
10	1152067	T	C	0	0	0	0	0	0	0	0	0	0	0	0.0	0.0
10	1152862	T	G	0	0	0	0	0	0	0	0	0	0	0	0.0	0.0
10	1153222	A	G	0	0	0	0	0	0	0	0	0	0	0	0.0	0.0
10	1153816	T	C	0	0	0	0	0	0	0	0	0	0	0	0.0	0.0
10	1154019	C	T	0	0	0	0	0	0	0	0	0	0	0	0.0	0.0
10	1154105	C	G	0	0	0	0	0	0	0	0	0	0	0	0.0	0.0
10	1154979	C	T	0	0	0	0	0	0	0	0	0	0	0	0.0	0.0
10	1155747	T	C	0	0	0	0	0	0	0	0	0	0	0	0.0	0.0
10	1155767	A	T	0	0	0	0	0	0	0	0	0	0	0	0.0	0.0
10	1156487	T	C	0	0	0	0	0	0	0	0	0	0	0	0.0	0.0
10	1156815	G	C	0	0	0	0	0	0	0	0	0	0	0	0.0	0.0
10	1156864	G	A	0	0	0	0	0	0	0	0	0	0	0	0.0	0.0
10	1157410	A	G	0	0	0	0	0	0	0	0	0	0	0	0.0	0.0
10	1158791	G	T	0	0	0	0	0	0	0	0	0	0	0	0.0	0.0
10	1161120	T	C	0	0	0	0	0	0	0	0	0	0	0	0.0	0.0
10	1161824	G	A	0	0	0	0	0	0	0	0	0	0	0	0.0	0.0
10	1162279	T	C	0	0	0	0	0	0	0	0	0	0	0	0.0	0.0
10	1163075	A	G	0	0	0	0	0	0	0	0	0	0	0	0.0	0.0
10	1166318	G	A	0	0	0	0	0	0	0	0	0	0	0	0.0	0.0
10	1166319	G	A	0	0	0	0	0	0	0	0	0	0	0	0.0	0.0
10	1166400	C	T	0	0	0	0	0	0	0	0	0	0	0	0.0	0.0
10	1166687	C	G	0	0	0	0	0	0	0	0	0	0	0	0.0	0.0
10	1168563	G	A	0	0	0	0	0	0	0	0	0	0	0	0.0	0.0
10	1169723	A	G	0	0	0	0	0	0	0	0	0	0	0	0.0	0.0
10	1170304	C	G	0	0	0	0	0	0	0	0	0	0	0	0.0	0.0
10	1171266	C	G	0	0	0	0	0	0	0	0	0	0	0	0.0	0.0
10	1171311	G	A	0	0	0	0	0	0	0	0	0	0	0	0.0	0.0
10	1171734	C	T	0	0	0	0	0	0	0	0	0	0	0	0.0	0.0
10	1172249	G	A	0	0	0	0	0	0	0	0	0	0	0	0.0	0.0
10	1172839	C	A	0	0	0	0	0	0	0	0	0	0	0	0.0	0.0
10	1172851	T	C	0	0	0	0	0	0	0	0	0	0	0	0.0	0.0
10	1183739	T	C	0	0	0	0	0	0	0	0	0	0	0	0.0	0.0
10	1185241	T	C	0	0	0	0	0	0	0	0	0	0	0	0.0	0.0
10	1185306	T	C	0	0	0	0	0	0	0	0	0	0	0	0.0	0.0
10	1187341	C	G	0	0	0	0	0	0	0	0	0	0	0	0.0	0.0
10	1187512	C	T	0	0	0	0	0	0	0	0	0	0	0	0.0	0.0
10	1187878	G	A	0	0	0	0	0	0	0	0	0	0	0	0.0	0.0
10	1188081	G	T	0	0	0	0	0	0	0	0	0	0	0	0.0	0.0
10	1188555	T	C	0	0	0	0	0	0	0	0	0	0	0	0.0	0.0
10	1189326	G	A	0	0	0	0	0	0	0	0	0	0	0	0.0	0.0
10	1189378	G	A	0	0	0	0	0	0	0	0	0	0	0	0.0	0.0
10	1189706	C	T	0	0	0	0	0	0	0	0	0	0	0	0.0	0.0
10	1191212	A	T	0	0	0	0	0	0	0	0	0	0	0	0.0	0.0
10	1192622	C	A	0	0	0	0	0	0	0	0	0	0	0	0.0	0.0
10	1192629	C	T	0	0	0	0	0	0	0	0	0	0	0	0.0	0.0
10	1193693	T	C	0	0	0	0	0	0	0	0	0	0	0	0.0	0.0
10	1195214	C	T	0	0	0	0	0	0	0	0	0	0	0	0.0	0.0
10	1195388	C	T	0	0	0	0	0	0	0	0	0	0	0	0.0	0.0
10	1195886	C	T	0	0	0	0	0	0	0	0	0	0	0	0.0	0.0
10	1195959	T	C	0	0	0	0	0	0	0	0	0	0	0	0.0	0.0
10	1196736	G	A	0	0	0	0	0	0	0	0	0	0	0	0.0	0.0
10	1196883	C	T	0	0	0	0	0	0	0	0	0	0	0	0.0	0.0
10	1197018	G	A	0	0	0	0	0	0	0	0	0	0	0	0.0	0.0
10	1197210	T	C	0	0	0	0	0	0	0	0	0	0	0	0.0	0.0
10	1197509	A	C	0	0	0	0	0	0	0	0	0	0	0	0.0	0.0
10	1197823	A	G	0	0	0	0	0	0	0	0	0	0	0	0.0	0.0
10	1198274	C	T	0	0	0	0	0	0	0	0	0	0	0	0.0	0.0
10	1199124	T	C	0	0	0	0	0	0	0	0	0	0	0	0.0	0.0
10	1199671	C	T	0	0	0	0	0	0	0	0	0	0	0	0.0	0.0
10	1200015	A	T	0	0	0	0	0	0	0	0	0	0	0	0.0	0.0
10	1200445	A	C	0	0	0	0	0	0	0	0	0	0	0	0.0	0.0
10	1201410	T	G	0	0	0	0	0	0	0	0	0	0	0	0.0	0.0
10	1201464	G	A	0	0	0	0	0	0	0	0	0	0	0	0.0	0.0
10	1201564	A	G	0	0	0	0	0	0	0	0	0	0	0	0.0	0.0
10	1201717	G	A	0	0	0	0	0	0	0	0	0	0	0	0.0	0.0
10	1202074	G	A	0	0	0	0	0	0	0	0	0	0	0	0.0	0.0
10	1202261	G	A	0	0	0	0	0	0	0	0	0	0	0	0.0	0.0
10	1203168	A	G	0	0	0	0	0	0	0	0	0	0	0	0.0	0.0
10	1203312	A	G	0	0	0	0	0	0	0	0	0	0	0	0.0	0.0
10	1203376	T	G	0	0	0	0	0	0	0	0	0	0	0	0.0	0.0
10	1203718	T	A	0	0	0	0	0	0	0	0	0	0	0	0.0	0.0
10	1204611	G	C	0	0	0	0	0	0	0	0	0	0	0	0.0	0.0
10	1206834	A	G	0	0	0	0	0	0	0	0	0	0	0	0.0	0.0
10	1207392	G	C	0	0	0	0	0	0	0	0	0	0	0	0.0	0.0
10	1214532	A	G	0	0	0	0	0	0	0	0	0	0	0	0.0	0.0
10	1214986	G	A	0	0	0	0	0	0	0	0	0	0	0	0.0	0.0
10	1221417	G	C	0	0	0	0	0	0	0	0	0	0	0	0.0	0.0
10	1223742	G	T	0	0	0	0	0	0	0	0	0	0	0	0.0	0.0
10	1224459	C	T	0	0	0	0	0	0	0	0	0	0	0	0.0	0.0
10	1225475	C	T	0	0	0	0	0	0	0	0	0	0	0	0.0	0.0
10	1226436	C	T	0	0	0	0	0	0	0	0	0	0	0	0.0	0.0
10	1226705	C	T	0	0	0	0	0	0	0	0	0	0	0	0.0	0.0
10	1226944	T	C	0	0	0	0	0	0	0	0	0	0	0	0.0	0.0
10	1226991	A	G	0	0	0	0	0	0	0	0	0	0	0	0.0	0.0
10	1227185	T	A	0	0	0	0	0	0	0	0	0	0	0	0.0	0.0
10	1227298	A	C	0	0	0	0	0	0	0	0	0	0	0	0.0	0.0
10	1227299	G	A	0	0	0	0	0	0	0	0	0	0	0	0.0	0.0
10	1227597	A	G	0	0	0	0	0	0	0	0	0	0	0	0.0	0.0
10	1227685	G	A	0	0	0	0	0	0	0	0	0	0	0	0.0	0.0
10	1227868	T	C	0	0	0	0	0	0	0	0	0	0	0	0.0	0.0
10	1227887	T	G	0	0	0	0	0	0	0	0	0	0	0	0.0	0.0
10	1227911	A	G	0	0	0	0	0	0	0	0	0	0	0	0.0	0.0
10	1228206	T	C	0	0	0	0	0	0	0	0	0	0	0	0.0	0.0
10	1228296	G	A	0	0	0	0	0	0	0	0	0	0	0	0.0	0.0
10	1228449	G	A	0	0	0	0	0	0	0	0	0	0	0	0.0	0.0
10	1228623	T	C	0	0	0	0	0	0	0	0	0	0	0	0.0	0.0
10	1228905	A	G	0	0	0	0	0	0	0	0	0	0	0	0.0	0.0
10	1229009	G	A	0	0	0	0	0	0	0	0	0	0	0	0.0	0.0
10	1229548	C	T	0	0	0	0	0	0	0	0	0	0	0	0.0	0.0
10	1229868	G	A	0	0	0	0	0	0	0	0	0	0	0	0.0	0.0
10	1230321	T	C	0	0	0	0	0	0	0	0	0	0	0	0.0	0.0
10	1230523	T	C	0	0	0	0	0	0	0	0	0	0	0	0.0	0.0
10	1230534	C	T	0	0	0	0	0	0	0	0	0	0	0	0.0	0.0
10	1230968	C	T	0	0	0	0	0	0	0	0	0	0	0	0.0	0.0
10	1231135	C	T	0	0	0	0	0	0	0	0	0	0	0	0.0	0.0
10	1232664	T	G	0	0	0	0	0	0	0	0	0	0	0	0.0	0.0
10	1232802	C	T	0	0	0	0	0	0	0	0	0	0	0	0.0	0.0
10	1235393	A	G	0	0	0	0	0	0	0	0	0	0	0	0.0	0.0
10	1237287	C	T	0	0	0	0	0	0	0	0	0	0	0	0.0	0.0
10	1237920	A	G	0	0	0	0	0	0	0	0	0	0	0	0.0	0.0
10	1238799	C	T	0	0	0	0	0	0	0	0	0	0	0	0.0	0.0
10	1238878	G	A	0	0	0	0	0	0	0	0	0	0	0	0.0	0.0
10	1239549	G	A	0	0	0	0	0	0	0	0	0	0	0	0.0	0.0
10	1240966	A	G	1	1	0	0	0	0	0	0	0	1	0	1.0	0.0
10	1242220	T	G	0	0	0	0	0	0	0	0	0	0	0	0.0	0.0
10	1242355	A	G	0	0	0	0	0	0	0	0	0	0	0	0.0	0.0
10	1242455	C	T	0	0	0	0	0	0	0	0	0	0	0	0.0	0.0
10	1244020	T	G	0	0	0	0	0	0	0	0	0	0	0	0.0	0.0
10	1244414	G	A	0	0	0	0	0	0	0	0	0	0	0	0.0	0.0
10	1247044	T	C	0	0	0	0	0	0	0	0	0	0	0	0.0	0.0
10	1247272	T	C	0	0	0	0	0	0	0	0	0	0	0	0.0	0.0
10	1247742	C	T	0	0	0	0	0	0	0	0	0	0	0	0.0	0.0
10	1248440	C	T	0	0	0	0	0	0	0	0	0	0	0	0.0	0.0
10	1248720	C	T	0	0	0	0	0	0	0	0	0	0	0	0.0	0.0
10	1251772	G	A	0	0	0	0	0	0	0	0	0	0	0	0.0	0.0
10	1252224	C	T	0	0	0	0	0	0	0	0	0	0	0	0.0	0.0
10	1253035	C	T	0	0	0	0	0	0	0	0	0	0	0	0.0	0.0
10	1253906	G	A	0	0	0	0	0	0	0	0	0	0	0	0.0	0.0
10	1254785	A	G	0	0	0	0	0	0	0	0	0	0	0	0.0	0.0
10	1255720	T	C	0	0	0	0	0	0	0	0	0	0	0	0.0	0.0
10	1256632	C	T	0	0	0	0	0	0	0	0	0	0	0	0.0	0.0
10	1256891	G	A	0	0	0	0	0	0	0	0	0	0	0	0.0	0.0
10	1258847	A	G	0	0	0	0	0	0	0	0	0	0	0	0.0	0.0
10	1259401	A	G	0	0	0	0	0	0	0	0	0	0	0	0.0	0.0
10	1259455	T	C	0	0	0	0	0	0	0	0	0	0	0	0.0	0.0
10	1259485	A	G	0	0	0	0	0	0	0	0	0	0	0	0.0	0.0
10	1262028	T	C	0	0	0	0	0	0	0	0	0	0	0	0.0	0.0
10	1263076	C	T	0	0	0	0	0	0	0	0	0	0	0	0.0	0.0
10	1263243	C	T	0	0	0	0	0	0	0	0	0	0	0	0.0	0.0
10	1264243	C	A	0	0	0	0	0	0	0	0	0	0	0	0.0	0.0
10	1264397	A	T	0	0	0	0	0	0	0	0	0	0	0	0.0	0.0
10	1264699	C	T	0	0	0	0	0	0	0	0	0	0	0	0.0	0.0
10	1265139	T	C	0	0	0	0	0	0	0	0	0	0	0	0.0	0.0
10	1266583	A	T	0	0	0	0	0	0	0	0	0	0	0	0.0	0.0
10	1267685	A	G	0	0	0	0	0	0	0	0	0	0	0	0.0	0.0
10	1269700	C	G	0	0	0	0	0	0	0	0	0	0	0	0.0	0.0
10	1269767	G	A	0	0	0	0	0	0	0	0	0	0	0	0.0	0.0
10	1271008	T	A	0	0	0	0	0	0	0	0	0	0	0	0.0	0.0
10	1271563	T	C	0	0	0	0	0	0	0	0	0	0	0	0.0	0.0
10	1272647	G	A	0	0	0	0	0	0	0	0	0	0	0	0.0	0.0
10	1273020	T	C	0	0	0	0	0	0	0	0	0	0	0	0.0	0.0
10	1273349	G	C	0	0	0	0	0	0	0	0	0	0	0	0.0	0.0
10	1273650	A	G	0	0	0	0	0	0	0	0	0	0	0	0.0	0.0
10	1273841	T	G	0	0	0	0	0	0	0	0	0	0	0	0.0	0.0
10	1274041	C	G	0	0	0	0	0	0	0	0	0	0	0	0.0	0.0
10	1275157	A	G	0	0	0	0	0	0	0	0	0	0	0	0.0	0.0
10	1276311	C	T	0	0	0	0	0	0	0	0	0	0	0	0.0	0.0
10	1276615	C	T	0	0	0	0	0	0	0	0	0	0	0	0.0	0.0
10	1277147	G	C	0	0	0	0	0	0	0	0	0	0	0	0.0	0.0
10	1277716	A	G	0	0	0	0	0	0	0	0	0	0	0	0.0	0.0
10	1278028	G	A	0	0	0	0	0	0	0	0	0	0	0	0.0	0.0
10	1279171	C	G	0	0	0	0	0	0	0	0	0	0	0	0.0	0.0
10	1279184	G	A	0	0	0	0	0	0	0	0	0	0	0	0.0	0.0
10	1279272	A	G	0	0	0	0	0	0	0	0	0	0	0	0.0	0.0
10	1279391	A	G	0	0	0	0	0	0	0	0	0	0	0	0.0	0.0
10	1279446	T	C	0	0	0	0	0	0	0	0	0	0	0	0.0	0.0
10	1279598	G	A	0	0	0	0	0	0	0	0	0	0	0	0.0	0.0
10	1280040	T	A	0	0	0	0	0	0	0	0	0	0	0	0.0	0.0
10	1280409	T	G	0	0	0	0	0	0	0	0	0	0	0	0.0	0.0
10	1282530	C	A	0	0	0	0	0	0	0	0	0	0	0	0.0	0.0
10	1282718	C	T	0	0	0	0	0	0	0	0	0	0	0	0.0	0.0
10	1282828	T	C	0	0	0	0	0	0	0	0	0	0	0	0.0	0.0
10	1283471	C	T	0	0	0	0	0	0	0	0	0	0	0	0.0	0.0
10	1284672	G	A	0	0	0	0	0	0	0	0	0	0	0	0.0	0.0
10	1285054	G	C	0	0	0	0	0	0	0	0	0	0	0	0.0	0.0
10	1286740	C	T	0	0	0	0	0	0	0	0	0	0	0	0.0	0.0
10	1287826	T	C	0	0	0	0	0	0	0	0	0	0	0	0.0	0.0
10	1287827	G	A	0	0	0	0	0	0	0	0	0	0	0	0.0	0.0
10	1287890	C	T	0	0	0	0	0	0	0	0	0	0	0	0.0	0.0
10	1290555	T	C	0	0	0	0	0	0	0	0	0	0	0	0.0	0.0
10	1292757	G	C	0	0	0	0	0	0	0	0	0	0	0	0.0	0.0
10	1294025	G	A	0	0	0	0	0	0	0	0	0	0	0	0.0	0.0
10	1295621	A	G	0	0	0	0	0	0	0	0	0	0	0	0.0	0.0
10	1296968	T	G	0	0	0	0	0	0	0	0	0	0	0	0.0	0.0
10	1297273	C	G	0	0	0	0	0	0	0	0	0	0	0	0.0	0.0
10	1300253	C	A	0	0	0	0	0	0	0	0	0	0	0	0.0	0.0
10	1301168	A	G	0	0	0	0	0	0	0	0	0	0	0	0.0	0.0
10	1301288	G	T	0	0	0	0	0	0	0	0	0	0	0	0.0	0.0
10	1303888	G	A	0	0	0	0	0	0	0	0	0	0	0	0.0	0.0
10	1306220	T	G	0	0	0	0	0	0	0	0	0	0	0	0.0	0.0
10	1306745	G	A	0	0	0	0	0	0	0	0	0	0	0	0.0	0.0
10	1307615	C	G	0	0	0	0	0	0	0	0	0	0	0	0.0	0.0
10	1307618	T	C	0	0	0	0	0	0	0	0	0	0	0	0.0	0.0
10	1310657	A	G	0	0	0	0	0	0	0	0	0	0	0	0.0	0.0
10	1312848	C	G	0	0	0	0	0	0	0	0	0	0	0	0.0	0.0
10	1313761	C	T	0	0	0	0	0	0	0	0	0	0	0	0.0	0.0
10	1315045	G	A	0	0	0	0	0	0	0	0	0	0	0	0.0	0.0
10	1315446	G	A	0	0	0	0	0	0	0	0	0	0	0	0.0	0.0
10	1316520	G	A	0	0	0	0	0	0	0	0	0	0	0	0.0	0.0
10	1317300	T	C	0	0	0	0	0	0	0	0	0	0	0	0.0	0.0
10	1317720	A	T	0	0	0	0	0	0	0	0	0	0	0	0.0	0.0
10	1318592	T	C	0	0	0	0	0	0	0	0	0	0	0	0.0	0.0
10	1318658	G	A	0	0	0	0	0	0	0	0	0	0	0	0.0	0.0
10	1318736	C	T	0	0	0	0	0	0	0	0	0	0	0	0.0	0.0
10	1318839	A	C	0	0	0	0	0	0	0	0	0	0	0	0.0	0.0
10	1319400	A	G	0	0	0	0	0	0	0	0	0	0	0	0.0	0.0
10	1319872	A	G	0	0	0	0	0	0	0	0	0	0	0	0.0	0.0
10	1320628	A	C	0	0	0	0	0	0	0	0	0	0	0	0.0	0.0
10	1321925	T	C	0	0	0	0	0	0	0	0	0	0	0	0.0	0.0
10	1322617	C	T	0	0	0	0	0	0	0	0	0	0	0	0.0	0.0
10	1325261	G	A	0	0	0	0	0	0	0	0	0	0	0	0.0	0.0
10	1325411	T	C	0	0	0	0	0	0	0	0	0	0	0	0.0	0.0
10	1326666	C	T	0	0	0	0	0	0	0	0	0	0	0	0.0	0.0
10	1327182	T	C	0	0	0	0	0	0	0	0	0	0	0	0.0	0.0
10	1327807	C	T	0	0	0	0	0	0	0	0	0	0	0	0.0	0.0
10	1328178	C	T	0	0	0	0	0	0	0	0	0	0	0	0.0	0.0
10	1328194	T	C	0	0	0	0	0	0	0	0	0	0	0	0.0	0.0
10	1330203	T	C	0	0	0	0	0	0	0	0	0	0	0	0.0	0.0
10	1330769	C	T	0	0	0	0	0	0	0	0	0	0	0	0.0	0.0
10	1330771	T	A	0	0	0	0	0	0	0	0	0	0	0	0.0	0.0
10	1332599	G	A	0	0	0	0	0	0	0	0	0	0	0	0.0	0.0
10	1333590	G	A	0	0	0	0	0	0	0	0	0	0	0	0.0	0.0
10	1334078	G	T	0	0	0	0	0	0	0	0	0	0	0	0.0	0.0
10	1334770	G	A	0	0	0	0	0	0	0	0	0	0	0	0.0	0.0
10	1335557	G	A	0	0	0	0	0	0	0	0	0	0	0	0.0	0.0
10	1336173	G	A	0	0	0	0	0	0	0	0	0	0	0	0.0	0.0
10	1338437	A	G	0	0	0	0	0	0	0	0	0	0	0	0.0	0.0
10	1338734	A	G	0	0	0	0	0	0	0	0	0	0	0	0.0	0.0
10	1339185	C	T	0	0	0	0	0	0	0	0	0	0	0	0.0	0.0
10	1341739	T	G	0	0	0	0	0	0	0	0	0	0	0	0.0	0.0
10	1342788	C	G	0	0	0	0	0	0	0	0	0	0	0	0.0	0.0
10	1343017	C	T	0	0	0	0	0	0	0	0	0	0	0	0.0	0.0
10	1344142	A	C	0	0	0	0	0	0	0	0	0	0	0	0.0	0.0
10	1344693	G	A	0	0	0	0	0	0	0	0	0	0	0	0.0	0.0
10	1351779	T	C	0	0	0	0	0	0	0	0	0	0	0	0.0	0.0
10	1352211	G	C	0	0	0	0	0	0	0	0	0	0	0	0.0	0.0
10	1352571	T	C	0	0	0	0	0	0	0	0	0	0	0	0.0	0.0
10	1355218	G	A	0	0	0	0	0	0	0	0	0	0	0	0.0	0.0
10	1357128	C	A	0	0	0	0	0	0	0	0	0	0	0	0.0	0.0
10	1358654	C	T	0	0	0	0	0	0	0	0	0	0	0	0.0	0.0
10	1360614	C	G	0	0	0	0	0	0	0	0	0	0	0	0.0	0.0
10	1361301	G	C	0	0	0	0	0	0	0	0	0	0	0	0.0	0.0
10	1363630	C	G	0	0	0	0	0	0	0	0	0	0	0	0.0	0.0
10	1363955	G	C	0	0	0	0	0	0	0	0	0	0	0	0.0	0.0
10	1366428	G	A	0	0	0	0	0	0	0	0	0	0	0	0.0	0.0
10	1366701	T	C	0	0	0	0	0	0	0	0	0	0	0	0.0	0.0
10	1366888	T	C	0	0	0	0	0	0	0	0	0	0	0	0.0	0.0
10	1366973	G	A	0	0	0	0	0	0	0	0	0	0	0	0.0	0.0
10	1367284	A	C	0	0	0	0	0	0	0	0	0	0	0	0.0	0.0
10	1367514	G	A	0	0	0	0	0	0	0	0	0	0	0	0.0	0.0
10	1367735	G	A	0	0	0	0	0	0	0	0	0	0	0	0.0	0.0
10	1367898	T	C	0	0	0	0	0	0	0	0	0	0	0	0.0	0.0
10	1370580	A	G	0	0	0	0	0	0	0	0	0	0	0	0.0	0.0
10	1371610	C	A	0	0	0	0	0	0	0	0	0	0	0	0.0	0.0
10	1372573	G	T	0	0	0	0	0	0	0	0	0	0	0	0.0	0.0
10	1373048	G	C	0	0	0	0	0	0	0	0	0	0	0	0.0	0.0
10	1373144	A	C	0	0	0	0	0	0	0	0	0	0	0	0.0	0.0
10	1374414	C	A	0	0	0	0	0	0	0	0	0	0	0	0.0	0.0
10	1374464	T	C	0	0	0	0	0	0	0	0	0	0	0	0.0	0.0
10	1374619	A	T	0	0	0	0	0	0	0	0	0	0	0	0.0	0.0
10	1374676	G	T	0	0	0	0	0	0	0	0	0	0	0	0.0	0.0
10	1376089	C	T	0	0	0	0	0	0	0	0	0	0	0	0.0	0.0
10	1376353	C	T	0	0	0	0	0	0	0	0	0	0	0	0.0	0.0
10	1377484	T	G	0	0	0	0	0	0	0	0	0	0	0	0.0	0.0
10	1378936	A	G	0	0	0	0	0	0	0	0	0	0	0	0.0	0.0
10	1380734	A	T	0	0	0	0	0	0	0	0	0	0	0	0.0	0.0
10	1381482	C	T	0	0	0	0	0	0	0	0	0	0	0	0.0	0.0
10	1381763	G	T	0	0	0	0	0	0	0	0	0	0	0	0.0	0.0
10	1384437	C	T	0	0	0	0	0	0	0	0	0	0	0	0.0	0.0
10	1385533	G	A	0	0	0	0	0	0	0	0	0	0	0	0.0	0.0
10	1385851	A	G	0	0	0	0	0	0	0	0	0	0	0	0.0	0.0
10	1386420	A	G	0	0	0	0	0	0	0	0	0	0	0	0.0	0.0
10	1386971	A	G	0	0	0	0	0	0	0	0	0	0	0	0.0	0.0
10	1387311	G	A	0	0	0	0	0	0	0	0	0	0	0	0.0	0.0
10	1388094	C	T	0	0	0	0	0	0	0	0	0	0	0	0.0	0.0
10	1388897	G	A	0	0	0	0	0	0	0	0	0	0	0	0.0	0.0
10	1390480	G	A	0	0	0	0	0	0	0	0	0	0	0	0.0	0.0
10	1393181	G	A	0	0	0	0	0	0	0	0	0	0	0	0.0	0.0
10	1393583	A	G	0	0	0	0	0	0	0	0	0	0	0	0.0	0.0
10	1393592	C	T	0	0	0	0	0	0	0	0	0	0	0	0.0	0.0
10	1393647	T	C	0	0	0	0	0	0	0	0	0	0	0	0.0	0.0
10	1393649	C	G	0	0	0	0	0	0	0	0	0	0	0	0.0	0.0
10	1394210	C	A	0	0	0	0	0	0	0	0	0	0	0	0.0	0.0
10	1394323	C	A	0	0	0	0	0	0	0	0	0	0	0	0.0	0.0
10	1394358	T	C	0	0	0	0	0	0	0	0	0	0	0	0.0	0.0
10	1394360	T	G	0	0	0	0	0	0	0	0	0	0	0	0.0	0.0
10	1394362	A	G	0	0	0	0	0	0	0	0	0	0	0	0.0	0.0
10	1396155	C	T	0	0	0	0	0	0	0	0	0	0	0	0.0	0.0
10	1396273	T	C	0	0	0	0	0	0	0	0	0	0	0	0.0	0.0
10	1396280	C	T	0	0	0	0	0	0	0	0	0	0	0	0.0	0.0
10	1396292	T	C	0	0	0	0	0	0	0	0	0	0	0	0.0	0.0
10	1396484	C	T	0	0	0	0	0	0	0	0	0	0	0	0.0	0.0
10	1396489	T	C	0	0	0	0	0	0	0	0	0	0	0	0.0	0.0
10	1396752	A	G	0	0	0	0	0	0	0	0	0	0	0	0.0	0.0
10	1397015	G	C	0	0	0	0	0	0	0	0	0	0	0	0.0	0.0
10	1397108	A	C	0	0	0	0	0	0	0	0	0	0	0	0.0	0.0
10	1397328	T	C	0	0	0	0	0	0	0	0	0	0	0	0.0	0.0
10	1397461	T	C	0	0	0	0	0	0	0	0	0	0	0	0.0	0.0
10	1400255	G	A	0	0	0	0	0	0	0	0	0	0	0	0.0	0.0
10	1401546	C	T	0	0	0	0	0	0	0	0	0	0	0	0.0	0.0
10	1401584	T	C	0	0	0	0	0	0	0	0	0	0	0	0.0	0.0
10	1402046	C	A	0	0	0	0	0	0	0	0	0	0	0	0.0	0.0
10	1402389	G	A	0	0	0	0	0	0	0	0	0	0	0	0.0	0.0
10	1402884	T	G	0	0	0	0	0	0	0	0	0	0	0	0.0	0.0
10	1402946	G	C	0	0	0	0	0	0	0	0	0	0	0	0.0	0.0
10	1404073	C	T	0	0	0	0	0	0	0	0	0	0	0	0.0	0.0
10	1404502	G	A	0	0	0	0	0	0	0	0	0	0	0	0.0	0.0
10	1405164	G	A	0	0	0	0	0	0	0	0	0	0	0	0.0	0.0
10	1406228	T	C	0	0	0	0	0	0	0	0	0	0	0	0.0	0.0
10	1406364	T	C	0	0	0	0	0	0	0	0	0	0	0	0.0	0.0
10	1406899	G	A	0	0	0	0	0	0	0	0	0	0	0	0.0	0.0
10	1407728	G	A	0	0	0	0	0	0	0	0	0	0	0	0.0	0.0
10	1407826	C	T	0	0	0	0	0	0	0	0	0	0	0	0.0	0.0
10	1409378	C	T	0	0	0	0	0	0	0	0	0	0	0	0.0	0.0
10	1409662	A	G	0	0	0	0	0	0	0	0	0	0	0	0.0	0.0
10	1410060	A	G	0	0	0	0	0	0	0	0	0	0	0	0.0	0.0
10	1410394	A	G	0	0	0	0	0	0	0	0	0	0	0	0.0	0.0
10	1410916	G	A	0	0	0	0	0	0	0	0	0	0	0	0.0	0.0
10	1410927	G	A	0	0	0	0	0	0	0	0	0	0	0	0.0	0.0
10	1411923	T	C	0	0	0	0	0	0	0	0	0	0	0	0.0	0.0
10	1412163	T	C	0	0	0	0	0	0	0	0	0	0	0	0.0	0.0
10	1412300	T	C	0	0	0	0	0	0	0	0	0	0	0	0.0	0.0
10	1413539	C	G	0	0	0	0	0	0	0	0	0	0	0	0.0	0.0
10	1413974	A	G	0	0	0	0	0	0	0	0	0	0	0	0.0	0.0
10	1414745	T	C	0	0	0	0	0	0	0	0	0	0	0	0.0	0.0
10	1415366	C	A	0	0	0	0	0	0	0	0	0	0	0	0.0	0.0
10	1415456	C	T	0	0	0	0	0	0	0	0	0	0	0	0.0	0.0
10	1417530	C	T	0	0	0	0	0	0	0	0	0	0	0	0.0	0.0
10	1429876	G	T	0	0	0	0	0	0	0	0	0	0	0	0.0	0.0
10	1434168	C	A	0	0	0	0	0	0	0	0	0	0	0	0.0	0.0
10	1436060	G	C	0	0	0	0	0	0	0	0	0	0	0	0.0	0.0
10	1436204	G	A	0	0	0	0	0	0	0	0	0	0	0	0.0	0.0
10	1437504	A	C	0	0	0	0	0	0	0	0	0	0	0	0.0	0.0
10	1437670	C	T	0	0	0	0	0	0	0	0	0	0	0	0.0	0.0
10	1437915	C	G	0	0	0	0	0	0	0	0	0	0	0	0.0	0.0
10	1439996	G	A	0	0	0	0	0	0	0	0	0	0	0	0.0	0.0
10	1442391	G	A	0	0	0	0	0	0	0	0	0	0	0	0.0	0.0
10	1442646	T	C	0	0	0	0	0	0	0	0	0	0	0	0.0	0.0
10	1443088	G	T	0	0	0	0	0	0	0	0	0	0	0	0.0	0.0
10	1445809	C	A	0	0	0	0	0	0	0	0	0	0	0	0.0	0.0
10	1445849	G	A	0	0	0	0	0	0	0	0	0	0	0	0.0	0.0
10	1446832	C	G	0	0	0	0	0	0	0	0	0	0	0	0.0	0.0
10	1447951	A	C	0	0	0	0	0	0	0	0	0	0	0	0.0	0.0
10	1449377	C	T	0	0	0	0	0	0	0	0	0	0	0	0.0	0.0
10	1451901	C	T	0	0	0	0	0	0	0	0	0	0	0	0.0	0.0
10	1451938	C	T	0	0	0	0	0	0	0	0	0	0	0	0.0	0.0
10	1452079	G	A	0	0	0	0	0	0	0	0	0	0	0	0.0	0.0
10	1453314	A	T	0	0	0	0	0	0	0	0	0	0	0	0.0	0.0
10	1454457	G	A	0	0	0	0	0	0	0	0	0	0	0	0.0	0.0
10	1454864	C	T	0	0	0	0	0	0	0	0	0	0	0	0.0	0.0
10	1455094	A	T	0	0	0	0	0	0	0	0	0	0	0	0.0	0.0
10	1455444	G	A	0	0	0	0	0	0	0	0	0	0	0	0.0	0.0
10	1456275	C	T	0	0	0	0	0	0	0	0	0	0	0	0.0	0.0
10	1456554	T	C	0	0	0	0	0	0	0	0	0	0	0	0.0	0.0
10	1457889	T	C	0	0	0	0	0	0	0	0	0	0	0	0.0	0.0
10	1457920	G	A	0	0	0	0	0	0	0	0	0	0	0	0.0	0.0
10	1458758	C	G	0	0	0	0	0	0	0	0	0	0	0	0.0	0.0
10	1458961	A	C	0	0	0	0	0	0	0	0	0	0	0	0.0	0.0
10	1459066	T	C	0	0	0	0	0	0	0	0	0	0	0	0.0	0.0
10	1459379	G	A	0	0	0	0	0	0	0	0	0	0	0	0.0	0.0
10	1459685	G	A	0	0	0	0	0	0	0	0	0	0	0	0.0	0.0
10	1460432	T	C	0	0	0	0	0	0	0	0	0	0	0	0.0	0.0
10	1460488	G	T	0	0	0	0	0	0	0	0	0	0	0	0.0	0.0
10	1460627	T	C	0	0	0	0	0	0	0	0	0	0	0	0.0	0.0
10	1460688	T	C	0	0	0	0	0	0	0	0	0	0	0	0.0	0.0
10	1460903	T	C	0	0	0	0	0	0	0	0	0	0	0	0.0	0.0
10	1461116	T	C	0	0	0	0	0	0	0	0	0	0	0	0.0	0.0
10	1461139	G	C	0	0	0	0	0	0	0	0	0	0	0	0.0	0.0
10	1461140	C	T	0	0	0	0	0	0	0	0	0	0	0	0.0	0.0
10	1461286	T	C	0	0	0	0	0	0	0	0	0	0	0	0.0	0.0
10	1461311	A	G	0	0	0	0	0	0	0	0	0	0	0	0.0	0.0
10	1461778	C	T	0	0	0	0	0	0	0	0	0	0	0	0.0	0.0
10	1462457	T	C	0	0	0	0	0	0	0	0	0	0	0	0.0	0.0
10	1463158	G	C	0	0	0	0	0	0	0	0	0	0	0	0.0	0.0
10	1464892	T	C	2	0	0	0	0	0	0	2	0	0	2	0.0	1.0
10	1465139	G	A	0	0	0	0	0	0	0	0	0	0	0	0.0	0.0
10	1465143	T	C	0	0	0	0	0	0	0	0	0	0	0	0.0	0.0
10	1466849	A	T	0	0	0	0	0	0	0	0	0	0	0	0.0	0.0
10	1467175	T	G	0	0	0	0	0	0	0	0	0	0	0	0.0	0.0
10	1467202	C	T	0	0	0	0	0	0	0	0	0	0	0	0.0	0.0
10	1468472	G	A	0	0	0	0	0	0	0	0	0	0	0	0.0	0.0
10	1470000	C	A	0	0	0	0	0	0	0	0	0	0	0	0.0	0.0
10	1470164	T	C	0	0	0	0	0	0	0	0	0	0	0	0.0	0.0
10	1470966	C	G	0	0	0	0	0	0	0	0	0	0	0	0.0	0.0
10	1471559	T	C	0	0	0	0	0	0	0	0	0	0	0	0.0	0.0
10	1473203	C	G	0	0	0	0	0	0	0	0	0	0	0	0.0	0.0
10	1473412	A	G	0	0	0	0	0	0	0	0	0	0	0	0.0	0.0
10	1474611	C	G	0	0	0	0	0	0	0	0	0	0	0	0.0	0.0
10	1475286	C	T	0	0	0	0	0	0	0	0	0	0	0	0.0	0.0
10	1475811	T	C	0	0	0	0	0	0	0	0	0	0	0	0.0	0.0
10	1475875	G	T	0	0	0	0	0	0	0	0	0	0	0	0.0	0.0
10	1475948	C	T	0	0	0	0	0	0	0	0	0	0	0	0.0	0.0
10	1476856	C	G	0	0	0	0	0	0	0	0	0	0	0	0.0	0.0
10	1477202	C	G	0	0	0	0	0	0	0	0	0	0	0	0.0	0.0
10	1477221	G	C	0	0	0	0	0	0	0	0	0	0	0	0.0	0.0
10	1477677	G	A	0	0	0	0	0	0	0	0	0	0	0	0.0	0.0
10	1478171	C	A	0	0	0	0	0	0	0	0	0	0	0	0.0	0.0
10	1478797	A	C	0	0	0	0	0	0	0	0	0	0	0	0.0	0.0
10	1479767	C	T	0	0	0	0	0	0	0	0	0	0	0	0.0	0.0
10	1479838	G	A	0	0	0	0	0	0	0	0	0	0	0	0.0	0.0
10	1479905	G	C	0	0	0	0	0	0	0	0	0	0	0	0.0	0.0
10	1482722	C	T	0	0	0	0	0	0	0	0	0	0	0	0.0	0.0
10	1482913	G	C	0	0	0	0	0	0	0	0	0	0	0	0.0	0.0
10	1484722	C	A	0	0	0	0	0	0	0	0	0	0	0	0.0	0.0
10	1484759	T	C	0	0	0	0	0	0	0	0	0	0	0	0.0	0.0
10	1487763	A	T	0	0	0	0	0	0	0	0	0	0	0	0.0	0.0
10	1487877	T	C	0	0	0	0	0	0	0	0	0	0	0	0.0	0.0
10	1487911	G	A	0	0	0	0	0	0	0	0	0	0	0	0.0	0.0
10	1488444	T	C	0	0	0	0	0	0	0	0	0	0	0	0.0	0.0
10	1489464	A	T	0	0	0	0	0	0	0	0	0	0	0	0.0	0.0
10	1491339	C	T	0	0	0	0	0	0	0	0	0	0	0	0.0	0.0
10	1492202	G	A	0	0	0	0	0	0	0	0	0	0	0	0.0	0.0
10	1492598	T	C	0	0	0	0	0	0	0	0	0	0	0	0.0	0.0
10	1492606	T	C	0	0	0	0	0	0	0	0	0	0	0	0.0	0.0
10	1492807	A	G	0	0	0	0	0	0	0	0	0	0	0	0.0	0.0
10	1493277	T	C	0	0	0	0	0	0	0	0	0	0	0	0.0	0.0
10	1493450	C	T	0	0	0	0	0	0	0	0	0	0	0	0.0	0.0
10	1493513	T	C	0	0	0	0	0	0	0	0	0	0	0	0.0	0.0
10	1494386	G	T	0	0	0	0	0	0	0	0	0	0	0	0.0	0.0
10	1495272	A	G	0	0	0	0	0	0	0	0	0	0	0	0.0	0.0
10	1496552	C	T	0	0	0	0	0	0	0	0	0	0	0	0.0	0.0
10	1496609	A	G	0	0	0	0	0	0	0	0	0	0	0	0.0	0.0
10	1497373	G	C	0	0	0	0	0	0	0	0	0	0	0	0.0	0.0
10	1498491	G	A	0	0	0	0	0	0	0	0	0	0	0	0.0	0.0
10	1499053	G	A	0	0	0	0	0	0	0	0	0	0	0	0.0	0.0
10	1499475	C	T	0	0	0	0	0	0	0	0	0	0	0	0.0	0.0
10	1499610	T	C	0	0	0	0	0	0	0	0	0	0	0	0.0	0.0
10	1499674	G	A	0	0	0	0	0	0	0	0	0	0	0	0.0	0.0
10	1499782	C	T	0	0	0	0	0	0	0	0	0	0	0	0.0	0.0
10	1499964	C	T	0	0	0	0	0	0	0	0	0	0	0	0.0	0.0
10	1499980	G	A	0	0	0	0	0	0	0	0	0	0	0	0.0	0.0
10	1500301	C	T	0	0	0	0	0	0	0	0	0	0	0	0.0	0.0
10	1500418	C	T	0	0	0	0	0	0	0	0	0	0	0	0.0	0.0
10	1500423	A	G	0	0	0	0	0	0	0	0	0	0	0	0.0	0.0
10	1500525	A	G	0	0	0	0	0	0	0	0	0	0	0	0.0	0.0
10	1500595	T	C	0	0	0	0	0	0	0	0	0	0	0	0.0	0.0
10	1500648	T	G	0	0	0	0	0	0	0	0	0	0	0	0.0	0.0
10	1500843	T	G	0	0	0	0	0	0	0	0	0	0	0	0.0	0.0
10	1500871	A	G	0	0	0	0	0	0	0	0	0	0	0	0.0	0.0
10	1501209	T	C	0	0	0	0	0	0	0	0	0	0	0	0.0	0.0
10	1501271	T	C	0	0	0	0	0	0	0	0	0	0	0	0.0	0.0
10	1501373	A	G	0	0	0	0	0	0	0	0	0	0	0	0.0	0.0
10	1501419	G	T	0	0	0	0	0	0	0	0	0	0	0	0.0	0.0
10	1501526	G	A	0	0	0	0	0	0	0	0	0	0	0	0.0	0.0
10	1501767	C	T	0	0	0	0	0	0	0	0	0	0	0	0.0	0.0
10	1501824	G	T	0	0	0	0	0	0	0	0	0	0	0	0.0	0.0
10	1501920	C	T	0	0	0	0	0	0	0	0	0	0	0	0.0	0.0
10	1502063	G	A	0	0	0	0	0	0	0	0	0	0	0	0.0	0.0
10	1505700	C	G	0	0	0	0	0	0	0	0	0	0	0	0.0	0.0
10	1505939	G	A	0	0	0	0	0	0	0	0	0	0	0	0.0	0.0
10	1507705	G	C	0	0	0	0	0	0	0	0	0	0	0	0.0	0.0
10	1508048	A	C	0	0	0	0	0	0	0	0	0	0	0	0.0	0.0
10	1508732	G	A	0	0	0	0	0	0	0	0	0	0	0	0.0	0.0
10	1508885	G	A	0	0	0	0	0	0	0	0	0	0	0	0.0	0.0
10	1508955	G	C	0	0	0	0	0	0	0	0	0	0	0	0.0	0.0
10	1510047	G	A	0	0	0	0	0	0	0	0	0	0	0	0.0	0.0
10	1511150	G	C	0	0	0	0	0	0	0	0	0	0	0	0.0	0.0
10	1511786	T	G	0	0	0	0	0	0	0	0	0	0	0	0.0	0.0
10	1512458	C	T	0	0	0	0	0	0	0	0	0	0	0	0.0	0.0
10	1512546	G	A	0	0	0	0	0	0	0	0	0	0	0	0.0	0.0
10	1513202	C	T	0	0	0	0	0	0	0	0	0	0	0	0.0	0.0
10	1513498	G	A	0	0	0	0	0	0	0	0	0	0	0	0.0	0.0
10	1513616	G	A	0	0	0	0	0	0	0	0	0	0	0	0.0	0.0
10	1514015	C	T	0	0	0	0	0	0	0	0	0	0	0	0.0	0.0
10	1514074	C	G	0	0	0	0	0	0	0	0	0	0	0	0.0	0.0
10	1514105	G	C	0	0	0	0	0	0	0	0	0	0	0	0.0	0.0
10	1514531	G	C	0	0	0	0	0	0	0	0	0	0	0	0.0	0.0
10	1516817	T	G	0	0	0	0	0	0	0	0	0	0	0	0.0	0.0
10	1517086	G	A	0	0	0	0	0	0	0	0	0	0	0	0.0	0.0
10	1517210	T	C	0	0	0	0	0	0	0	0	0	0	0	0.0	0.0
10	1517243	C	T	0	0	0	0	0	0	0	0	0	0	0	0.0	0.0
10	1518029	C	T	0	0	0	0	0	0	0	0	0	0	0	0.0	0.0
10	1518136	G	A	0	0	0	0	0	0	0	0	0	0	0	0.0	0.0
10	1519151	A	G	0	0	0	0	0	0	0	0	0	0	0	0.0	0.0
10	1520956	T	C	0	0	0	0	0	0	0	0	0	0	0	0.0	0.0
10	1521858	G	T	0	0	0	0	0	0	0	0	0	0	0	0.0	0.0
10	1523806	G	A	0	0	0	0	0	0	0	0	0	0	0	0.0	0.0
10	1523850	A	G	0	0	0	0	0	0	0	0	0	0	0	0.0	0.0
10	1523917	G	T	0	0	0	0	0	0	0	0	0	0	0	0.0	0.0
10	1561484	T	C	0	0	0	0	0	0	0	0	0	0	0	0.0	0.0
10	1582418	G	A	0	0	0	0	0	0	0	0	0	0	0	0.0	0.0
10	1593332	T	G	0	0	0	0	0	0	0	0	0	0	0	0.0	0.0
10	1603091	A	T	0	0	0	0	0	0	0	0	0	0	0	0.0	0.0
10	1608047	G	A	0	0	0	0	0	0	0	0	0	0	0	0.0	0.0
10	1608225	C	T	0	0	0	0	0	0	0	0	0	0	0	0.0	0.0
10	1608739	A	G	0	0	0	0	0	0	0	0	0	0	0	0.0	0.0
10	1609370	G	T	0	0	0	0	0	0	0	0	0	0	0	0.0	0.0
10	1610839	C	T	0	0	0	0	0	0	0	0	0	0	0	0.0	0.0
10	1612272	T	G	0	0	0	0	0	0	0	0	0	0	0	0.0	0.0
10	1612952	G	A	0	0	0	0	0	0	0	0	0	0	0	0.0	0.0
10	1613026	G	A	0	0	0	0	0	0	0	0	0	0	0	0.0	0.0
10	1613491	T	A	0	0	0	0	0	0	0	0	0	0	0	0.0	0.0
10	1613492	T	A	0	0	0	0	0	0	0	0	0	0	0	0.0	0.0
10	1613933	A	G	0	0	0	0	0	0	0	0	0	0	0	0.0	0.0
10	1614251	G	T	0	0	0	0	0	0	0	0	0	0	0	0.0	0.0
10	1614653	G	A	0	0	0	0	0	0	0	0	0	0	0	0.0	0.0
10	1616002	G	A	0	0	0	0	0	0	0	0	0	0	0	0.0	0.0
10	1616438	G	A	0	0	0	0	0	0	0	0	0	0	0	0.0	0.0
10	1616606	C	G	0	0	0	0	0	0	0	0	0	0	0	0.0	0.0
10	1616761	G	T	0	0	0	0	0	0	0	0	0	0	0	0.0	0.0
10	1617973	C	T	0	0	0	0	0	0	0	0	0	0	0	0.0	0.0
10	1618477	G	A	0	0	0	0	0	0	0	0	0	0	0	0.0	0.0
10	1618584	A	G	0	0	0	0	0	0	0	0	0	0	0	0.0	0.0
10	1618590	A	T	0	0	0	0	0	0	0	0	0	0	0	0.0	0.0
10	1618717	G	T	0	0	0	0	0	0	0	0	0	0	0	0.0	0.0
10	1618731	G	A	0	0	0	0	0	0	0	0	0	0	0	0.0	0.0
10	1618767	T	C	0	0	0	0	0	0	0	0	0	0	0	0.0	0.0
10	1619239	T	C	0	0	0	0	0	0	0	0	0	0	0	0.0	0.0
10	1619264	C	T	0	0	0	0	0	0	0	0	0	0	0	0.0	0.0
10	1619883	T	G	0	0	0	0	0	0	0	0	0	0	0	0.0	0.0
10	1619896	C	T	0	0	0	0	0	0	0	0	0	0	0	0.0	0.0
10	1620199	C	T	0	0	0	0	0	0	0	0	0	0	0	0.0	0.0
10	1620625	G	A	0	0	0	0	0	0	0	0	0	0	0	0.0	0.0
10	1620746	C	T	0	0	0	0	0	0	0	0	0	0	0	0.0	0.0
10	1621328	G	C	0	0	0	0	0	0	0	0	0	0	0	0.0	0.0
10	1621412	C	T	0	0	0	0	0	0	0	0	0	0	0	0.0	0.0
10	1621911	C	T	0	0	0	0	0	0	0	0	0	0	0	0.0	0.0
10	1623119	T	G	0	0	0	0	0	0	0	0	0	0	0	0.0	0.0
10	1623406	G	T	0	0	0	0	0	0	0	0	0	0	0	0.0	0.0
10	1624183	G	A	0	0	0	0	0	0	0	0	0	0	0	0.0	0.0
10	1624284	G	A	0	0	0	0	0	0	0	0	0	0	0	0.0	0.0
10	1625493	A	T	0	0	0	0	0	0	0	0	0	0	0	0.0	0.0
10	1627062	G	A	0	0	0	0	0	0	0	0	0	0	0	0.0	0.0
10	1627819	T	A	0	0	0	0	0	0	0	0	0	0	0	0.0	0.0
10	1628091	G	T	0	0	0	0	0	0	0	0	0	0	0	0.0	0.0
10	1629484	G	A	0	0	0	0	0	0	0	0	0	0	0	0.0	0.0
10	1629992	G	A	0	0	0	0	0	0	0	0	0	0	0	0.0	0.0
10	1630821	C	T	0	0	0	0	0	0	0	0	0	0	0	0.0	0.0
10	1630856	G	A	0	0	0	0	0	0	0	0	0	0	0	0.0	0.0
10	1630914	C	T	0	0	0	0	0	0	0	0	0	0	0	0.0	0.0
10	1631688	A	G	0	0	0	0	0	0	0	0	0	0	0	0.0	0.0
10	1631691	A	G	0	0	0	0	0	0	0	0	0	0	0	0.0	0.0
10	1632029	C	T	0	0	0	0	0	0	0	0	0	0	0	0.0	0.0
10	1643346	T	C	0	0	0	0	0	0	0	0	0	0	0	0.0	0.0
10	1643520	A	G	0	0	0	0	0	0	0	0	0	0	0	0.0	0.0
10	1644771	G	T	0	0	0	0	0	0	0	0	0	0	0	0.0	0.0
10	1645025	C	A	0	0	0	0	0	0	0	0	0	0	0	0.0	0.0
10	1645313	C	T	0	0	0	0	0	0	0	0	0	0	0	0.0	0.0
10	1645375	T	C	0	0	0	0	0	0	0	0	0	0	0	0.0	0.0
10	1645387	C	A	0	0	0	0	0	0	0	0	0	0	0	0.0	0.0
10	1645456	G	A	0	0	0	0	0	0	0	0	0	0	0	0.0	0.0
10	1646899	C	T	0	0	0	0	0	0	0	0	0	0	0	0.0	0.0
10	1647315	C	T	0	0	0	0	0	0	0	0	0	0	0	0.0	0.0
10	1648494	C	G	0	0	0	0	0	0	0	0	0	0	0	0.0	0.0
10	1653707	C	G	0	0	0	0	0	0	0	0	0	0	0	0.0	0.0
10	1653893	T	G	0	0	0	0	0	0	0	0	0	0	0	0.0	0.0
10	1654273	G	T	0	0	0	0	0	0	0	0	0	0	0	0.0	0.0
10	1654279	T	C	0	0	0	0	0	0	0	0	0	0	0	0.0	0.0
10	1654581	A	C	0	0	0	0	0	0	0	0	0	0	0	0.0	0.0
10	1654685	T	C	0	0	0	0	0	0	0	0	0	0	0	0.0	0.0
10	1654714	C	G	0	0	0	0	0	0	0	0	0	0	0	0.0	0.0
10	1654912	G	A	0	0	0	0	0	0	0	0	0	0	0	0.0	0.0
10	1655428	T	G	0	0	0	0	0	0	0	0	0	0	0	0.0	0.0
10	1655849	T	G	0	0	0	0	0	0	0	0	0	0	0	0.0	0.0
10	1655887	A	G	0	0	0	0	0	0	0	0	0	0	0	0.0	0.0
10	1655969	T	C	0	0	0	0	0	0	0	0	0	0	0	0.0	0.0
10	1655993	C	T	0	0	0	0	0	0	0	0	0	0	0	0.0	0.0
10	1656452	C	T	0	0	0	0	0	0	0	0	0	0	0	0.0	0.0
10	1657184	C	T	0	0	0	0	0	0	0	0	0	0	0	0.0	0.0
10	1657297	G	T	0	0	0	0	0	0	0	0	0	0	0	0.0	0.0
10	1657445	C	T	0	0	0	0	0	0	0	0	0	0	0	0.0	0.0
10	1657615	G	A	0	0	0	0	0	0	0	0	0	0	0	0.0	0.0
10	1657620	T	G	0	0	0	0	0	0	0	0	0	0	0	0.0	0.0
10	1657683	C	T	0	0	0	0	0	0	0	0	0	0	0	0.0	0.0
10	1657772	G	C	0	0	0	0	0	0	0	0	0	0	0	0.0	0.0
10	1657861	G	C	0	0	0	0	0	0	0	0	0	0	0	0.0	0.0
10	1657989	A	G	0	0	0	0	0	0	0	0	0	0	0	0.0	0.0
10	1658107	T	A	0	0	0	0	0	0	0	0	0	0	0	0.0	0.0
10	1658403	G	A	0	0	0	0	0	0	0	0	0	0	0	0.0	0.0
10	1658504	G	C	0	0	0	0	0	0	0	0	0	0	0	0.0	0.0
10	1658521	C	T	0	0	0	0	0	0	0	0	0	0	0	0.0	0.0
10	1658534	C	T	0	0	0	0	0	0	0	0	0	0	0	0.0	0.0
10	1658585	A	C	0	0	0	0	0	0	0	0	0	0	0	0.0	0.0
10	1659023	T	C	0	0	0	0	0	0	0	0	0	0	0	0.0	0.0
10	1660257	C	T	0	0	0	0	0	0	0	0	0	0	0	0.0	0.0
10	1660382	T	C	0	0	0	0	0	0	0	0	0	0	0	0.0	0.0
10	1660590	T	G	0	0	0	0	0	0	0	0	0	0	0	0.0	0.0
10	1660853	T	C	0	0	0	0	0	0	0	0	0	0	0	0.0	0.0
10	1660930	A	T	0	0	0	0	0	0	0	0	0	0	0	0.0	0.0
10	1661398	T	C	0	0	0	0	0	0	0	0	0	0	0	0.0	0.0
10	1661488	A	G	0	0	0	0	0	0	0	0	0	0	0	0.0	0.0
10	1661584	T	G	0	0	0	0	0	0	0	0	0	0	0	0.0	0.0
10	1661627	A	G	0	0	0	0	0	0	0	0	0	0	0	0.0	0.0
10	1662112	A	G	0	0	0	0	0	0	0	0	0	0	0	0.0	0.0
10	1663500	G	A	0	0	0	0	0	0	0	0	0	0	0	0.0	0.0
10	1664242	A	G	0	0	0	0	0	0	0	0	0	0	0	0.0	0.0
10	1664960	G	A	0	0	0	0	0	0	0	0	0	0	0	0.0	0.0
10	1665029	T	C	0	0	0	0	0	0	0	0	0	0	0	0.0	0.0
10	1665211	C	T	0	0	0	0	0	0	0	0	0	0	0	0.0	0.0
10	1665456	G	A	0	0	0	0	0	0	0	0	0	0	0	0.0	0.0
10	1665794	A	C	0	0	0	0	0	0	0	0	0	0	0	0.0	0.0
10	1669110	C	T	0	0	0	0	0	0	0	0	0	0	0	0.0	0.0
10	1669412	G	A	0	0	0	0	0	0	0	0	0	0	0	0.0	0.0
10	1669520	G	C	0	0	0	0	0	0	0	0	0	0	0	0.0	0.0
10	1669880	A	G	0	0	0	0	0	0	0	0	0	0	0	0.0	0.0
10	1670395	T	C	0	0	0	0	0	0	0	0	0	0	0	0.0	0.0
10	1670434	C	T	0	0	0	0	0	0	0	0	0	0	0	0.0	0.0
10	1670509	C	T	0	0	0	0	0	0	0	0	0	0	0	0.0	0.0
10	1670968	T	C	0	0	0	0	0	0	0	0	0	0	0	0.0	0.0
10	1670977	T	C	0	0	0	0	0	0	0	0	0	0	0	0.0	0.0
10	1670999	C	T	0	0	0	0	0	0	0	0	0	0	0	0.0	0.0
10	1671342	G	A	0	0	0	0	0	0	0	0	0	0	0	0.0	0.0
10	1674132	G	A	0	0	0	0	0	0	0	0	0	0	0	0.0	0.0
10	1674607	T	C	1	0	0	0	0	0	0	1	0	0	1	0.0	1.0
10	1677579	T	C	0	0	0	0	0	0	0	0	0	0	0	0.0	0.0
10	1678468	T	C	0	0	0	0	0	0	0	0	0	0	0	0.0	0.0
10	1688111	G	T	0	0	0	0	0	0	0	0	0	0	0	0.0	0.0
10	1690938	C	T	0	0	0	0	0	0	0	0	0	0	0	0.0	0.0
10	1691338	A	G	0	0	0	0	0	0	0	0	0	0	0	0.0	0.0
10	1714006	C	T	0	0	0	0	0	0	0	0	0	0	0	0.0	0.0
10	1714476	G	C	0	0	0	0	0	0	0	0	0	0	0	0.0	0.0
10	1736632	T	G	0	0	0	0	0	0	0	0	0	0	0	0.0	0.0
10	1739611	C	T	0	0	0	0	0	0	0	0	0	0	0	0.0	0.0
10	1747383	T	C	0	0	0	0	0	0	0	0	0	0	0	0.0	0.0
10	1747598	C	T	1	0	0	0	0	0	0	0	1	1	0	1.0	0.0
10	1747614	A	G	1	0	0	0	0	0	1	0	0	0	1	0.0	1.0
10	1749067	G	C	0	0	0	0	0	0	0	0	0	0	0	0.0	0.0
10	1749206	C	T	0	0	0	0	0	0	0	0	0	0	0	0.0	0.0
10	1750471	T	C	0	0	0	0	0	0	0	0	0	0	0	0.0	0.0
10	1751014	T	A	0	0	0	0	0	0	0	0	0	0	0	0.0	0.0
10	1753115	G	T	0	0	0	0	0	0	0	0	0	0	0	0.0	0.0
10	1753194	T	C	0	0	0	0	0	0	0	0	0	0	0	0.0	0.0
10	1753561	C	A	0	0	0	0	0	0	0	0	0	0	0	0.0	0.0
10	1754364	A	G	0	0	0	0	0	0	0	0	0	0	0	0.0	0.0
10	1754624	C	G	0	0	0	0	0	0	0	0	0	0	0	0.0	0.0
10	1755177	G	T	0	0	0	0	0	0	0	0	0	0	0	0.0	0.0
10	1756108	T	C	0	0	0	0	0	0	0	0	0	0	0	0.0	0.0
10	1756420	C	T	0	0	0	0	0	0	0	0	0	0	0	0.0	0.0
10	1756642	C	A	0	0	0	0	0	0	0	0	0	0	0	0.0	0.0
10	1757007	C	T	0	0	0	0	0	0	0	0	0	0	0	0.0	0.0
10	1759201	T	C	0	0	0	0	0	0	0	0	0	0	0	0.0	0.0
10	1760519	G	C	0	0	0	0	0	0	0	0	0	0	0	0.0	0.0
10	1760547	A	G	0	0	0	0	0	0	0	0	0	0	0	0.0	0.0
10	1760847	C	G	0	0	0	0	0	0	0	0	0	0	0	0.0	0.0
10	1760992	G	A	0	0	0	0	0	0	0	0	0	0	0	0.0	0.0
10	1761007	T	C	0	0	0	0	0	0	0	0	0	0	0	0.0	0.0
10	1761249	G	A	0	0	0	0	0	0	0	0	0	0	0	0.0	0.0
10	1761609	G	C	0	0	0	0	0	0	0	0	0	0	0	0.0	0.0
10	1762085	T	A	0	0	0	0	0	0	0	0	0	0	0	0.0	0.0
10	1762573	T	G	0	0	0	0	0	0	0	0	0	0	0	0.0	0.0
10	1762640	T	C	0	0	0	0	0	0	0	0	0	0	0	0.0	0.0
10	1777341	A	C	0	0	0	0	0	0	0	0	0	0	0	0.0	0.0
10	1780473	T	A	0	0	0	0	0	0	0	0	0	0	0	0.0	0.0
10	1780475	G	A	0	0	0	0	0	0	0	0	0	0	0	0.0	0.0
10	1782399	G	A	0	0	0	0	0	0	0	0	0	0	0	0.0	0.0
10	1872703	T	C	0	0	0	0	0	0	0	0	0	0	0	0.0	0.0
10	1874354	T	C	0	0	0	0	0	0	0	0	0	0	0	0.0	0.0
10	1876488	G	A	0	0	0	0	0	0	0	0	0	0	0	0.0	0.0
10	1876658	C	T	0	0	0	0	0	0	0	0	0	0	0	0.0	0.0
10	1880612	G	A	0	0	0	0	0	0	0	0	0	0	0	0.0	0.0
10	1881729	T	G	0	0	0	0	0	0	0	0	0	0	0	0.0	0.0
10	1883377	A	C	0	0	0	0	0	0	0	0	0	0	0	0.0	0.0
10	1889118	A	G	0	0	0	0	0	0	0	0	0	0	0	0.0	0.0
10	1889331	G	A	0	0	0	0	0	0	0	0	0	0	0	0.0	0.0
10	1889787	A	G	0	0	0	0	0	0	0	0	0	0	0	0.0	0.0
10	1889977	T	C	0	0	0	0	0	0	0	0	0	0	0	0.0	0.0
10	1890277	C	A	0	0	0	0	0	0	0	0	0	0	0	0.0	0.0
10	1890355	C	T	0	0	0	0	0	0	0	0	0	0	0	0.0	0.0
10	1890377	T	C	0	0	0	0	0	0	0	0	0	0	0	0.0	0.0
10	1890729	T	C	0	0	0	0	0	0	0	0	0	0	0	0.0	0.0
10	1890830	A	G	0	0	0	0	0	0	0	0	0	0	0	0.0	0.0
10	1891083	G	C	0	0	0	0	0	0	0	0	0	0	0	0.0	0.0
10	1891141	G	A	0	0	0	0	0	0	0	0	0	0	0	0.0	0.0
10	1891174	G	A	0	0	0	0	0	0	0	0	0	0	0	0.0	0.0
10	1891746	T	C	0	0	0	0	0	0	0	0	0	0	0	0.0	0.0
10	1891815	C	T	0	0	0	0	0	0	0	0	0	0	0	0.0	0.0
10	1893149	C	A	0	0	0	0	0	0	0	0	0	0	0	0.0	0.0
10	1893449	G	A	0	0	0	0	0	0	0	0	0	0	0	0.0	0.0
10	1894587	T	C	0	0	0	0	0	0	0	0	0	0	0	0.0	0.0
10	1894691	T	G	0	0	0	0	0	0	0	0	0	0	0	0.0	0.0
10	1895557	A	G	0	0	0	0	0	0	0	0	0	0	0	0.0	0.0
10	1895566	T	C	0	0	0	0	0	0	0	0	0	0	0	0.0	0.0
10	1895598	A	G	0	0	0	0	0	0	0	0	0	0	0	0.0	0.0
10	1895607	A	G	0	0	0	0	0	0	0	0	0	0	0	0.0	0.0
10	1895625	T	C	0	0	0	0	0	0	0	0	0	0	0	0.0	0.0
10	1896940	C	A	0	0	0	0	0	0	0	0	0	0	0	0.0	0.0
10	1897181	A	T	0	0	0	0	0	0	0	0	0	0	0	0.0	0.0
10	1897424	C	T	0	0	0	0	0	0	0	0	0	0	0	0.0	0.0
10	1897572	A	G	0	0	0	0	0	0	0	0	0	0	0	0.0	0.0
10	1897722	A	G	0	0	0	0	0	0	0	0	0	0	0	0.0	0.0
10	1897790	A	G	0	0	0	0	0	0	0	0	0	0	0	0.0	0.0
10	1897978	G	A	0	0	0	0	0	0	0	0	0	0	0	0.0	0.0
10	1898101	G	A	0	0	0	0	0	0	0	0	0	0	0	0.0	0.0
10	1898169	T	G	0	0	0	0	0	0	0	0	0	0	0	0.0	0.0
10	1898257	G	A	0	0	0	0	0	0	0	0	0	0	0	0.0	0.0
10	1898608	T	C	0	0	0	0	0	0	0	0	0	0	0	0.0	0.0
10	1898716	C	T	0	0	0	0	0	0	0	0	0	0	0	0.0	0.0
10	1898756	C	A	0	0	0	0	0	0	0	0	0	0	0	0.0	0.0
10	1898974	G	A	0	0	0	0	0	0	0	0	0	0	0	0.0	0.0
10	1899243	T	C	0	0	0	0	0	0	0	0	0	0	0	0.0	0.0
10	1899368	G	A	0	0	0	0	0	0	0	0	0	0	0	0.0	0.0
10	1899620	A	G	0	0	0	0	0	0	0	0	0	0	0	0.0	0.0
10	1899791	A	T	0	0	0	0	0	0	0	0	0	0	0	0.0	0.0
10	1900400	T	C	0	0	0	0	0	0	0	0	0	0	0	0.0	0.0
10	1900497	C	T	0	0	0	0	0	0	0	0	0	0	0	0.0	0.0
10	1900661	C	T	0	0	0	0	0	0	0	0	0	0	0	0.0	0.0
10	1900943	G	A	0	0	0	0	0	0	0	0	0	0	0	0.0	0.0
10	1901013	C	T	0	0	0	0	0	0	0	0	0	0	0	0.0	0.0
10	1901079	G	A	0	0	0	0	0	0	0	0	0	0	0	0.0	0.0
10	1901330	G	A	0	0	0	0	0	0	0	0	0	0	0	0.0	0.0
10	1901344	A	G	0	0	0	0	0	0	0	0	0	0	0	0.0	0.0
10	1901587	C	T	0	0	0	0	0	0	0	0	0	0	0	0.0	0.0
10	1902085	C	T	0	0	0	0	0	0	0	0	0	0	0	0.0	0.0
10	1902277	C	T	1	0	0	0	1	0	0	0	0	0	1	0.0	1.0
10	1902429	G	A	0	0	0	0	0	0	0	0	0	0	0	0.0	0.0
10	1902486	C	T	0	0	0	0	0	0	0	0	0	0	0	0.0	0.0
10	1902516	A	G	0	0	0	0	0	0	0	0	0	0	0	0.0	0.0
10	1902611	A	T	0	0	0	0	0	0	0	0	0	0	0	0.0	0.0
10	1902628	G	A	0	0	0	0	0	0	0	0	0	0	0	0.0	0.0
10	1902639	C	T	0	0	0	0	0	0	0	0	0	0	0	0.0	0.0
10	1902670	C	T	0	0	0	0	0	0	0	0	0	0	0	0.0	0.0
10	1903221	G	A	0	0	0	0	0	0	0	0	0	0	0	0.0	0.0
10	1904284	A	C	0	0	0	0	0	0	0	0	0	0	0	0.0	0.0
10	1904862	G	A	0	0	0	0	0	0	0	0	0	0	0	0.0	0.0
10	1905168	G	A	0	0	0	0	0	0	0	0	0	0	0	0.0	0.0
10	1906167	C	T	0	0	0	0	0	0	0	0	0	0	0	0.0	0.0
10	1907280	G	A	0	0	0	0	0	0	0	0	0	0	0	0.0	0.0
10	1907540	G	T	0	0	0	0	0	0	0	0	0	0	0	0.0	0.0
10	1907561	C	A	0	0	0	0	0	0	0	0	0	0	0	0.0	0.0
10	1907712	T	C	0	0	0	0	0	0	0	0	0	0	0	0.0	0.0
10	1909199	A	C	0	0	0	0	0	0	0	0	0	0	0	0.0	0.0
10	1909726	A	G	0	0	0	0	0	0	0	0	0	0	0	0.0	0.0
10	1909758	A	T	0	0	0	0	0	0	0	0	0	0	0	0.0	0.0
10	1909770	A	G	0	0	0	0	0	0	0	0	0	0	0	0.0	0.0
10	1910626	T	C	0	0	0	0	0	0	0	0	0	0	0	0.0	0.0
10	1910856	T	A	0	0	0	0	0	0	0	0	0	0	0	0.0	0.0
10	1911231	C	T	0	0	0	0	0	0	0	0	0	0	0	0.0	0.0
10	1911506	A	G	0	0	0	0	0	0	0	0	0	0	0	0.0	0.0
10	1912108	C	T	0	0	0	0	0	0	0	0	0	0	0	0.0	0.0
10	1912417	T	A	0	0	0	0	0	0	0	0	0	0	0	0.0	0.0
10	1912477	G	A	0	0	0	0	0	0	0	0	0	0	0	0.0	0.0
10	1912803	G	A	0	0	0	0	0	0	0	0	0	0	0	0.0	0.0
10	1912835	A	T	0	0	0	0	0	0	0	0	0	0	0	0.0	0.0
10	1912883	T	G	0	0	0	0	0	0	0	0	0	0	0	0.0	0.0
10	1913123	A	G	0	0	0	0	0	0	0	0	0	0	0	0.0	0.0
10	1913190	A	G	0	0	0	0	0	0	0	0	0	0	0	0.0	0.0
10	1913198	A	G	0	0	0	0	0	0	0	0	0	0	0	0.0	0.0
10	1913265	A	G	0	0	0	0	0	0	0	0	0	0	0	0.0	0.0
10	1913345	T	C	0	0	0	0	0	0	0	0	0	0	0	0.0	0.0
10	1972661	C	T	0	0	0	0	0	0	0	0	0	0	0	0.0	0.0
10	1976132	A	T	0	0	0	0	0	0	0	0	0	0	0	0.0	0.0
10	1976399	G	A	0	0	0	0	0	0	0	0	0	0	0	0.0	0.0
10	1976402	T	C	0	0	0	0	0	0	0	0	0	0	0	0.0	0.0
10	1976822	G	C	0	0	0	0	0	0	0	0	0	0	0	0.0	0.0
10	1976876	A	G	0	0	0	0	0	0	0	0	0	0	0	0.0	0.0
10	1977294	C	T	0	0	0	0	0	0	0	0	0	0	0	0.0	0.0
10	1977660	G	A	0	0	0	0	0	0	0	0	0	0	0	0.0	0.0
10	1977686	G	T	0	0	0	0	0	0	0	0	0	0	0	0.0	0.0
10	1977970	G	C	0	0	0	0	0	0	0	0	0	0	0	0.0	0.0
10	1978114	A	T	0	0	0	0	0	0	0	0	0	0	0	0.0	0.0
10	1978851	A	C	0	0	0	0	0	0	0	0	0	0	0	0.0	0.0
10	1979251	C	T	0	0	0	0	0	0	0	0	0	0	0	0.0	0.0
10	1979288	T	C	0	0	0	0	0	0	0	0	0	0	0	0.0	0.0
10	1979341	C	A	0	0	0	0	0	0	0	0	0	0	0	0.0	0.0
10	1979930	T	C	0	0	0	0	0	0	0	0	0	0	0	0.0	0.0
10	1980046	G	C	0	0	0	0	0	0	0	0	0	0	0	0.0	0.0
10	1980619	G	A	0	0	0	0	0	0	0	0	0	0	0	0.0	0.0
10	1980728	T	C	0	0	0	0	0	0	0	0	0	0	0	0.0	0.0
10	1980758	A	G	0	0	0	0	0	0	0	0	0	0	0	0.0	0.0
10	1980822	C	T	0	0	0	0	0	0	0	0	0	0	0	0.0	0.0
10	1981147	A	T	0	0	0	0	0	0	0	0	0	0	0	0.0	0.0
10	1981253	A	T	0	0	0	0	0	0	0	0	0	0	0	0.0	0.0
10	1981679	C	T	0	0	0	0	0	0	0	0	0	0	0	0.0	0.0
10	1981829	A	C	0	0	0	0	0	0	0	0	0	0	0	0.0	0.0
10	1981965	T	G	0	0	0	0	0	0	0	0	0	0	0	0.0	0.0
10	1981983	G	A	0	0	0	0	0	0	0	0	0	0	0	0.0	0.0
10	1982328	A	G	0	0	0	0	0	0	0	0	0	0	0	0.0	0.0
10	1982392	A	G	0	0	0	0	0	0	0	0	0	0	0	0.0	0.0
10	1982407	G	C	0	0	0	0	0	0	0	0	0	0	0	0.0	0.0
10	1982527	T	C	0	0	0	0	0	0	0	0	0	0	0	0.0	0.0
10	1984431	C	T	0	0	0	0	0	0	0	0	0	0	0	0.0	0.0
10	1985515	T	G	0	0	0	0	0	0	0	0	0	0	0	0.0	0.0
10	1985903	C	T	0	0	0	0	0	0	0	0	0	0	0	0.0	0.0
10	1986102	T	C	0	0	0	0	0	0	0	0	0	0	0	0.0	0.0
10	1986322	G	T	0	0	0	0	0	0	0	0	0	0	0	0.0	0.0
10	1986715	C	T	0	0	0	0	0	0	0	0	0	0	0	0.0	0.0
10	1986788	T	C	0	0	0	0	0	0	0	0	0	0	0	0.0	0.0
10	1987139	G	T	0	0	0	0	0	0	0	0	0	0	0	0.0	0.0
10	1987336	A	G	0	0	0	0	0	0	0	0	0	0	0	0.0	0.0
10	1987423	T	C	0	0	0	0	0	0	0	0	0	0	0	0.0	0.0
10	1990486	C	A	0	0	0	0	0	0	0	0	0	0	0	0.0	0.0
10	1991225	A	G	0	0	0	0	0	0	0	0	0	0	0	0.0	0.0
10	1991976	G	T	0	0	0	0	0	0	0	0	0	0	0	0.0	0.0
10	1993681	C	T	0	0	0	0	0	0	0	0	0	0	0	0.0	0.0
10	1994789	G	A	0	0	0	0	0	0	0	0	0	0	0	0.0	0.0
10	1998614	G	A	0	0	0	0	0	0	0	0	0	0	0	0.0	0.0
10	2021118	C	G	0	0	0	0	0	0	0	0	0	0	0	0.0	0.0
10	2026408	T	C	0	0	0	0	0	0	0	0	0	0	0	0.0	0.0
10	2037093	G	T	0	0	0	0	0	0	0	0	0	0	0	0.0	0.0
10	2043341	A	G	0	0	0	0	0	0	0	0	0	0	0	0.0	0.0
10	2045821	T	C	0	0	0	0	0	0	0	0	0	0	0	0.0	0.0
10	2046453	C	T	0	0	0	0	0	0	0	0	0	0	0	0.0	0.0
10	2046779	C	T	0	0	0	0	0	0	0	0	0	0	0	0.0	0.0
10	2047099	G	C	0	0	0	0	0	0	0	0	0	0	0	0.0	0.0
10	2048461	C	T	0	0	0	0	0	0	0	0	0	0	0	0.0	0.0
10	2049668	C	T	0	0	0	0	0	0	0	0	0	0	0	0.0	0.0
10	2051027	C	T	0	0	0	0	0	0	0	0	0	0	0	0.0	0.0
10	2051353	C	T	0	0	0	0	0	0	0	0	0	0	0	0.0	0.0
10	2053396	C	T	0	0	0	0	0	0	0	0	0	0	0	0.0	0.0
10	2053443	C	T	0	0	0	0	0	0	0	0	0	0	0	0.0	0.0
10	2054706	G	C	0	0	0	0	0	0	0	0	0	0	0	0.0	0.0
10	2055591	C	A	0	0	0	0	0	0	0	0	0	0	0	0.0	0.0
10	2056117	C	T	2	0	0	2	0	0	0	0	0	0	2	0.0	1.0
10	2056149	C	G	2	0	0	0	0	0	0	2	0	2	0	1.0	0.0
10	2082437	G	A	0	0	0	0	0	0	0	0	0	0	0	0.0	0.0
10	2083705	A	G	0	0	0	0	0	0	0	0	0	0	0	0.0	0.0
10	2086264	C	T	0	0	0	0	0	0	0	0	0	0	0	0.0	0.0
10	2105581	C	T	0	0	0	0	0	0	0	0	0	0	0	0.0	0.0
10	2105641	G	A	0	0	0	0	0	0	0	0	0	0	0	0.0	0.0
10	2106418	C	A	0	0	0	0	0	0	0	0	0	0	0	0.0	0.0
10	2106619	C	A	0	0	0	0	0	0	0	0	0	0	0	0.0	0.0
10	2106668	C	T	0	0	0	0	0	0	0	0	0	0	0	0.0	0.0
10	2106669	C	T	0	0	0	0	0	0	0	0	0	0	0	0.0	0.0
10	2107151	A	G	0	0	0	0	0	0	0	0	0	0	0	0.0	0.0
10	2107552	G	T	0	0	0	0	0	0	0	0	0	0	0	0.0	0.0
10	2107812	A	G	0	0	0	0	0	0	0	0	0	0	0	0.0	0.0
10	2108182	A	C	0	0	0	0	0	0	0	0	0	0	0	0.0	0.0
10	2135126	T	C	0	0	0	0	0	0	0	0	0	0	0	0.0	0.0
10	2135646	A	G	0	0	0	0	0	0	0	0	0	0	0	0.0	0.0
10	2135810	G	T	0	0	0	0	0	0	0	0	0	0	0	0.0	0.0
10	2135924	A	G	0	0	0	0	0	0	0	0	0	0	0	0.0	0.0
10	2135940	C	T	0	0	0	0	0	0	0	0	0	0	0	0.0	0.0
10	2136063	G	T	0	0	0	0	0	0	0	0	0	0	0	0.0	0.0
10	2137239	A	G	0	0	0	0	0	0	0	0	0	0	0	0.0	0.0
10	2138266	T	C	0	0	0	0	0	0	0	0	0	0	0	0.0	0.0
10	2138521	T	C	0	0	0	0	0	0	0	0	0	0	0	0.0	0.0
10	2138683	A	G	0	0	0	0	0	0	0	0	0	0	0	0.0	0.0
10	2140793	A	T	0	0	0	0	0	0	0	0	0	0	0	0.0	0.0
10	2142589	T	C	0	0	0	0	0	0	0	0	0	0	0	0.0	0.0
10	2143308	T	C	0	0	0	0	0	0	0	0	0	0	0	0.0	0.0
10	2144002	G	A	0	0	0	0	0	0	0	0	0	0	0	0.0	0.0
10	2145270	G	A	0	0	0	0	0	0	0	0	0	0	0	0.0	0.0
10	2146111	A	G	0	0	0	0	0	0	0	0	0	0	0	0.0	0.0
10	2146259	C	T	0	0	0	0	0	0	0	0	0	0	0	0.0	0.0
10	2147870	G	A	0	0	0	0	0	0	0	0	0	0	0	0.0	0.0
10	2148077	A	G	0	0	0	0	0	0	0	0	0	0	0	0.0	0.0
10	2148140	T	C	0	0	0	0	0	0	0	0	0	0	0	0.0	0.0
10	2148257	C	T	0	0	0	0	0	0	0	0	0	0	0	0.0	0.0
10	2148432	G	A	0	0	0	0	0	0	0	0	0	0	0	0.0	0.0
10	2148632	T	A	0	0	0	0	0	0	0	0	0	0	0	0.0	0.0
10	2148650	A	G	0	0	0	0	0	0	0	0	0	0	0	0.0	0.0
10	2149260	A	G	0	0	0	0	0	0	0	0	0	0	0	0.0	0.0
10	2149362	A	T	0	0	0	0	0	0	0	0	0	0	0	0.0	0.0
10	2149516	A	T	0	0	0	0	0	0	0	0	0	0	0	0.0	0.0
10	2149879	G	A	0	0	0	0	0	0	0	0	0	0	0	0.0	0.0
10	2149961	G	A	0	0	0	0	0	0	0	0	0	0	0	0.0	0.0
10	2151058	A	G	0	0	0	0	0	0	0	0	0	0	0	0.0	0.0
10	2151199	T	C	0	0	0	0	0	0	0	0	0	0	0	0.0	0.0
10	2151336	A	G	0	0	0	0	0	0	0	0	0	0	0	0.0	0.0
10	2151354	C	T	0	0	0	0	0	0	0	0	0	0	0	0.0	0.0
10	2151374	G	T	0	0	0	0	0	0	0	0	0	0	0	0.0	0.0
10	2152508	C	A	0	0	0	0	0	0	0	0	0	0	0	0.0	0.0
10	2152536	G	A	0	0	0	0	0	0	0	0	0	0	0	0.0	0.0
10	2153779	T	A	0	0	0	0	0	0	0	0	0	0	0	0.0	0.0
10	2154212	T	C	0	0	0	0	0	0	0	0	0	0	0	0.0	0.0
10	2154451	C	T	0	0	0	0	0	0	0	0	0	0	0	0.0	0.0
10	2154568	C	T	0	0	0	0	0	0	0	0	0	0	0	0.0	0.0
10	2154792	G	T	0	0	0	0	0	0	0	0	0	0	0	0.0	0.0
10	2154917	G	A	0	0	0	0	0	0	0	0	0	0	0	0.0	0.0
10	2154996	A	T	0	0	0	0	0	0	0	0	0	0	0	0.0	0.0
10	2155052	T	C	0	0	0	0	0	0	0	0	0	0	0	0.0	0.0
10	2155503	C	G	0	0	0	0	0	0	0	0	0	0	0	0.0	0.0
10	2155722	T	G	0	0	0	0	0	0	0	0	0	0	0	0.0	0.0
10	2156990	T	C	0	0	0	0	0	0	0	0	0	0	0	0.0	0.0
10	2157583	G	A	0	0	0	0	0	0	0	0	0	0	0	0.0	0.0
10	2158567	C	A	0	0	0	0	0	0	0	0	0	0	0	0.0	0.0
10	2159058	C	T	0	0	0	0	0	0	0	0	0	0	0	0.0	0.0
10	2159501	C	G	0	0	0	0	0	0	0	0	0	0	0	0.0	0.0
10	2160070	C	A	0	0	0	0	0	0	0	0	0	0	0	0.0	0.0
10	2160075	G	C	0	0	0	0	0	0	0	0	0	0	0	0.0	0.0
10	2160945	G	A	0	0	0	0	0	0	0	0	0	0	0	0.0	0.0
10	2161979	C	G	0	0	0	0	0	0	0	0	0	0	0	0.0	0.0
10	2163236	A	G	0	0	0	0	0	0	0	0	0	0	0	0.0	0.0
10	2164388	C	T	0	0	0	0	0	0	0	0	0	0	0	0.0	0.0
10	2164733	C	T	0	0	0	0	0	0	0	0	0	0	0	0.0	0.0
10	2165139	A	G	0	0	0	0	0	0	0	0	0	0	0	0.0	0.0
10	2165183	A	G	0	0	0	0	0	0	0	0	0	0	0	0.0	0.0
10	2165442	A	G	0	0	0	0	0	0	0	0	0	0	0	0.0	0.0
10	2165525	T	C	0	0	0	0	0	0	0	0	0	0	0	0.0	0.0
10	2165774	C	T	0	0	0	0	0	0	0	0	0	0	0	0.0	0.0
10	2168789	T	A	0	0	0	0	0	0	0	0	0	0	0	0.0	0.0
10	2169713	C	A	0	0	0	0	0	0	0	0	0	0	0	0.0	0.0
10	2172881	G	A	0	0	0	0	0	0	0	0	0	0	0	0.0	0.0
10	2173156	C	T	0	0	0	0	0	0	0	0	0	0	0	0.0	0.0
10	2173885	C	T	0	0	0	0	0	0	0	0	0	0	0	0.0	0.0
10	2175061	C	T	0	0	0	0	0	0	0	0	0	0	0	0.0	0.0
10	2175191	C	T	0	0	0	0	0	0	0	0	0	0	0	0.0	0.0
10	2175248	C	G	1	0	0	0	0	1	0	0	0	0	1	0.0	1.0
10	2175294	C	G	1	0	0	0	0	1	0	0	0	0	1	0.0	1.0
10	2175333	C	G	0	0	0	0	0	0	0	0	0	0	0	0.0	0.0
10	2175480	G	A	0	0	0	0	0	0	0	0	0	0	0	0.0	0.0
10	2175613	C	T	0	0	0	0	0	0	0	0	0	0	0	0.0	0.0
10	2175664	T	C	0	0	0	0	0	0	0	0	0	0	0	0.0	0.0
10	2175702	T	C	0	0	0	0	0	0	0	0	0	0	0	0.0	0.0
10	2175719	C	G	0	0	0	0	0	0	0	0	0	0	0	0.0	0.0
10	2175957	A	G	0	0	0	0	0	0	0	0	0	0	0	0.0	0.0
10	2176057	C	T	0	0	0	0	0	0	0	0	0	0	0	0.0	0.0
10	2176151	C	T	0	0	0	0	0	0	0	0	0	0	0	0.0	0.0
10	2176676	C	T	0	0	0	0	0	0	0	0	0	0	0	0.0	0.0
10	2176944	T	C	0	0	0	0	0	0	0	0	0	0	0	0.0	0.0
10	2177527	C	T	0	0	0	0	0	0	0	0	0	0	0	0.0	0.0
10	2177832	G	A	0	0	0	0	0	0	0	0	0	0	0	0.0	0.0
10	2178033	C	G	0	0	0	0	0	0	0	0	0	0	0	0.0	0.0
10	2178130	T	C	0	0	0	0	0	0	0	0	0	0	0	0.0	0.0
10	2178515	G	C	0	0	0	0	0	0	0	0	0	0	0	0.0	0.0
10	2178754	T	C	0	0	0	0	0	0	0	0	0	0	0	0.0	0.0
10	2179157	C	T	0	0	0	0	0	0	0	0	0	0	0	0.0	0.0
10	2179200	G	A	0	0	0	0	0	0	0	0	0	0	0	0.0	0.0
10	2179326	G	A	0	0	0	0	0	0	0	0	0	0	0	0.0	0.0
10	2179396	C	T	0	0	0	0	0	0	0	0	0	0	0	0.0	0.0
10	2179553	A	G	0	0	0	0	0	0	0	0	0	0	0	0.0	0.0
10	2179721	C	A	0	0	0	0	0	0	0	0	0	0	0	0.0	0.0
10	2179852	A	C	0	0	0	0	0	0	0	0	0	0	0	0.0	0.0
10	2179986	A	C	0	0	0	0	0	0	0	0	0	0	0	0.0	0.0
10	2180027	T	G	0	0	0	0	0	0	0	0	0	0	0	0.0	0.0
10	2180332	G	A	0	0	0	0	0	0	0	0	0	0	0	0.0	0.0
10	2180786	A	C	0	0	0	0	0	0	0	0	0	0	0	0.0	0.0
10	2181683	G	A	0	0	0	0	0	0	0	0	0	0	0	0.0	0.0
10	2182085	T	C	0	0	0	0	0	0	0	0	0	0	0	0.0	0.0
10	2182120	A	C	0	0	0	0	0	0	0	0	0	0	0	0.0	0.0
10	2182574	G	A	0	0	0	0	0	0	0	0	0	0	0	0.0	0.0
10	2182697	G	C	0	0	0	0	0	0	0	0	0	0	0	0.0	0.0
10	2182864	T	G	0	0	0	0	0	0	0	0	0	0	0	0.0	0.0
10	2182923	G	A	0	0	0	0	0	0	0	0	0	0	0	0.0	0.0
10	2183107	T	A	0	0	0	0	0	0	0	0	0	0	0	0.0	0.0
10	2183307	T	C	0	0	0	0	0	0	0	0	0	0	0	0.0	0.0
10	2183536	G	C	0	0	0	0	0	0	0	0	0	0	0	0.0	0.0
10	2184679	C	G	0	0	0	0	0	0	0	0	0	0	0	0.0	0.0
10	2184888	T	C	0	0	0	0	0	0	0	0	0	0	0	0.0	0.0
10	2185153	C	T	0	0	0	0	0	0	0	0	0	0	0	0.0	0.0
10	2185839	G	A	0	0	0	0	0	0	0	0	0	0	0	0.0	0.0
10	2186138	C	T	0	0	0	0	0	0	0	0	0	0	0	0.0	0.0
10	2186848	G	A	0	0	0	0	0	0	0	0	0	0	0	0.0	0.0
10	2187592	T	A	0	0	0	0	0	0	0	0	0	0	0	0.0	0.0
10	2187737	T	C	0	0	0	0	0	0	0	0	0	0	0	0.0	0.0
10	2187995	T	C	0	0	0	0	0	0	0	0	0	0	0	0.0	0.0
10	2188039	C	T	0	0	0	0	0	0	0	0	0	0	0	0.0	0.0
10	2188213	A	T	0	0	0	0	0	0	0	0	0	0	0	0.0	0.0
10	2188279	G	A	0	0	0	0	0	0	0	0	0	0	0	0.0	0.0
10	2188288	G	T	0	0	0	0	0	0	0	0	0	0	0	0.0	0.0
10	2188350	A	C	0	0	0	0	0	0	0	0	0	0	0	0.0	0.0
10	2188411	G	T	0	0	0	0	0	0	0	0	0	0	0	0.0	0.0
10	2188486	C	T	0	0	0	0	0	0	0	0	0	0	0	0.0	0.0
10	2188538	G	A	0	0	0	0	0	0	0	0	0	0	0	0.0	0.0
10	2188690	T	C	0	0	0	0	0	0	0	0	0	0	0	0.0	0.0
10	2188706	G	T	0	0	0	0	0	0	0	0	0	0	0	0.0	0.0
10	2188732	G	C	0	0	0	0	0	0	0	0	0	0	0	0.0	0.0
10	2188776	G	T	0	0	0	0	0	0	0	0	0	0	0	0.0	0.0
10	2188816	A	G	0	0	0	0	0	0	0	0	0	0	0	0.0	0.0
10	2188831	G	A	0	0	0	0	0	0	0	0	0	0	0	0.0	0.0
10	2188836	G	A	0	0	0	0	0	0	0	0	0	0	0	0.0	0.0
10	2188858	C	T	0	0	0	0	0	0	0	0	0	0	0	0.0	0.0
10	2189000	C	T	0	0	0	0	0	0	0	0	0	0	0	0.0	0.0
10	2189291	A	T	0	0	0	0	0	0	0	0	0	0	0	0.0	0.0
10	2189330	A	G	0	0	0	0	0	0	0	0	0	0	0	0.0	0.0
10	2189337	C	T	0	0	0	0	0	0	0	0	0	0	0	0.0	0.0
10	2189585	T	C	0	0	0	0	0	0	0	0	0	0	0	0.0	0.0
10	2189971	G	A	0	0	0	0	0	0	0	0	0	0	0	0.0	0.0
10	2190850	G	T	0	0	0	0	0	0	0	0	0	0	0	0.0	0.0
10	2193920	T	C	0	0	0	0	0	0	0	0	0	0	0	0.0	0.0
10	2194964	A	G	0	0	0	0	0	0	0	0	0	0	0	0.0	0.0
10	2195461	G	A	0	0	0	0	0	0	0	0	0	0	0	0.0	0.0
10	2195478	C	A	0	0	0	0	0	0	0	0	0	0	0	0.0	0.0
10	2195847	C	A	0	0	0	0	0	0	0	0	0	0	0	0.0	0.0
10	2199165	T	C	0	0	0	0	0	0	0	0	0	0	0	0.0	0.0
10	2200068	T	C	0	0	0	0	0	0	0	0	0	0	0	0.0	0.0
10	2200104	A	G	0	0	0	0	0	0	0	0	0	0	0	0.0	0.0
10	2200219	G	A	0	0	0	0	0	0	0	0	0	0	0	0.0	0.0
10	2200592	G	A	0	0	0	0	0	0	0	0	0	0	0	0.0	0.0
10	2200634	G	A	0	0	0	0	0	0	0	0	0	0	0	0.0	0.0
10	2201953	T	G	0	0	0	0	0	0	0	0	0	0	0	0.0	0.0
10	2202621	C	T	0	0	0	0	0	0	0	0	0	0	0	0.0	0.0
10	2203612	G	T	0	0	0	0	0	0	0	0	0	0	0	0.0	0.0
10	2204295	A	T	0	0	0	0	0	0	0	0	0	0	0	0.0	0.0
10	2205858	G	C	0	0	0	0	0	0	0	0	0	0	0	0.0	0.0
10	2205948	G	A	0	0	0	0	0	0	0	0	0	0	0	0.0	0.0
10	2207681	G	T	0	0	0	0	0	0	0	0	0	0	0	0.0	0.0
10	2208352	C	T	1	0	0	0	0	0	0	0	1	1	0	1.0	0.0
10	2209531	A	G	0	0	0	0	0	0	0	0	0	0	0	0.0	0.0
10	2212037	A	G	0	0	0	0	0	0	0	0	0	0	0	0.0	0.0
10	2213255	C	A	0	0	0	0	0	0	0	0	0	0	0	0.0	0.0
10	2213287	C	A	0	0	0	0	0	0	0	0	0	0	0	0.0	0.0
10	2215512	T	G	0	0	0	0	0	0	0	0	0	0	0	0.0	0.0
10	2217103	A	G	0	0	0	0	0	0	0	0	0	0	0	0.0	0.0
10	2222546	C	T	0	0	0	0	0	0	0	0	0	0	0	0.0	0.0
10	2225271	A	T	0	0	0	0	0	0	0	0	0	0	0	0.0	0.0
10	2225639	C	T	0	0	0	0	0	0	0	0	0	0	0	0.0	0.0
10	2225974	C	T	0	0	0	0	0	0	0	0	0	0	0	0.0	0.0
10	2228296	G	A	0	0	0	0	0	0	0	0	0	0	0	0.0	0.0
10	2230591	C	T	0	0	0	0	0	0	0	0	0	0	0	0.0	0.0
10	2232039	G	A	0	0	0	0	0	0	0	0	0	0	0	0.0	0.0
10	2232770	T	C	0	0	0	0	0	0	0	0	0	0	0	0.0	0.0
10	2236767	T	C	0	0	0	0	0	0	0	0	0	0	0	0.0	0.0
10	2238479	G	A	0	0	0	0	0	0	0	0	0	0	0	0.0	0.0
10	2239174	G	A	0	0	0	0	0	0	0	0	0	0	0	0.0	0.0
10	2242075	T	C	0	0	0	0	0	0	0	0	0	0	0	0.0	0.0
10	2243091	A	G	0	0	0	0	0	0	0	0	0	0	0	0.0	0.0
10	2244418	T	A	0	0	0	0	0	0	0	0	0	0	0	0.0	0.0
10	2249739	G	A	0	0	0	0	0	0	0	0	0	0	0	0.0	0.0
10	2250665	A	C	0	0	0	0	0	0	0	0	0	0	0	0.0	0.0
10	2252993	C	T	0	0	0	0	0	0	0	0	0	0	0	0.0	0.0
10	2255102	A	G	0	0	0	0	0	0	0	0	0	0	0	0.0	0.0
10	2255264	T	C	0	0	0	0	0	0	0	0	0	0	0	0.0	0.0
10	2256163	T	C	0	0	0	0	0	0	0	0	0	0	0	0.0	0.0
10	2256239	A	G	0	0	0	0	0	0	0	0	0	0	0	0.0	0.0
10	2256399	C	T	0	0	0	0	0	0	0	0	0	0	0	0.0	0.0
10	2256452	C	A	0	0	0	0	0	0	0	0	0	0	0	0.0	0.0
10	2257523	T	C	0	0	0	0	0	0	0	0	0	0	0	0.0	0.0
10	2258513	A	C	0	0	0	0	0	0	0	0	0	0	0	0.0	0.0
10	2259323	C	A	0	0	0	0	0	0	0	0	0	0	0	0.0	0.0
10	2259328	G	A	0	0	0	0	0	0	0	0	0	0	0	0.0	0.0
10	2259726	A	G	1	0	0	0	0	0	1	0	0	0	1	0.0	1.0
10	2261571	C	T	0	0	0	0	0	0	0	0	0	0	0	0.0	0.0
10	2261989	G	C	0	0	0	0	0	0	0	0	0	0	0	0.0	0.0
10	2264838	G	A	0	0	0	0	0	0	0	0	0	0	0	0.0	0.0
10	2265118	T	C	0	0	0	0	0	0	0	0	0	0	0	0.0	0.0
10	2266785	T	G	0	0	0	0	0	0	0	0	0	0	0	0.0	0.0
10	2268262	T	G	0	0	0	0	0	0	0	0	0	0	0	0.0	0.0
10	2268356	G	T	0	0	0	0	0	0	0	0	0	0	0	0.0	0.0
10	2268564	T	G	0	0	0	0	0	0	0	0	0	0	0	0.0	0.0
10	2268602	G	A	0	0	0	0	0	0	0	0	0	0	0	0.0	0.0
10	2269019	G	A	0	0	0	0	0	0	0	0	0	0	0	0.0	0.0
10	2269237	T	C	0	0	0	0	0	0	0	0	0	0	0	0.0	0.0
10	2269243	G	A	0	0	0	0	0	0	0	0	0	0	0	0.0	0.0
10	2269409	T	C	0	0	0	0	0	0	0	0	0	0	0	0.0	0.0
10	2269518	G	C	0	0	0	0	0	0	0	0	0	0	0	0.0	0.0
10	2270448	A	T	0	0	0	0	0	0	0	0	0	0	0	0.0	0.0
10	2270504	T	C	0	0	0	0	0	0	0	0	0	0	0	0.0	0.0
10	2271539	C	A	0	0	0	0	0	0	0	0	0	0	0	0.0	0.0
10	2274901	T	C	0	0	0	0	0	0	0	0	0	0	0	0.0	0.0
10	2275001	G	C	0	0	0	0	0	0	0	0	0	0	0	0.0	0.0
10	2275022	T	C	0	0	0	0	0	0	0	0	0	0	0	0.0	0.0
10	2275925	C	T	0	0	0	0	0	0	0	0	0	0	0	0.0	0.0
10	2276595	C	T	0	0	0	0	0	0	0	0	0	0	0	0.0	0.0
10	2277059	T	C	0	0	0	0	0	0	0	0	0	0	0	0.0	0.0
10	2277235	T	C	0	0	0	0	0	0	0	0	0	0	0	0.0	0.0
10	2277773	C	T	0	0	0	0	0	0	0	0	0	0	0	0.0	0.0
10	2278986	C	T	0	0	0	0	0	0	0	0	0	0	0	0.0	0.0
10	2280231	C	T	0	0	0	0	0	0	0	0	0	0	0	0.0	0.0
10	2280399	C	T	0	0	0	0	0	0	0	0	0	0	0	0.0	0.0
10	2280505	G	A	0	0	0	0	0	0	0	0	0	0	0	0.0	0.0
10	2280748	T	C	0	0	0	0	0	0	0	0	0	0	0	0.0	0.0
10	2281519	T	C	0	0	0	0	0	0	0	0	0	0	0	0.0	0.0
10	2282027	T	A	0	0	0	0	0	0	0	0	0	0	0	0.0	0.0
10	2283600	G	C	0	0	0	0	0	0	0	0	0	0	0	0.0	0.0
10	2284756	C	T	0	0	0	0	0	0	0	0	0	0	0	0.0	0.0
10	2284807	T	C	0	0	0	0	0	0	0	0	0	0	0	0.0	0.0
10	2285168	T	C	0	0	0	0	0	0	0	0	0	0	0	0.0	0.0
10	2285206	C	T	0	0	0	0	0	0	0	0	0	0	0	0.0	0.0
10	2286078	C	T	0	0	0	0	0	0	0	0	0	0	0	0.0	0.0
10	2286134	C	T	0	0	0	0	0	0	0	0	0	0	0	0.0	0.0
10	2286470	T	A	0	0	0	0	0	0	0	0	0	0	0	0.0	0.0
10	2287349	C	T	0	0	0	0	0	0	0	0	0	0	0	0.0	0.0
10	2287457	T	C	0	0	0	0	0	0	0	0	0	0	0	0.0	0.0
10	2287847	G	C	0	0	0	0	0	0	0	0	0	0	0	0.0	0.0
10	2287865	T	C	0	0	0	0	0	0	0	0	0	0	0	0.0	0.0
10	2288681	C	T	0	0	0	0	0	0	0	0	0	0	0	0.0	0.0
10	2288741	G	A	0	0	0	0	0	0	0	0	0	0	0	0.0	0.0
10	2290115	T	C	0	0	0	0	0	0	0	0	0	0	0	0.0	0.0
10	2291632	T	G	0	0	0	0	0	0	0	0	0	0	0	0.0	0.0
10	2292199	T	A	0	0	0	0	0	0	0	0	0	0	0	0.0	0.0
10	2292290	A	G	0	0	0	0	0	0	0	0	0	0	0	0.0	0.0
10	2292862	C	A	0	0	0	0	0	0	0	0	0	0	0	0.0	0.0
10	2293866	T	G	0	0	0	0	0	0	0	0	0	0	0	0.0	0.0
10	2293891	G	A	0	0	0	0	0	0	0	0	0	0	0	0.0	0.0
10	2293989	G	C	0	0	0	0	0	0	0	0	0	0	0	0.0	0.0
10	2294343	G	A	0	0	0	0	0	0	0	0	0	0	0	0.0	0.0
10	2294528	T	C	0	0	0	0	0	0	0	0	0	0	0	0.0	0.0
10	2294754	G	A	0	0	0	0	0	0	0	0	0	0	0	0.0	0.0
10	2295402	A	G	0	0	0	0	0	0	0	0	0	0	0	0.0	0.0
10	2295822	C	T	0	0	0	0	0	0	0	0	0	0	0	0.0	0.0
10	2296408	G	A	0	0	0	0	0	0	0	0	0	0	0	0.0	0.0
10	2297815	T	C	0	0	0	0	0	0	0	0	0	0	0	0.0	0.0
10	2299006	C	T	0	0	0	0	0	0	0	0	0	0	0	0.0	0.0
10	2299466	A	G	0	0	0	0	0	0	0	0	0	0	0	0.0	0.0
10	2299975	T	C	0	0	0	0	0	0	0	0	0	0	0	0.0	0.0
10	2300481	T	C	0	0	0	0	0	0	0	0	0	0	0	0.0	0.0
10	2300686	G	A	0	0	0	0	0	0	0	0	0	0	0	0.0	0.0
10	2301411	A	G	0	0	0	0	0	0	0	0	0	0	0	0.0	0.0
10	2302598	G	A	0	0	0	0	0	0	0	0	0	0	0	0.0	0.0
10	2303022	C	T	0	0	0	0	0	0	0	0	0	0	0	0.0	0.0
10	2303689	C	T	0	0	0	0	0	0	0	0	0	0	0	0.0	0.0
10	2304827	G	T	0	0	0	0	0	0	0	0	0	0	0	0.0	0.0
10	2304888	T	A	0	0	0	0	0	0	0	0	0	0	0	0.0	0.0
10	2305056	C	T	0	0	0	0	0	0	0	0	0	0	0	0.0	0.0
10	2305758	T	A	0	0	0	0	0	0	0	0	0	0	0	0.0	0.0
10	2306351	A	G	0	0	0	0	0	0	0	0	0	0	0	0.0	0.0
10	2307589	G	A	0	0	0	0	0	0	0	0	0	0	0	0.0	0.0
10	2308288	A	G	0	0	0	0	0	0	0	0	0	0	0	0.0	0.0
10	2308403	T	C	0	0	0	0	0	0	0	0	0	0	0	0.0	0.0
10	2310119	A	T	0	0	0	0	0	0	0	0	0	0	0	0.0	0.0
10	2310994	A	G	0	0	0	0	0	0	0	0	0	0	0	0.0	0.0
10	2311468	T	G	0	0	0	0	0	0	0	0	0	0	0	0.0	0.0
10	2312437	C	T	0	0	0	0	0	0	0	0	0	0	0	0.0	0.0
10	2313867	A	G	0	0	0	0	0	0	0	0	0	0	0	0.0	0.0
10	2314396	G	A	0	0	0	0	0	0	0	0	0	0	0	0.0	0.0
10	2314775	A	G	0	0	0	0	0	0	0	0	0	0	0	0.0	0.0
10	2315576	G	A	0	0	0	0	0	0	0	0	0	0	0	0.0	0.0
10	2316612	G	A	0	0	0	0	0	0	0	0	0	0	0	0.0	0.0
10	2316795	T	C	0	0	0	0	0	0	0	0	0	0	0	0.0	0.0
10	2317526	G	T	0	0	0	0	0	0	0	0	0	0	0	0.0	0.0
10	2317738	T	C	0	0	0	0	0	0	0	0	0	0	0	0.0	0.0
10	2319476	G	T	0	0	0	0	0	0	0	0	0	0	0	0.0	0.0
10	2321112	C	A	0	0	0	0	0	0	0	0	0	0	0	0.0	0.0
10	2321173	G	A	0	0	0	0	0	0	0	0	0	0	0	0.0	0.0
10	2321797	T	C	0	0	0	0	0	0	0	0	0	0	0	0.0	0.0
10	2321969	G	C	0	0	0	0	0	0	0	0	0	0	0	0.0	0.0
10	2322037	G	A	0	0	0	0	0	0	0	0	0	0	0	0.0	0.0
10	2322424	C	T	0	0	0	0	0	0	0	0	0	0	0	0.0	0.0
10	2322896	A	G	0	0	0	0	0	0	0	0	0	0	0	0.0	0.0
10	2323505	G	A	0	0	0	0	0	0	0	0	0	0	0	0.0	0.0
10	2324627	A	G	0	0	0	0	0	0	0	0	0	0	0	0.0	0.0
10	2324853	T	C	0	0	0	0	0	0	0	0	0	0	0	0.0	0.0
10	2325396	T	C	0	0	0	0	0	0	0	0	0	0	0	0.0	0.0
10	2325728	T	C	0	0	0	0	0	0	0	0	0	0	0	0.0	0.0
10	2326097	G	A	0	0	0	0	0	0	0	0	0	0	0	0.0	0.0
10	2326246	T	C	0	0	0	0	0	0	0	0	0	0	0	0.0	0.0
10	2326391	C	G	0	0	0	0	0	0	0	0	0	0	0	0.0	0.0
10	2327113	T	G	0	0	0	0	0	0	0	0	0	0	0	0.0	0.0
10	2327147	A	G	0	0	0	0	0	0	0	0	0	0	0	0.0	0.0
10	2327380	A	G	0	0	0	0	0	0	0	0	0	0	0	0.0	0.0
10	2328518	G	A	0	0	0	0	0	0	0	0	0	0	0	0.0	0.0
10	2329214	T	C	0	0	0	0	0	0	0	0	0	0	0	0.0	0.0
10	2329517	T	A	0	0	0	0	0	0	0	0	0	0	0	0.0	0.0
10	2330368	C	T	0	0	0	0	0	0	0	0	0	0	0	0.0	0.0
10	2330787	C	T	0	0	0	0	0	0	0	0	0	0	0	0.0	0.0
10	2330796	G	C	1	0	0	0	0	0	0	1	0	0	1	0.0	1.0
10	2331425	C	T	0	0	0	0	0	0	0	0	0	0	0	0.0	0.0
10	2332455	T	A	0	0	0	0	0	0	0	0	0	0	0	0.0	0.0
10	2332465	T	C	0	0	0	0	0	0	0	0	0	0	0	0.0	0.0
10	2332559	G	T	0	0	0	0	0	0	0	0	0	0	0	0.0	0.0
10	2332618	C	T	0	0	0	0	0	0	0	0	0	0	0	0.0	0.0
10	2332900	C	T	0	0	0	0	0	0	0	0	0	0	0	0.0	0.0
10	2333739	A	G	0	0	0	0	0	0	0	0	0	0	0	0.0	0.0
10	2333978	T	G	0	0	0	0	0	0	0	0	0	0	0	0.0	0.0
10	2334707	T	C	0	0	0	0	0	0	0	0	0	0	0	0.0	0.0
10	2334742	G	T	0	0	0	0	0	0	0	0	0	0	0	0.0	0.0
10	2335686	G	A	0	0	0	0	0	0	0	0	0	0	0	0.0	0.0
10	2336029	C	T	0	0	0	0	0	0	0	0	0	0	0	0.0	0.0
10	2336679	G	A	0	0	0	0	0	0	0	0	0	0	0	0.0	0.0
10	2337020	C	T	0	0	0	0	0	0	0	0	0	0	0	0.0	0.0
10	2338833	C	T	0	0	0	0	0	0	0	0	0	0	0	0.0	0.0
10	2339014	C	T	0	0	0	0	0	0	0	0	0	0	0	0.0	0.0
10	2340038	C	T	0	0	0	0	0	0	0	0	0	0	0	0.0	0.0
10	2340602	G	A	0	0	0	0	0	0	0	0	0	0	0	0.0	0.0
10	2341027	T	C	0	0	0	0	0	0	0	0	0	0	0	0.0	0.0
10	2341193	A	G	1	1	0	0	0	0	0	0	0	1	0	1.0	0.0
10	2341947	A	C	0	0	0	0	0	0	0	0	0	0	0	0.0	0.0
10	2342262	G	T	0	0	0	0	0	0	0	0	0	0	0	0.0	0.0
10	2344227	C	T	0	0	0	0	0	0	0	0	0	0	0	0.0	0.0
10	2344904	C	A	0	0	0	0	0	0	0	0	0	0	0	0.0	0.0
10	2345326	C	T	0	0	0	0	0	0	0	0	0	0	0	0.0	0.0
10	2345704	G	A	0	0	0	0	0	0	0	0	0	0	0	0.0	0.0
10	2346891	T	C	0	0	0	0	0	0	0	0	0	0	0	0.0	0.0
10	2347102	A	T	0	0	0	0	0	0	0	0	0	0	0	0.0	0.0
10	2347381	T	G	0	0	0	0	0	0	0	0	0	0	0	0.0	0.0
10	2347693	C	T	0	0	0	0	0	0	0	0	0	0	0	0.0	0.0
10	2347825	G	T	0	0	0	0	0	0	0	0	0	0	0	0.0	0.0
10	2348123	G	A	0	0	0	0	0	0	0	0	0	0	0	0.0	0.0
10	2348729	T	G	0	0	0	0	0	0	0	0	0	0	0	0.0	0.0
10	2348732	C	T	0	0	0	0	0	0	0	0	0	0	0	0.0	0.0
10	2348824	G	A	0	0	0	0	0	0	0	0	0	0	0	0.0	0.0
10	2349064	C	T	0	0	0	0	0	0	0	0	0	0	0	0.0	0.0
10	2349159	G	A	0	0	0	0	0	0	0	0	0	0	0	0.0	0.0
10	2349357	G	T	0	0	0	0	0	0	0	0	0	0	0	0.0	0.0
10	2349466	T	C	0	0	0	0	0	0	0	0	0	0	0	0.0	0.0
10	2349567	C	T	0	0	0	0	0	0	0	0	0	0	0	0.0	0.0
10	2349776	G	A	0	0	0	0	0	0	0	0	0	0	0	0.0	0.0
10	2350299	A	G	0	0	0	0	0	0	0	0	0	0	0	0.0	0.0
10	2350703	T	A	0	0	0	0	0	0	0	0	0	0	0	0.0	0.0
10	2351025	G	A	0	0	0	0	0	0	0	0	0	0	0	0.0	0.0
10	2351873	A	C	0	0	0	0	0	0	0	0	0	0	0	0.0	0.0
10	2352362	C	T	0	0	0	0	0	0	0	0	0	0	0	0.0	0.0
10	2353641	A	G	0	0	0	0	0	0	0	0	0	0	0	0.0	0.0
10	2353842	G	A	0	0	0	0	0	0	0	0	0	0	0	0.0	0.0
10	2355223	T	A	0	0	0	0	0	0	0	0	0	0	0	0.0	0.0
10	2355299	C	G	0	0	0	0	0	0	0	0	0	0	0	0.0	0.0
10	2355317	T	C	0	0	0	0	0	0	0	0	0	0	0	0.0	0.0
10	2355947	C	T	0	0	0	0	0	0	0	0	0	0	0	0.0	0.0
10	2356008	A	G	0	0	0	0	0	0	0	0	0	0	0	0.0	0.0
10	2356196	C	A	0	0	0	0	0	0	0	0	0	0	0	0.0	0.0
10	2356342	C	T	0	0	0	0	0	0	0	0	0	0	0	0.0	0.0
10	2356490	C	T	0	0	0	0	0	0	0	0	0	0	0	0.0	0.0
10	2356875	G	A	0	0	0	0	0	0	0	0	0	0	0	0.0	0.0
10	2358532	A	G	0	0	0	0	0	0	0	0	0	0	0	0.0	0.0
10	2358802	G	A	0	0	0	0	0	0	0	0	0	0	0	0.0	0.0
10	2358946	G	A	0	0	0	0	0	0	0	0	0	0	0	0.0	0.0
10	2359424	C	G	0	0	0	0	0	0	0	0	0	0	0	0.0	0.0
10	2359704	G	A	0	0	0	0	0	0	0	0	0	0	0	0.0	0.0
10	2360003	C	A	0	0	0	0	0	0	0	0	0	0	0	0.0	0.0
10	2360057	A	T	1	0	1	0	0	0	0	0	0	1	0	1.0	0.0
10	2360847	T	G	0	0	0	0	0	0	0	0	0	0	0	0.0	0.0
10	2362113	T	A	0	0	0	0	0	0	0	0	0	0	0	0.0	0.0
10	2362166	T	G	0	0	0	0	0	0	0	0	0	0	0	0.0	0.0
10	2363103	T	C	0	0	0	0	0	0	0	0	0	0	0	0.0	0.0
10	2363481	G	A	0	0	0	0	0	0	0	0	0	0	0	0.0	0.0
10	2363832	C	A	0	0	0	0	0	0	0	0	0	0	0	0.0	0.0
10	2364378	G	A	0	0	0	0	0	0	0	0	0	0	0	0.0	0.0
10	2364477	A	G	0	0	0	0	0	0	0	0	0	0	0	0.0	0.0
10	2364493	G	A	0	0	0	0	0	0	0	0	0	0	0	0.0	0.0
10	2365039	C	G	0	0	0	0	0	0	0	0	0	0	0	0.0	0.0
10	2365196	C	A	0	0	0	0	0	0	0	0	0	0	0	0.0	0.0
10	2367277	G	A	0	0	0	0	0	0	0	0	0	0	0	0.0	0.0
10	2368701	C	G	0	0	0	0	0	0	0	0	0	0	0	0.0	0.0
10	2369548	G	A	0	0	0	0	0	0	0	0	0	0	0	0.0	0.0
10	2370361	T	C	0	0	0	0	0	0	0	0	0	0	0	0.0	0.0
10	2371378	T	C	0	0	0	0	0	0	0	0	0	0	0	0.0	0.0
10	2372073	C	T	0	0	0	0	0	0	0	0	0	0	0	0.0	0.0
10	2372094	C	G	0	0	0	0	0	0	0	0	0	0	0	0.0	0.0
10	2372763	A	G	0	0	0	0	0	0	0	0	0	0	0	0.0	0.0
10	2373295	C	T	0	0	0	0	0	0	0	0	0	0	0	0.0	0.0
10	2373412	C	T	0	0	0	0	0	0	0	0	0	0	0	0.0	0.0
10	2374315	C	T	0	0	0	0	0	0	0	0	0	0	0	0.0	0.0
10	2379018	T	G	0	0	0	0	0	0	0	0	0	0	0	0.0	0.0
10	2382638	T	A	0	0	0	0	0	0	0	0	0	0	0	0.0	0.0
10	2383782	C	A	0	0	0	0	0	0	0	0	0	0	0	0.0	0.0
10	2387224	T	C	0	0	0	0	0	0	0	0	0	0	0	0.0	0.0
10	2387282	G	A	0	0	0	0	0	0	0	0	0	0	0	0.0	0.0
10	2387385	A	G	0	0	0	0	0	0	0	0	0	0	0	0.0	0.0
10	2387617	A	T	0	0	0	0	0	0	0	0	0	0	0	0.0	0.0
10	2387689	T	C	0	0	0	0	0	0	0	0	0	0	0	0.0	0.0
10	2387895	G	A	0	0	0	0	0	0	0	0	0	0	0	0.0	0.0
10	2388173	C	T	0	0	0	0	0	0	0	0	0	0	0	0.0	0.0
10	2388373	T	C	0	0	0	0	0	0	0	0	0	0	0	0.0	0.0
10	2388608	G	A	0	0	0	0	0	0	0	0	0	0	0	0.0	0.0
10	2388861	A	G	1	1	0	0	0	0	0	0	0	1	0	1.0	0.0
10	2388940	T	A	1	0	0	0	1	0	0	0	0	1	0	1.0	0.0
10	2388997	T	C	0	0	0	0	0	0	0	0	0	0	0	0.0	0.0
10	2389094	A	C	0	0	0	0	0	0	0	0	0	0	0	0.0	0.0
10	2389414	G	C	0	0	0	0	0	0	0	0	0	0	0	0.0	0.0
10	2389668	C	T	0	0	0	0	0	0	0	0	0	0	0	0.0	0.0
10	2390402	G	A	0	0	0	0	0	0	0	0	0	0	0	0.0	0.0
10	2390581	G	A	0	0	0	0	0	0	0	0	0	0	0	0.0	0.0
10	2390703	A	C	0	0	0	0	0	0	0	0	0	0	0	0.0	0.0
10	2390721	C	T	0	0	0	0	0	0	0	0	0	0	0	0.0	0.0
10	2390876	T	C	0	0	0	0	0	0	0	0	0	0	0	0.0	0.0
10	2391042	C	T	0	0	0	0	0	0	0	0	0	0	0	0.0	0.0
10	2391220	A	C	0	0	0	0	0	0	0	0	0	0	0	0.0	0.0
10	2391292	G	A	0	0	0	0	0	0	0	0	0	0	0	0.0	0.0
10	2391314	T	A	1	0	0	1	0	0	0	0	0	1	0	1.0	0.0
10	2391517	T	C	0	0	0	0	0	0	0	0	0	0	0	0.0	0.0
10	2392082	G	C	0	0	0	0	0	0	0	0	0	0	0	0.0	0.0
10	2392189	G	A	0	0	0	0	0	0	0	0	0	0	0	0.0	0.0
10	2392220	C	T	0	0	0	0	0	0	0	0	0	0	0	0.0	0.0
10	2392521	C	A	0	0	0	0	0	0	0	0	0	0	0	0.0	0.0
10	2392743	T	C	0	0	0	0	0	0	0	0	0	0	0	0.0	0.0
10	2393152	C	T	0	0	0	0	0	0	0	0	0	0	0	0.0	0.0
10	2393384	A	G	0	0	0	0	0	0	0	0	0	0	0	0.0	0.0
10	2393454	G	T	0	0	0	0	0	0	0	0	0	0	0	0.0	0.0
10	2393559	A	G	0	0	0	0	0	0	0	0	0	0	0	0.0	0.0
10	2393598	C	T	0	0	0	0	0	0	0	0	0	0	0	0.0	0.0
10	2393931	G	A	0	0	0	0	0	0	0	0	0	0	0	0.0	0.0
10	2393995	C	G	0	0	0	0	0	0	0	0	0	0	0	0.0	0.0
10	2394292	G	A	0	0	0	0	0	0	0	0	0	0	0	0.0	0.0
10	2394444	C	T	0	0	0	0	0	0	0	0	0	0	0	0.0	0.0
10	2394546	T	C	0	0	0	0	0	0	0	0	0	0	0	0.0	0.0
10	2397074	C	G	0	0	0	0	0	0	0	0	0	0	0	0.0	0.0
10	2397250	A	G	0	0	0	0	0	0	0	0	0	0	0	0.0	0.0
10	2397453	A	G	0	0	0	0	0	0	0	0	0	0	0	0.0	0.0
10	2397868	T	C	0	0	0	0	0	0	0	0	0	0	0	0.0	0.0
10	2398458	T	C	0	0	0	0	0	0	0	0	0	0	0	0.0	0.0
10	2399277	G	A	0	0	0	0	0	0	0	0	0	0	0	0.0	0.0
10	2401053	G	A	0	0	0	0	0	0	0	0	0	0	0	0.0	0.0
10	2402311	A	G	0	0	0	0	0	0	0	0	0	0	0	0.0	0.0
10	2403176	C	A	0	0	0	0	0	0	0	0	0	0	0	0.0	0.0
10	2404079	T	C	0	0	0	0	0	0	0	0	0	0	0	0.0	0.0
10	2404223	C	T	0	0	0	0	0	0	0	0	0	0	0	0.0	0.0
10	2405429	A	T	0	0	0	0	0	0	0	0	0	0	0	0.0	0.0
10	2406276	C	A	0	0	0	0	0	0	0	0	0	0	0	0.0	0.0
10	2409168	A	T	0	0	0	0	0	0	0	0	0	0	0	0.0	0.0
10	2410706	G	A	0	0	0	0	0	0	0	0	0	0	0	0.0	0.0
10	2413015	G	C	0	0	0	0	0	0	0	0	0	0	0	0.0	0.0
10	2413194	C	A	0	0	0	0	0	0	0	0	0	0	0	0.0	0.0
10	2413594	C	G	0	0	0	0	0	0	0	0	0	0	0	0.0	0.0
10	2418275	G	A	0	0	0	0	0	0	0	0	0	0	0	0.0	0.0
10	2421341	G	A	0	0	0	0	0	0	0	0	0	0	0	0.0	0.0
10	2421353	G	A	0	0	0	0	0	0	0	0	0	0	0	0.0	0.0
10	2421810	T	C	0	0	0	0	0	0	0	0	0	0	0	0.0	0.0
