#Chr	Pos	Ref	Alt	Depth	A	a	T	t	G	g	C	c	ref_depth	alt_depth	ref_freq	alt_freq
9	45915	G	A	0	0	0	0	0	0	0	0	0	0	0	0.0	0.0
9	106203	C	T	0	0	0	0	0	0	0	0	0	0	0	0.0	0.0
9	108998	A	G	0	0	0	0	0	0	0	0	0	0	0	0.0	0.0
9	118653	T	C	0	0	0	0	0	0	0	0	0	0	0	0.0	0.0
9	201654	A	G	0	0	0	0	0	0	0	0	0	0	0	0.0	0.0
9	224721	G	A	0	0	0	0	0	0	0	0	0	0	0	0.0	0.0
9	275216	C	T	0	0	0	0	0	0	0	0	0	0	0	0.0	0.0
9	279798	G	T	1	0	0	0	0	1	0	0	0	1	0	1.0	0.0
9	279829	C	G	1	0	0	0	0	1	0	0	0	0	1	0.0	1.0
9	280429	T	G	0	0	0	0	0	0	0	0	0	0	0	0.0	0.0
9	280882	C	G	0	0	0	0	0	0	0	0	0	0	0	0.0	0.0
9	281102	C	T	0	0	0	0	0	0	0	0	0	0	0	0.0	0.0
9	306833	G	A	0	0	0	0	0	0	0	0	0	0	0	0.0	0.0
9	333819	G	A	0	0	0	0	0	0	0	0	0	0	0	0.0	0.0
9	334016	G	T	0	0	0	0	0	0	0	0	0	0	0	0.0	0.0
9	334337	A	G	0	0	0	0	0	0	0	0	0	0	0	0.0	0.0
9	335387	C	T	0	0	0	0	0	0	0	0	0	0	0	0.0	0.0
9	335545	A	G	0	0	0	0	0	0	0	0	0	0	0	0.0	0.0
9	336819	G	T	0	0	0	0	0	0	0	0	0	0	0	0.0	0.0
9	337866	G	C	0	0	0	0	0	0	0	0	0	0	0	0.0	0.0
9	338588	C	T	0	0	0	0	0	0	0	0	0	0	0	0.0	0.0
9	338722	G	C	0	0	0	0	0	0	0	0	0	0	0	0.0	0.0
9	338906	G	A	0	0	0	0	0	0	0	0	0	0	0	0.0	0.0
9	339518	T	A	0	0	0	0	0	0	0	0	0	0	0	0.0	0.0
9	341089	G	A	0	0	0	0	0	0	0	0	0	0	0	0.0	0.0
9	341269	T	G	0	0	0	0	0	0	0	0	0	0	0	0.0	0.0
9	341829	G	T	0	0	0	0	0	0	0	0	0	0	0	0.0	0.0
9	342394	T	G	0	0	0	0	0	0	0	0	0	0	0	0.0	0.0
9	342457	T	G	0	0	0	0	0	0	0	0	0	0	0	0.0	0.0
9	344690	T	C	0	0	0	0	0	0	0	0	0	0	0	0.0	0.0
9	347325	A	G	0	0	0	0	0	0	0	0	0	0	0	0.0	0.0
9	362179	C	T	0	0	0	0	0	0	0	0	0	0	0	0.0	0.0
9	370199	A	G	0	0	0	0	0	0	0	0	0	0	0	0.0	0.0
9	384654	T	C	0	0	0	0	0	0	0	0	0	0	0	0.0	0.0
9	387818	C	G	0	0	0	0	0	0	0	0	0	0	0	0.0	0.0
9	395235	C	A	0	0	0	0	0	0	0	0	0	0	0	0.0	0.0
9	395250	G	A	0	0	0	0	0	0	0	0	0	0	0	0.0	0.0
9	396232	T	C	0	0	0	0	0	0	0	0	0	0	0	0.0	0.0
9	396380	A	G	0	0	0	0	0	0	0	0	0	0	0	0.0	0.0
9	397050	A	T	0	0	0	0	0	0	0	0	0	0	0	0.0	0.0
9	397211	G	T	0	0	0	0	0	0	0	0	0	0	0	0.0	0.0
9	397299	C	T	0	0	0	0	0	0	0	0	0	0	0	0.0	0.0
9	418317	G	C	0	0	0	0	0	0	0	0	0	0	0	0.0	0.0
9	425461	A	G	0	0	0	0	0	0	0	0	0	0	0	0.0	0.0
9	425463	T	C	0	0	0	0	0	0	0	0	0	0	0	0.0	0.0
9	425611	A	T	0	0	0	0	0	0	0	0	0	0	0	0.0	0.0
9	438379	A	G	0	0	0	0	0	0	0	0	0	0	0	0.0	0.0
9	444467	G	A	0	0	0	0	0	0	0	0	0	0	0	0.0	0.0
9	446891	T	C	0	0	0	0	0	0	0	0	0	0	0	0.0	0.0
9	478948	C	T	0	0	0	0	0	0	0	0	0	0	0	0.0	0.0
9	509331	C	T	0	0	0	0	0	0	0	0	0	0	0	0.0	0.0
9	518755	G	A	0	0	0	0	0	0	0	0	0	0	0	0.0	0.0
9	520211	C	A	0	0	0	0	0	0	0	0	0	0	0	0.0	0.0
9	520337	T	G	0	0	0	0	0	0	0	0	0	0	0	0.0	0.0
9	520886	G	A	0	0	0	0	0	0	0	0	0	0	0	0.0	0.0
9	524899	T	C	0	0	0	0	0	0	0	0	0	0	0	0.0	0.0
9	556669	C	A	0	0	0	0	0	0	0	0	0	0	0	0.0	0.0
9	589810	C	T	0	0	0	0	0	0	0	0	0	0	0	0.0	0.0
9	606980	T	A	0	0	0	0	0	0	0	0	0	0	0	0.0	0.0
9	628910	C	A	0	0	0	0	0	0	0	0	0	0	0	0.0	0.0
9	634862	T	C	0	0	0	0	0	0	0	0	0	0	0	0.0	0.0
9	642888	G	C	0	0	0	0	0	0	0	0	0	0	0	0.0	0.0
9	655351	A	C	0	0	0	0	0	0	0	0	0	0	0	0.0	0.0
9	655391	A	G	0	0	0	0	0	0	0	0	0	0	0	0.0	0.0
9	655409	T	A	0	0	0	0	0	0	0	0	0	0	0	0.0	0.0
9	655962	T	G	0	0	0	0	0	0	0	0	0	0	0	0.0	0.0
9	656041	A	G	0	0	0	0	0	0	0	0	0	0	0	0.0	0.0
9	656627	C	A	0	0	0	0	0	0	0	0	0	0	0	0.0	0.0
9	656656	G	A	0	0	0	0	0	0	0	0	0	0	0	0.0	0.0
9	656765	G	A	0	0	0	0	0	0	0	0	0	0	0	0.0	0.0
9	657056	C	T	0	0	0	0	0	0	0	0	0	0	0	0.0	0.0
9	657092	C	G	0	0	0	0	0	0	0	0	0	0	0	0.0	0.0
9	657496	T	C	0	0	0	0	0	0	0	0	0	0	0	0.0	0.0
9	658151	G	A	0	0	0	0	0	0	0	0	0	0	0	0.0	0.0
9	658190	A	C	0	0	0	0	0	0	0	0	0	0	0	0.0	0.0
9	659045	T	G	0	0	0	0	0	0	0	0	0	0	0	0.0	0.0
9	659124	C	T	0	0	0	0	0	0	0	0	0	0	0	0.0	0.0
9	659255	T	C	0	0	0	0	0	0	0	0	0	0	0	0.0	0.0
9	659454	T	C	0	0	0	0	0	0	0	0	0	0	0	0.0	0.0
9	659642	G	A	0	0	0	0	0	0	0	0	0	0	0	0.0	0.0
9	659650	G	A	0	0	0	0	0	0	0	0	0	0	0	0.0	0.0
9	659722	T	C	0	0	0	0	0	0	0	0	0	0	0	0.0	0.0
9	660290	G	A	0	0	0	0	0	0	0	0	0	0	0	0.0	0.0
9	660327	C	G	0	0	0	0	0	0	0	0	0	0	0	0.0	0.0
9	660566	T	C	0	0	0	0	0	0	0	0	0	0	0	0.0	0.0
9	660608	C	G	0	0	0	0	0	0	0	0	0	0	0	0.0	0.0
9	660851	C	T	0	0	0	0	0	0	0	0	0	0	0	0.0	0.0
9	660981	C	G	0	0	0	0	0	0	0	0	0	0	0	0.0	0.0
9	660986	A	C	0	0	0	0	0	0	0	0	0	0	0	0.0	0.0
9	661057	A	G	0	0	0	0	0	0	0	0	0	0	0	0.0	0.0
9	661228	G	A	0	0	0	0	0	0	0	0	0	0	0	0.0	0.0
9	661471	G	A	0	0	0	0	0	0	0	0	0	0	0	0.0	0.0
9	661657	G	T	0	0	0	0	0	0	0	0	0	0	0	0.0	0.0
9	662083	G	C	0	0	0	0	0	0	0	0	0	0	0	0.0	0.0
9	662216	A	G	0	0	0	0	0	0	0	0	0	0	0	0.0	0.0
9	662345	C	G	0	0	0	0	0	0	0	0	0	0	0	0.0	0.0
9	662610	A	G	0	0	0	0	0	0	0	0	0	0	0	0.0	0.0
9	662701	A	G	0	0	0	0	0	0	0	0	0	0	0	0.0	0.0
9	662748	A	G	0	0	0	0	0	0	0	0	0	0	0	0.0	0.0
9	662760	G	C	0	0	0	0	0	0	0	0	0	0	0	0.0	0.0
9	662890	G	A	0	0	0	0	0	0	0	0	0	0	0	0.0	0.0
9	662972	T	C	0	0	0	0	0	0	0	0	0	0	0	0.0	0.0
9	663002	A	G	0	0	0	0	0	0	0	0	0	0	0	0.0	0.0
9	663003	A	G	0	0	0	0	0	0	0	0	0	0	0	0.0	0.0
9	663021	A	G	0	0	0	0	0	0	0	0	0	0	0	0.0	0.0
9	663058	A	T	0	0	0	0	0	0	0	0	0	0	0	0.0	0.0
9	663059	C	T	0	0	0	0	0	0	0	0	0	0	0	0.0	0.0
9	663093	A	C	0	0	0	0	0	0	0	0	0	0	0	0.0	0.0
9	663150	T	G	0	0	0	0	0	0	0	0	0	0	0	0.0	0.0
9	663220	G	A	0	0	0	0	0	0	0	0	0	0	0	0.0	0.0
9	663617	C	G	0	0	0	0	0	0	0	0	0	0	0	0.0	0.0
9	663676	C	T	0	0	0	0	0	0	0	0	0	0	0	0.0	0.0
9	663714	C	T	0	0	0	0	0	0	0	0	0	0	0	0.0	0.0
9	663838	G	A	0	0	0	0	0	0	0	0	0	0	0	0.0	0.0
9	663895	A	G	0	0	0	0	0	0	0	0	0	0	0	0.0	0.0
9	664011	C	T	0	0	0	0	0	0	0	0	0	0	0	0.0	0.0
9	664228	A	G	0	0	0	0	0	0	0	0	0	0	0	0.0	0.0
9	664319	G	A	0	0	0	0	0	0	0	0	0	0	0	0.0	0.0
9	664617	G	A	0	0	0	0	0	0	0	0	0	0	0	0.0	0.0
9	664731	C	T	0	0	0	0	0	0	0	0	0	0	0	0.0	0.0
9	664752	G	C	0	0	0	0	0	0	0	0	0	0	0	0.0	0.0
9	664961	G	T	0	0	0	0	0	0	0	0	0	0	0	0.0	0.0
9	666230	A	G	0	0	0	0	0	0	0	0	0	0	0	0.0	0.0
9	666323	G	A	0	0	0	0	0	0	0	0	0	0	0	0.0	0.0
9	666389	T	C	0	0	0	0	0	0	0	0	0	0	0	0.0	0.0
9	666970	C	A	0	0	0	0	0	0	0	0	0	0	0	0.0	0.0
9	667077	C	G	0	0	0	0	0	0	0	0	0	0	0	0.0	0.0
9	667391	T	C	0	0	0	0	0	0	0	0	0	0	0	0.0	0.0
9	667936	A	G	0	0	0	0	0	0	0	0	0	0	0	0.0	0.0
9	668388	T	G	0	0	0	0	0	0	0	0	0	0	0	0.0	0.0
9	668417	A	G	0	0	0	0	0	0	0	0	0	0	0	0.0	0.0
9	668992	G	C	1	0	0	0	0	1	0	0	0	1	0	1.0	0.0
9	669533	A	G	0	0	0	0	0	0	0	0	0	0	0	0.0	0.0
9	670666	C	T	0	0	0	0	0	0	0	0	0	0	0	0.0	0.0
9	670882	G	C	0	0	0	0	0	0	0	0	0	0	0	0.0	0.0
9	671902	C	T	0	0	0	0	0	0	0	0	0	0	0	0.0	0.0
9	671996	T	A	0	0	0	0	0	0	0	0	0	0	0	0.0	0.0
9	671997	A	T	0	0	0	0	0	0	0	0	0	0	0	0.0	0.0
9	672416	T	C	0	0	0	0	0	0	0	0	0	0	0	0.0	0.0
9	672786	T	C	0	0	0	0	0	0	0	0	0	0	0	0.0	0.0
9	672880	G	C	0	0	0	0	0	0	0	0	0	0	0	0.0	0.0
9	674120	G	A	0	0	0	0	0	0	0	0	0	0	0	0.0	0.0
9	674954	G	C	0	0	0	0	0	0	0	0	0	0	0	0.0	0.0
9	676009	T	G	0	0	0	0	0	0	0	0	0	0	0	0.0	0.0
9	676569	C	T	0	0	0	0	0	0	0	0	0	0	0	0.0	0.0
9	676741	A	G	0	0	0	0	0	0	0	0	0	0	0	0.0	0.0
9	676820	A	G	0	0	0	0	0	0	0	0	0	0	0	0.0	0.0
9	677509	T	A	0	0	0	0	0	0	0	0	0	0	0	0.0	0.0
9	677886	G	C	0	0	0	0	0	0	0	0	0	0	0	0.0	0.0
9	677938	G	T	0	0	0	0	0	0	0	0	0	0	0	0.0	0.0
9	677986	A	T	0	0	0	0	0	0	0	0	0	0	0	0.0	0.0
9	678088	T	G	0	0	0	0	0	0	0	0	0	0	0	0.0	0.0
9	679119	G	A	0	0	0	0	0	0	0	0	0	0	0	0.0	0.0
9	679543	C	T	0	0	0	0	0	0	0	0	0	0	0	0.0	0.0
9	679728	T	C	0	0	0	0	0	0	0	0	0	0	0	0.0	0.0
9	679763	G	T	0	0	0	0	0	0	0	0	0	0	0	0.0	0.0
9	679901	G	A	0	0	0	0	0	0	0	0	0	0	0	0.0	0.0
9	679970	C	T	0	0	0	0	0	0	0	0	0	0	0	0.0	0.0
9	680323	C	T	0	0	0	0	0	0	0	0	0	0	0	0.0	0.0
9	680540	A	C	0	0	0	0	0	0	0	0	0	0	0	0.0	0.0
9	680585	C	T	0	0	0	0	0	0	0	0	0	0	0	0.0	0.0
9	680667	C	A	0	0	0	0	0	0	0	0	0	0	0	0.0	0.0
9	680714	G	A	0	0	0	0	0	0	0	0	0	0	0	0.0	0.0
9	681150	C	T	0	0	0	0	0	0	0	0	0	0	0	0.0	0.0
9	681645	G	A	0	0	0	0	0	0	0	0	0	0	0	0.0	0.0
9	681862	C	A	0	0	0	0	0	0	0	0	0	0	0	0.0	0.0
9	682225	T	A	0	0	0	0	0	0	0	0	0	0	0	0.0	0.0
9	682330	C	T	0	0	0	0	0	0	0	0	0	0	0	0.0	0.0
9	682528	A	G	0	0	0	0	0	0	0	0	0	0	0	0.0	0.0
9	682646	C	G	0	0	0	0	0	0	0	0	0	0	0	0.0	0.0
9	682816	A	T	0	0	0	0	0	0	0	0	0	0	0	0.0	0.0
9	683299	A	T	0	0	0	0	0	0	0	0	0	0	0	0.0	0.0
9	683402	C	T	0	0	0	0	0	0	0	0	0	0	0	0.0	0.0
9	683423	T	C	0	0	0	0	0	0	0	0	0	0	0	0.0	0.0
9	683430	C	T	0	0	0	0	0	0	0	0	0	0	0	0.0	0.0
9	684096	G	C	0	0	0	0	0	0	0	0	0	0	0	0.0	0.0
9	684160	G	A	0	0	0	0	0	0	0	0	0	0	0	0.0	0.0
9	684179	C	T	0	0	0	0	0	0	0	0	0	0	0	0.0	0.0
9	685902	A	G	0	0	0	0	0	0	0	0	0	0	0	0.0	0.0
9	686170	C	A	0	0	0	0	0	0	0	0	0	0	0	0.0	0.0
9	686753	G	A	0	0	0	0	0	0	0	0	0	0	0	0.0	0.0
9	687205	C	T	0	0	0	0	0	0	0	0	0	0	0	0.0	0.0
9	687265	T	G	0	0	0	0	0	0	0	0	0	0	0	0.0	0.0
9	687333	T	G	0	0	0	0	0	0	0	0	0	0	0	0.0	0.0
9	688516	G	A	0	0	0	0	0	0	0	0	0	0	0	0.0	0.0
9	688734	C	T	0	0	0	0	0	0	0	0	0	0	0	0.0	0.0
9	688997	C	G	0	0	0	0	0	0	0	0	0	0	0	0.0	0.0
9	689233	A	T	0	0	0	0	0	0	0	0	0	0	0	0.0	0.0
9	689277	G	A	0	0	0	0	0	0	0	0	0	0	0	0.0	0.0
9	689340	C	T	0	0	0	0	0	0	0	0	0	0	0	0.0	0.0
9	689568	A	G	0	0	0	0	0	0	0	0	0	0	0	0.0	0.0
9	689586	T	C	0	0	0	0	0	0	0	0	0	0	0	0.0	0.0
9	689740	C	T	0	0	0	0	0	0	0	0	0	0	0	0.0	0.0
9	707077	C	T	0	0	0	0	0	0	0	0	0	0	0	0.0	0.0
9	709325	C	T	0	0	0	0	0	0	0	0	0	0	0	0.0	0.0
9	735654	C	A	0	0	0	0	0	0	0	0	0	0	0	0.0	0.0
9	736248	C	T	0	0	0	0	0	0	0	0	0	0	0	0.0	0.0
9	737436	G	T	0	0	0	0	0	0	0	0	0	0	0	0.0	0.0
9	737717	G	A	0	0	0	0	0	0	0	0	0	0	0	0.0	0.0
9	738238	G	A	0	0	0	0	0	0	0	0	0	0	0	0.0	0.0
9	739661	C	G	0	0	0	0	0	0	0	0	0	0	0	0.0	0.0
9	739851	G	A	0	0	0	0	0	0	0	0	0	0	0	0.0	0.0
9	740472	G	A	0	0	0	0	0	0	0	0	0	0	0	0.0	0.0
9	740592	G	C	0	0	0	0	0	0	0	0	0	0	0	0.0	0.0
9	741001	T	C	0	0	0	0	0	0	0	0	0	0	0	0.0	0.0
9	741041	T	G	0	0	0	0	0	0	0	0	0	0	0	0.0	0.0
9	741224	C	G	0	0	0	0	0	0	0	0	0	0	0	0.0	0.0
9	741307	G	A	0	0	0	0	0	0	0	0	0	0	0	0.0	0.0
9	741382	G	T	0	0	0	0	0	0	0	0	0	0	0	0.0	0.0
9	741422	C	G	0	0	0	0	0	0	0	0	0	0	0	0.0	0.0
9	741767	G	A	0	0	0	0	0	0	0	0	0	0	0	0.0	0.0
9	743102	C	T	0	0	0	0	0	0	0	0	0	0	0	0.0	0.0
9	744434	G	A	0	0	0	0	0	0	0	0	0	0	0	0.0	0.0
9	745413	A	G	0	0	0	0	0	0	0	0	0	0	0	0.0	0.0
9	746770	C	A	0	0	0	0	0	0	0	0	0	0	0	0.0	0.0
9	747276	C	G	0	0	0	0	0	0	0	0	0	0	0	0.0	0.0
9	747335	A	T	0	0	0	0	0	0	0	0	0	0	0	0.0	0.0
9	747732	C	T	0	0	0	0	0	0	0	0	0	0	0	0.0	0.0
9	748288	C	G	0	0	0	0	0	0	0	0	0	0	0	0.0	0.0
9	749298	A	G	0	0	0	0	0	0	0	0	0	0	0	0.0	0.0
9	749559	C	T	0	0	0	0	0	0	0	0	0	0	0	0.0	0.0
9	749611	T	C	0	0	0	0	0	0	0	0	0	0	0	0.0	0.0
9	750386	A	G	0	0	0	0	0	0	0	0	0	0	0	0.0	0.0
9	750394	G	C	0	0	0	0	0	0	0	0	0	0	0	0.0	0.0
9	750395	G	A	0	0	0	0	0	0	0	0	0	0	0	0.0	0.0
9	750424	G	C	0	0	0	0	0	0	0	0	0	0	0	0.0	0.0
9	750636	C	G	0	0	0	0	0	0	0	0	0	0	0	0.0	0.0
9	750781	C	T	0	0	0	0	0	0	0	0	0	0	0	0.0	0.0
9	750892	G	A	0	0	0	0	0	0	0	0	0	0	0	0.0	0.0
9	751055	A	G	0	0	0	0	0	0	0	0	0	0	0	0.0	0.0
9	751144	A	G	0	0	0	0	0	0	0	0	0	0	0	0.0	0.0
9	751159	C	A	0	0	0	0	0	0	0	0	0	0	0	0.0	0.0
9	751167	T	C	0	0	0	0	0	0	0	0	0	0	0	0.0	0.0
9	751196	G	A	0	0	0	0	0	0	0	0	0	0	0	0.0	0.0
9	751344	G	A	0	0	0	0	0	0	0	0	0	0	0	0.0	0.0
9	751359	C	T	0	0	0	0	0	0	0	0	0	0	0	0.0	0.0
9	751570	T	G	0	0	0	0	0	0	0	0	0	0	0	0.0	0.0
9	751618	G	A	0	0	0	0	0	0	0	0	0	0	0	0.0	0.0
9	751661	C	T	0	0	0	0	0	0	0	0	0	0	0	0.0	0.0
9	751935	G	T	0	0	0	0	0	0	0	0	0	0	0	0.0	0.0
9	751992	G	A	0	0	0	0	0	0	0	0	0	0	0	0.0	0.0
9	752019	T	C	0	0	0	0	0	0	0	0	0	0	0	0.0	0.0
9	752104	G	T	0	0	0	0	0	0	0	0	0	0	0	0.0	0.0
9	752578	G	A	0	0	0	0	0	0	0	0	0	0	0	0.0	0.0
9	753093	T	C	0	0	0	0	0	0	0	0	0	0	0	0.0	0.0
9	753132	G	C	0	0	0	0	0	0	0	0	0	0	0	0.0	0.0
9	753218	A	G	0	0	0	0	0	0	0	0	0	0	0	0.0	0.0
9	753896	A	G	0	0	0	0	0	0	0	0	0	0	0	0.0	0.0
9	754151	G	C	0	0	0	0	0	0	0	0	0	0	0	0.0	0.0
9	754611	C	G	0	0	0	0	0	0	0	0	0	0	0	0.0	0.0
9	754618	G	A	0	0	0	0	0	0	0	0	0	0	0	0.0	0.0
9	754655	T	G	0	0	0	0	0	0	0	0	0	0	0	0.0	0.0
9	755034	C	T	0	0	0	0	0	0	0	0	0	0	0	0.0	0.0
9	755603	C	A	0	0	0	0	0	0	0	0	0	0	0	0.0	0.0
9	755931	C	G	0	0	0	0	0	0	0	0	0	0	0	0.0	0.0
9	777407	G	A	0	0	0	0	0	0	0	0	0	0	0	0.0	0.0
9	786304	G	T	0	0	0	0	0	0	0	0	0	0	0	0.0	0.0
9	787082	A	C	0	0	0	0	0	0	0	0	0	0	0	0.0	0.0
9	789061	A	T	0	0	0	0	0	0	0	0	0	0	0	0.0	0.0
9	789583	G	A	0	0	0	0	0	0	0	0	0	0	0	0.0	0.0
9	789932	G	A	0	0	0	0	0	0	0	0	0	0	0	0.0	0.0
9	790649	G	C	0	0	0	0	0	0	0	0	0	0	0	0.0	0.0
9	791157	A	C	0	0	0	0	0	0	0	0	0	0	0	0.0	0.0
9	791478	T	A	0	0	0	0	0	0	0	0	0	0	0	0.0	0.0
9	791498	T	C	0	0	0	0	0	0	0	0	0	0	0	0.0	0.0
9	791665	T	G	0	0	0	0	0	0	0	0	0	0	0	0.0	0.0
9	791858	T	C	1	0	0	0	0	0	0	0	1	0	1	0.0	1.0
9	791905	T	C	1	0	0	0	0	0	0	0	1	0	1	0.0	1.0
9	791906	T	A	1	0	1	0	0	0	0	0	0	0	1	0.0	1.0
9	791908	A	G	1	0	0	0	0	0	1	0	0	0	1	0.0	1.0
9	791923	C	A	0	0	0	0	0	0	0	0	0	0	0	0.0	0.0
9	791934	A	G	0	0	0	0	0	0	0	0	0	0	0	0.0	0.0
9	792182	C	A	0	0	0	0	0	0	0	0	0	0	0	0.0	0.0
9	792192	C	T	0	0	0	0	0	0	0	0	0	0	0	0.0	0.0
9	792565	G	C	0	0	0	0	0	0	0	0	0	0	0	0.0	0.0
9	793320	G	A	0	0	0	0	0	0	0	0	0	0	0	0.0	0.0
9	793324	A	T	0	0	0	0	0	0	0	0	0	0	0	0.0	0.0
9	793708	A	G	0	0	0	0	0	0	0	0	0	0	0	0.0	0.0
9	793938	G	C	0	0	0	0	0	0	0	0	0	0	0	0.0	0.0
9	794761	C	T	0	0	0	0	0	0	0	0	0	0	0	0.0	0.0
9	794813	A	G	0	0	0	0	0	0	0	0	0	0	0	0.0	0.0
9	795160	C	T	0	0	0	0	0	0	0	0	0	0	0	0.0	0.0
9	795600	C	A	0	0	0	0	0	0	0	0	0	0	0	0.0	0.0
9	797229	C	G	0	0	0	0	0	0	0	0	0	0	0	0.0	0.0
9	797319	T	C	0	0	0	0	0	0	0	0	0	0	0	0.0	0.0
9	797512	C	T	0	0	0	0	0	0	0	0	0	0	0	0.0	0.0
9	797678	G	A	0	0	0	0	0	0	0	0	0	0	0	0.0	0.0
9	798093	C	A	0	0	0	0	0	0	0	0	0	0	0	0.0	0.0
9	798102	A	G	0	0	0	0	0	0	0	0	0	0	0	0.0	0.0
9	798162	G	A	0	0	0	0	0	0	0	0	0	0	0	0.0	0.0
9	798205	A	G	0	0	0	0	0	0	0	0	0	0	0	0.0	0.0
9	798426	C	T	0	0	0	0	0	0	0	0	0	0	0	0.0	0.0
9	798478	G	A	0	0	0	0	0	0	0	0	0	0	0	0.0	0.0
9	798604	G	A	0	0	0	0	0	0	0	0	0	0	0	0.0	0.0
9	799018	C	T	0	0	0	0	0	0	0	0	0	0	0	0.0	0.0
9	799019	C	T	0	0	0	0	0	0	0	0	0	0	0	0.0	0.0
9	799075	C	T	0	0	0	0	0	0	0	0	0	0	0	0.0	0.0
9	799082	G	A	0	0	0	0	0	0	0	0	0	0	0	0.0	0.0
9	799169	A	G	0	0	0	0	0	0	0	0	0	0	0	0.0	0.0
9	799221	C	T	0	0	0	0	0	0	0	0	0	0	0	0.0	0.0
9	799269	A	G	0	0	0	0	0	0	0	0	0	0	0	0.0	0.0
9	799310	A	G	0	0	0	0	0	0	0	0	0	0	0	0.0	0.0
9	799314	A	T	0	0	0	0	0	0	0	0	0	0	0	0.0	0.0
9	799496	C	T	0	0	0	0	0	0	0	0	0	0	0	0.0	0.0
9	799579	C	T	0	0	0	0	0	0	0	0	0	0	0	0.0	0.0
9	800384	G	T	0	0	0	0	0	0	0	0	0	0	0	0.0	0.0
9	800405	C	G	0	0	0	0	0	0	0	0	0	0	0	0.0	0.0
9	800601	T	C	0	0	0	0	0	0	0	0	0	0	0	0.0	0.0
9	826584	G	C	0	0	0	0	0	0	0	0	0	0	0	0.0	0.0
9	826585	C	G	0	0	0	0	0	0	0	0	0	0	0	0.0	0.0
9	826656	G	A	0	0	0	0	0	0	0	0	0	0	0	0.0	0.0
9	826701	C	A	0	0	0	0	0	0	0	0	0	0	0	0.0	0.0
9	827937	T	C	0	0	0	0	0	0	0	0	0	0	0	0.0	0.0
9	831553	C	T	0	0	0	0	0	0	0	0	0	0	0	0.0	0.0
9	832245	C	T	0	0	0	0	0	0	0	0	0	0	0	0.0	0.0
9	832928	G	A	0	0	0	0	0	0	0	0	0	0	0	0.0	0.0
9	833238	G	A	0	0	0	0	0	0	0	0	0	0	0	0.0	0.0
9	833828	G	A	0	0	0	0	0	0	0	0	0	0	0	0.0	0.0
9	834360	A	T	0	0	0	0	0	0	0	0	0	0	0	0.0	0.0
9	834554	G	C	0	0	0	0	0	0	0	0	0	0	0	0.0	0.0
9	834655	A	G	0	0	0	0	0	0	0	0	0	0	0	0.0	0.0
9	835017	C	G	0	0	0	0	0	0	0	0	0	0	0	0.0	0.0
9	836293	A	G	0	0	0	0	0	0	0	0	0	0	0	0.0	0.0
9	836317	G	A	0	0	0	0	0	0	0	0	0	0	0	0.0	0.0
9	837062	A	T	0	0	0	0	0	0	0	0	0	0	0	0.0	0.0
9	837765	G	A	0	0	0	0	0	0	0	0	0	0	0	0.0	0.0
9	838396	G	A	0	0	0	0	0	0	0	0	0	0	0	0.0	0.0
9	838918	C	G	0	0	0	0	0	0	0	0	0	0	0	0.0	0.0
9	838943	T	C	0	0	0	0	0	0	0	0	0	0	0	0.0	0.0
9	839234	C	A	0	0	0	0	0	0	0	0	0	0	0	0.0	0.0
9	839245	C	G	0	0	0	0	0	0	0	0	0	0	0	0.0	0.0
9	839516	G	A	0	0	0	0	0	0	0	0	0	0	0	0.0	0.0
9	839558	G	A	0	0	0	0	0	0	0	0	0	0	0	0.0	0.0
9	839654	C	T	0	0	0	0	0	0	0	0	0	0	0	0.0	0.0
9	839699	C	G	0	0	0	0	0	0	0	0	0	0	0	0.0	0.0
9	839831	C	G	0	0	0	0	0	0	0	0	0	0	0	0.0	0.0
9	840247	A	G	0	0	0	0	0	0	0	0	0	0	0	0.0	0.0
9	840527	G	C	0	0	0	0	0	0	0	0	0	0	0	0.0	0.0
9	841825	C	T	0	0	0	0	0	0	0	0	0	0	0	0.0	0.0
9	841971	T	A	0	0	0	0	0	0	0	0	0	0	0	0.0	0.0
9	843382	G	A	0	0	0	0	0	0	0	0	0	0	0	0.0	0.0
9	843454	A	C	0	0	0	0	0	0	0	0	0	0	0	0.0	0.0
9	843484	G	A	0	0	0	0	0	0	0	0	0	0	0	0.0	0.0
9	844487	C	T	0	0	0	0	0	0	0	0	0	0	0	0.0	0.0
9	844797	G	T	0	0	0	0	0	0	0	0	0	0	0	0.0	0.0
9	845447	A	T	0	0	0	0	0	0	0	0	0	0	0	0.0	0.0
9	845667	C	T	2	0	0	0	0	0	0	2	0	2	0	1.0	0.0
9	845844	A	C	0	0	0	0	0	0	0	0	0	0	0	0.0	0.0
9	846003	T	C	0	0	0	0	0	0	0	0	0	0	0	0.0	0.0
9	847208	A	G	0	0	0	0	0	0	0	0	0	0	0	0.0	0.0
9	847265	G	A	0	0	0	0	0	0	0	0	0	0	0	0.0	0.0
9	847292	G	T	1	0	0	0	0	0	1	0	0	1	0	1.0	0.0
9	847365	C	G	1	0	0	0	0	0	0	0	1	1	0	1.0	0.0
9	847547	A	G	0	0	0	0	0	0	0	0	0	0	0	0.0	0.0
9	847676	T	C	0	0	0	0	0	0	0	0	0	0	0	0.0	0.0
9	847806	C	G	0	0	0	0	0	0	0	0	0	0	0	0.0	0.0
9	847836	A	G	0	0	0	0	0	0	0	0	0	0	0	0.0	0.0
9	847917	T	C	0	0	0	0	0	0	0	0	0	0	0	0.0	0.0
9	847992	G	C	0	0	0	0	0	0	0	0	0	0	0	0.0	0.0
9	848066	T	A	0	0	0	0	0	0	0	0	0	0	0	0.0	0.0
9	848269	C	T	1	0	0	0	0	0	0	0	1	1	0	1.0	0.0
9	848335	G	A	0	0	0	0	0	0	0	0	0	0	0	0.0	0.0
9	848373	A	T	0	0	0	0	0	0	0	0	0	0	0	0.0	0.0
9	848415	G	C	0	0	0	0	0	0	0	0	0	0	0	0.0	0.0
9	848685	C	T	0	0	0	0	0	0	0	0	0	0	0	0.0	0.0
9	848906	A	G	0	0	0	0	0	0	0	0	0	0	0	0.0	0.0
9	849197	G	C	0	0	0	0	0	0	0	0	0	0	0	0.0	0.0
9	849537	T	A	0	0	0	0	0	0	0	0	0	0	0	0.0	0.0
9	849964	C	T	0	0	0	0	0	0	0	0	0	0	0	0.0	0.0
9	849966	A	G	0	0	0	0	0	0	0	0	0	0	0	0.0	0.0
9	850008	G	A	0	0	0	0	0	0	0	0	0	0	0	0.0	0.0
9	850124	T	C	0	0	0	0	0	0	0	0	0	0	0	0.0	0.0
9	850243	G	A	0	0	0	0	0	0	0	0	0	0	0	0.0	0.0
9	850258	A	G	0	0	0	0	0	0	0	0	0	0	0	0.0	0.0
9	851441	G	A	0	0	0	0	0	0	0	0	0	0	0	0.0	0.0
9	851546	A	C	0	0	0	0	0	0	0	0	0	0	0	0.0	0.0
9	851846	T	G	0	0	0	0	0	0	0	0	0	0	0	0.0	0.0
9	852056	G	C	0	0	0	0	0	0	0	0	0	0	0	0.0	0.0
9	852236	C	T	0	0	0	0	0	0	0	0	0	0	0	0.0	0.0
9	852258	A	G	0	0	0	0	0	0	0	0	0	0	0	0.0	0.0
9	852507	T	C	0	0	0	0	0	0	0	0	0	0	0	0.0	0.0
9	852518	G	A	0	0	0	0	0	0	0	0	0	0	0	0.0	0.0
9	853004	T	C	0	0	0	0	0	0	0	0	0	0	0	0.0	0.0
9	853240	C	T	0	0	0	0	0	0	0	0	0	0	0	0.0	0.0
9	853389	G	A	0	0	0	0	0	0	0	0	0	0	0	0.0	0.0
9	853681	C	T	0	0	0	0	0	0	0	0	0	0	0	0.0	0.0
9	853817	A	G	0	0	0	0	0	0	0	0	0	0	0	0.0	0.0
9	854112	A	T	0	0	0	0	0	0	0	0	0	0	0	0.0	0.0
9	854629	A	G	0	0	0	0	0	0	0	0	0	0	0	0.0	0.0
9	855091	A	G	0	0	0	0	0	0	0	0	0	0	0	0.0	0.0
9	855511	C	G	0	0	0	0	0	0	0	0	0	0	0	0.0	0.0
9	855571	A	G	0	0	0	0	0	0	0	0	0	0	0	0.0	0.0
9	855582	G	A	0	0	0	0	0	0	0	0	0	0	0	0.0	0.0
9	855612	C	A	0	0	0	0	0	0	0	0	0	0	0	0.0	0.0
9	855644	G	A	0	0	0	0	0	0	0	0	0	0	0	0.0	0.0
9	855645	G	C	0	0	0	0	0	0	0	0	0	0	0	0.0	0.0
9	855802	G	C	0	0	0	0	0	0	0	0	0	0	0	0.0	0.0
9	855876	C	T	0	0	0	0	0	0	0	0	0	0	0	0.0	0.0
9	856012	G	C	0	0	0	0	0	0	0	0	0	0	0	0.0	0.0
9	856045	C	T	0	0	0	0	0	0	0	0	0	0	0	0.0	0.0
9	856185	G	A	0	0	0	0	0	0	0	0	0	0	0	0.0	0.0
9	856389	C	T	0	0	0	0	0	0	0	0	0	0	0	0.0	0.0
9	856403	G	A	0	0	0	0	0	0	0	0	0	0	0	0.0	0.0
9	856554	G	A	0	0	0	0	0	0	0	0	0	0	0	0.0	0.0
9	856658	A	G	0	0	0	0	0	0	0	0	0	0	0	0.0	0.0
9	856699	T	C	0	0	0	0	0	0	0	0	0	0	0	0.0	0.0
9	857315	T	A	0	0	0	0	0	0	0	0	0	0	0	0.0	0.0
9	857511	G	T	0	0	0	0	0	0	0	0	0	0	0	0.0	0.0
9	857683	A	T	0	0	0	0	0	0	0	0	0	0	0	0.0	0.0
9	857883	G	T	0	0	0	0	0	0	0	0	0	0	0	0.0	0.0
9	857993	A	T	0	0	0	0	0	0	0	0	0	0	0	0.0	0.0
9	858429	T	C	0	0	0	0	0	0	0	0	0	0	0	0.0	0.0
9	858993	G	T	0	0	0	0	0	0	0	0	0	0	0	0.0	0.0
9	860335	C	T	0	0	0	0	0	0	0	0	0	0	0	0.0	0.0
9	860349	G	A	0	0	0	0	0	0	0	0	0	0	0	0.0	0.0
9	860584	C	T	0	0	0	0	0	0	0	0	0	0	0	0.0	0.0
9	861243	G	C	0	0	0	0	0	0	0	0	0	0	0	0.0	0.0
9	861257	G	T	0	0	0	0	0	0	0	0	0	0	0	0.0	0.0
9	861278	C	T	0	0	0	0	0	0	0	0	0	0	0	0.0	0.0
9	861482	A	G	0	0	0	0	0	0	0	0	0	0	0	0.0	0.0
9	861506	C	A	0	0	0	0	0	0	0	0	0	0	0	0.0	0.0
9	862257	C	T	0	0	0	0	0	0	0	0	0	0	0	0.0	0.0
9	862265	C	T	0	0	0	0	0	0	0	0	0	0	0	0.0	0.0
9	862289	C	T	0	0	0	0	0	0	0	0	0	0	0	0.0	0.0
9	862446	C	T	0	0	0	0	0	0	0	0	0	0	0	0.0	0.0
9	862622	C	T	0	0	0	0	0	0	0	0	0	0	0	0.0	0.0
9	862803	T	C	0	0	0	0	0	0	0	0	0	0	0	0.0	0.0
9	862889	C	T	0	0	0	0	0	0	0	0	0	0	0	0.0	0.0
9	862892	C	G	0	0	0	0	0	0	0	0	0	0	0	0.0	0.0
9	862903	G	C	0	0	0	0	0	0	0	0	0	0	0	0.0	0.0
9	863392	C	G	0	0	0	0	0	0	0	0	0	0	0	0.0	0.0
9	863635	C	T	0	0	0	0	0	0	0	0	0	0	0	0.0	0.0
9	864399	A	G	0	0	0	0	0	0	0	0	0	0	0	0.0	0.0
9	864431	G	T	0	0	0	0	0	0	0	0	0	0	0	0.0	0.0
9	864791	T	C	0	0	0	0	0	0	0	0	0	0	0	0.0	0.0
9	865300	T	C	0	0	0	0	0	0	0	0	0	0	0	0.0	0.0
9	865658	T	G	0	0	0	0	0	0	0	0	0	0	0	0.0	0.0
9	865930	A	C	0	0	0	0	0	0	0	0	0	0	0	0.0	0.0
9	865958	G	T	0	0	0	0	0	0	0	0	0	0	0	0.0	0.0
9	865973	G	A	0	0	0	0	0	0	0	0	0	0	0	0.0	0.0
9	866605	G	T	0	0	0	0	0	0	0	0	0	0	0	0.0	0.0
9	866725	T	C	0	0	0	0	0	0	0	0	0	0	0	0.0	0.0
9	866799	G	A	0	0	0	0	0	0	0	0	0	0	0	0.0	0.0
9	867352	G	T	0	0	0	0	0	0	0	0	0	0	0	0.0	0.0
9	867542	A	T	0	0	0	0	0	0	0	0	0	0	0	0.0	0.0
9	868259	G	C	0	0	0	0	0	0	0	0	0	0	0	0.0	0.0
9	869950	G	A	0	0	0	0	0	0	0	0	0	0	0	0.0	0.0
9	869966	G	T	0	0	0	0	0	0	0	0	0	0	0	0.0	0.0
9	870027	G	A	0	0	0	0	0	0	0	0	0	0	0	0.0	0.0
9	870086	T	C	0	0	0	0	0	0	0	0	0	0	0	0.0	0.0
9	870125	C	T	0	0	0	0	0	0	0	0	0	0	0	0.0	0.0
9	870156	G	C	0	0	0	0	0	0	0	0	0	0	0	0.0	0.0
9	870415	T	C	0	0	0	0	0	0	0	0	0	0	0	0.0	0.0
9	870624	G	C	0	0	0	0	0	0	0	0	0	0	0	0.0	0.0
9	870792	C	T	0	0	0	0	0	0	0	0	0	0	0	0.0	0.0
9	871715	T	C	0	0	0	0	0	0	0	0	0	0	0	0.0	0.0
9	871862	A	G	0	0	0	0	0	0	0	0	0	0	0	0.0	0.0
9	872439	T	G	0	0	0	0	0	0	0	0	0	0	0	0.0	0.0
9	873160	T	C	0	0	0	0	0	0	0	0	0	0	0	0.0	0.0
9	873697	A	T	0	0	0	0	0	0	0	0	0	0	0	0.0	0.0
9	874283	T	C	0	0	0	0	0	0	0	0	0	0	0	0.0	0.0
9	874300	T	C	0	0	0	0	0	0	0	0	0	0	0	0.0	0.0
9	874371	G	A	0	0	0	0	0	0	0	0	0	0	0	0.0	0.0
9	875134	G	A	1	0	0	0	0	0	1	0	0	1	0	1.0	0.0
9	875402	C	T	0	0	0	0	0	0	0	0	0	0	0	0.0	0.0
9	876308	G	T	0	0	0	0	0	0	0	0	0	0	0	0.0	0.0
9	876418	G	T	0	0	0	0	0	0	0	0	0	0	0	0.0	0.0
9	876463	C	A	0	0	0	0	0	0	0	0	0	0	0	0.0	0.0
9	876770	A	G	0	0	0	0	0	0	0	0	0	0	0	0.0	0.0
9	876933	G	A	0	0	0	0	0	0	0	0	0	0	0	0.0	0.0
9	877048	C	T	0	0	0	0	0	0	0	0	0	0	0	0.0	0.0
9	877071	G	A	0	0	0	0	0	0	0	0	0	0	0	0.0	0.0
9	877740	C	G	0	0	0	0	0	0	0	0	0	0	0	0.0	0.0
9	877864	A	C	0	0	0	0	0	0	0	0	0	0	0	0.0	0.0
9	879807	C	T	0	0	0	0	0	0	0	0	0	0	0	0.0	0.0
9	880131	T	G	0	0	0	0	0	0	0	0	0	0	0	0.0	0.0
9	880819	G	T	0	0	0	0	0	0	0	0	0	0	0	0.0	0.0
9	886925	C	T	0	0	0	0	0	0	0	0	0	0	0	0.0	0.0
9	900161	T	G	0	0	0	0	0	0	0	0	0	0	0	0.0	0.0
9	900199	G	A	0	0	0	0	0	0	0	0	0	0	0	0.0	0.0
9	900200	A	G	0	0	0	0	0	0	0	0	0	0	0	0.0	0.0
9	901867	C	T	0	0	0	0	0	0	0	0	0	0	0	0.0	0.0
9	902358	T	C	0	0	0	0	0	0	0	0	0	0	0	0.0	0.0
9	902582	G	A	0	0	0	0	0	0	0	0	0	0	0	0.0	0.0
9	902888	T	C	0	0	0	0	0	0	0	0	0	0	0	0.0	0.0
9	903153	A	C	0	0	0	0	0	0	0	0	0	0	0	0.0	0.0
9	903167	C	G	0	0	0	0	0	0	0	0	0	0	0	0.0	0.0
9	903352	A	T	0	0	0	0	0	0	0	0	0	0	0	0.0	0.0
9	903461	G	A	0	0	0	0	0	0	0	0	0	0	0	0.0	0.0
9	903778	C	T	0	0	0	0	0	0	0	0	0	0	0	0.0	0.0
9	904078	C	T	0	0	0	0	0	0	0	0	0	0	0	0.0	0.0
9	904106	C	G	0	0	0	0	0	0	0	0	0	0	0	0.0	0.0
9	905068	A	G	0	0	0	0	0	0	0	0	0	0	0	0.0	0.0
9	905474	C	G	0	0	0	0	0	0	0	0	0	0	0	0.0	0.0
9	905559	C	T	0	0	0	0	0	0	0	0	0	0	0	0.0	0.0
9	905672	C	G	0	0	0	0	0	0	0	0	0	0	0	0.0	0.0
9	905776	C	A	0	0	0	0	0	0	0	0	0	0	0	0.0	0.0
9	905937	C	T	0	0	0	0	0	0	0	0	0	0	0	0.0	0.0
9	907968	C	T	0	0	0	0	0	0	0	0	0	0	0	0.0	0.0
9	907988	G	T	0	0	0	0	0	0	0	0	0	0	0	0.0	0.0
9	908583	G	C	0	0	0	0	0	0	0	0	0	0	0	0.0	0.0
9	908606	C	T	0	0	0	0	0	0	0	0	0	0	0	0.0	0.0
9	908902	A	G	0	0	0	0	0	0	0	0	0	0	0	0.0	0.0
9	911829	A	G	0	0	0	0	0	0	0	0	0	0	0	0.0	0.0
9	911958	C	G	0	0	0	0	0	0	0	0	0	0	0	0.0	0.0
9	912320	A	G	0	0	0	0	0	0	0	0	0	0	0	0.0	0.0
9	912636	T	C	0	0	0	0	0	0	0	0	0	0	0	0.0	0.0
9	913484	T	A	0	0	0	0	0	0	0	0	0	0	0	0.0	0.0
9	914180	T	A	0	0	0	0	0	0	0	0	0	0	0	0.0	0.0
9	930145	G	A	1	0	0	0	0	1	0	0	0	1	0	1.0	0.0
9	940943	A	G	0	0	0	0	0	0	0	0	0	0	0	0.0	0.0
9	983255	C	G	0	0	0	0	0	0	0	0	0	0	0	0.0	0.0
9	987658	G	A	0	0	0	0	0	0	0	0	0	0	0	0.0	0.0
9	990840	C	T	0	0	0	0	0	0	0	0	0	0	0	0.0	0.0
9	1004941	G	T	0	0	0	0	0	0	0	0	0	0	0	0.0	0.0
9	1004958	A	G	0	0	0	0	0	0	0	0	0	0	0	0.0	0.0
9	1016842	A	G	0	0	0	0	0	0	0	0	0	0	0	0.0	0.0
9	1018245	C	T	0	0	0	0	0	0	0	0	0	0	0	0.0	0.0
9	1018247	G	T	0	0	0	0	0	0	0	0	0	0	0	0.0	0.0
9	1018931	C	G	0	0	0	0	0	0	0	0	0	0	0	0.0	0.0
9	1019207	T	G	0	0	0	0	0	0	0	0	0	0	0	0.0	0.0
9	1019633	A	G	0	0	0	0	0	0	0	0	0	0	0	0.0	0.0
9	1020230	A	G	0	0	0	0	0	0	0	0	0	0	0	0.0	0.0
9	1021426	C	T	0	0	0	0	0	0	0	0	0	0	0	0.0	0.0
9	1021446	G	C	0	0	0	0	0	0	0	0	0	0	0	0.0	0.0
9	1021621	T	C	0	0	0	0	0	0	0	0	0	0	0	0.0	0.0
9	1021776	G	A	0	0	0	0	0	0	0	0	0	0	0	0.0	0.0
9	1021801	C	T	0	0	0	0	0	0	0	0	0	0	0	0.0	0.0
9	1021873	G	A	0	0	0	0	0	0	0	0	0	0	0	0.0	0.0
9	1022010	C	T	0	0	0	0	0	0	0	0	0	0	0	0.0	0.0
9	1022232	G	A	0	0	0	0	0	0	0	0	0	0	0	0.0	0.0
9	1022363	A	G	0	0	0	0	0	0	0	0	0	0	0	0.0	0.0
9	1022394	A	G	0	0	0	0	0	0	0	0	0	0	0	0.0	0.0
9	1022475	G	A	0	0	0	0	0	0	0	0	0	0	0	0.0	0.0
9	1022482	A	G	0	0	0	0	0	0	0	0	0	0	0	0.0	0.0
9	1022561	A	G	0	0	0	0	0	0	0	0	0	0	0	0.0	0.0
9	1022714	G	A	0	0	0	0	0	0	0	0	0	0	0	0.0	0.0
9	1022901	A	G	0	0	0	0	0	0	0	0	0	0	0	0.0	0.0
9	1023277	G	A	0	0	0	0	0	0	0	0	0	0	0	0.0	0.0
9	1023584	T	C	0	0	0	0	0	0	0	0	0	0	0	0.0	0.0
9	1023856	C	T	0	0	0	0	0	0	0	0	0	0	0	0.0	0.0
9	1023882	T	C	0	0	0	0	0	0	0	0	0	0	0	0.0	0.0
9	1023920	G	A	0	0	0	0	0	0	0	0	0	0	0	0.0	0.0
9	1024120	T	C	0	0	0	0	0	0	0	0	0	0	0	0.0	0.0
9	1024422	G	C	0	0	0	0	0	0	0	0	0	0	0	0.0	0.0
9	1024548	T	C	0	0	0	0	0	0	0	0	0	0	0	0.0	0.0
9	1024677	T	C	0	0	0	0	0	0	0	0	0	0	0	0.0	0.0
9	1024795	T	C	0	0	0	0	0	0	0	0	0	0	0	0.0	0.0
9	1024843	G	T	0	0	0	0	0	0	0	0	0	0	0	0.0	0.0
9	1025287	A	G	0	0	0	0	0	0	0	0	0	0	0	0.0	0.0
9	1025288	C	T	0	0	0	0	0	0	0	0	0	0	0	0.0	0.0
9	1025295	G	A	0	0	0	0	0	0	0	0	0	0	0	0.0	0.0
9	1025309	T	C	0	0	0	0	0	0	0	0	0	0	0	0.0	0.0
9	1025344	C	T	0	0	0	0	0	0	0	0	0	0	0	0.0	0.0
9	1025363	C	G	0	0	0	0	0	0	0	0	0	0	0	0.0	0.0
9	1025386	T	C	0	0	0	0	0	0	0	0	0	0	0	0.0	0.0
9	1025459	G	T	0	0	0	0	0	0	0	0	0	0	0	0.0	0.0
9	1025948	G	C	0	0	0	0	0	0	0	0	0	0	0	0.0	0.0
9	1025974	A	G	0	0	0	0	0	0	0	0	0	0	0	0.0	0.0
9	1026015	C	T	0	0	0	0	0	0	0	0	0	0	0	0.0	0.0
9	1026185	C	T	0	0	0	0	0	0	0	0	0	0	0	0.0	0.0
9	1026476	G	A	0	0	0	0	0	0	0	0	0	0	0	0.0	0.0
9	1028997	G	C	0	0	0	0	0	0	0	0	0	0	0	0.0	0.0
9	1048402	G	A	0	0	0	0	0	0	0	0	0	0	0	0.0	0.0
9	1048496	T	A	0	0	0	0	0	0	0	0	0	0	0	0.0	0.0
9	1049616	T	G	0	0	0	0	0	0	0	0	0	0	0	0.0	0.0
9	1050614	A	G	0	0	0	0	0	0	0	0	0	0	0	0.0	0.0
9	1052537	G	A	0	0	0	0	0	0	0	0	0	0	0	0.0	0.0
9	1052722	G	T	0	0	0	0	0	0	0	0	0	0	0	0.0	0.0
9	1053308	G	A	0	0	0	0	0	0	0	0	0	0	0	0.0	0.0
9	1053465	A	C	0	0	0	0	0	0	0	0	0	0	0	0.0	0.0
9	1053510	T	C	0	0	0	0	0	0	0	0	0	0	0	0.0	0.0
9	1053523	C	T	0	0	0	0	0	0	0	0	0	0	0	0.0	0.0
9	1054080	C	T	0	0	0	0	0	0	0	0	0	0	0	0.0	0.0
9	1054362	G	C	0	0	0	0	0	0	0	0	0	0	0	0.0	0.0
9	1055870	A	G	0	0	0	0	0	0	0	0	0	0	0	0.0	0.0
9	1056101	T	G	0	0	0	0	0	0	0	0	0	0	0	0.0	0.0
9	1057204	A	G	0	0	0	0	0	0	0	0	0	0	0	0.0	0.0
9	1057318	A	G	0	0	0	0	0	0	0	0	0	0	0	0.0	0.0
9	1057351	A	C	0	0	0	0	0	0	0	0	0	0	0	0.0	0.0
9	1057797	A	G	0	0	0	0	0	0	0	0	0	0	0	0.0	0.0
9	1059356	C	T	0	0	0	0	0	0	0	0	0	0	0	0.0	0.0
9	1059959	A	C	0	0	0	0	0	0	0	0	0	0	0	0.0	0.0
9	1061002	T	G	0	0	0	0	0	0	0	0	0	0	0	0.0	0.0
9	1061357	C	T	0	0	0	0	0	0	0	0	0	0	0	0.0	0.0
9	1061450	T	G	0	0	0	0	0	0	0	0	0	0	0	0.0	0.0
9	1061637	G	C	0	0	0	0	0	0	0	0	0	0	0	0.0	0.0
9	1061891	G	T	0	0	0	0	0	0	0	0	0	0	0	0.0	0.0
9	1061902	A	C	0	0	0	0	0	0	0	0	0	0	0	0.0	0.0
9	1062218	G	C	0	0	0	0	0	0	0	0	0	0	0	0.0	0.0
9	1062280	G	A	0	0	0	0	0	0	0	0	0	0	0	0.0	0.0
9	1062695	G	C	0	0	0	0	0	0	0	0	0	0	0	0.0	0.0
9	1062815	T	A	0	0	0	0	0	0	0	0	0	0	0	0.0	0.0
9	1062999	G	A	0	0	0	0	0	0	0	0	0	0	0	0.0	0.0
9	1063193	T	G	0	0	0	0	0	0	0	0	0	0	0	0.0	0.0
9	1063534	A	T	0	0	0	0	0	0	0	0	0	0	0	0.0	0.0
9	1063862	G	A	0	0	0	0	0	0	0	0	0	0	0	0.0	0.0
9	1064985	T	C	0	0	0	0	0	0	0	0	0	0	0	0.0	0.0
9	1065405	C	G	0	0	0	0	0	0	0	0	0	0	0	0.0	0.0
9	1065708	A	G	0	0	0	0	0	0	0	0	0	0	0	0.0	0.0
9	1065899	G	C	2	0	0	0	0	0	0	2	0	0	2	0.0	1.0
9	1065905	A	G	2	0	0	0	0	2	0	0	0	0	2	0.0	1.0
9	1066120	G	A	0	0	0	0	0	0	0	0	0	0	0	0.0	0.0
9	1066179	G	C	0	0	0	0	0	0	0	0	0	0	0	0.0	0.0
9	1066370	T	C	0	0	0	0	0	0	0	0	0	0	0	0.0	0.0
9	1067531	T	C	0	0	0	0	0	0	0	0	0	0	0	0.0	0.0
9	1067991	C	T	0	0	0	0	0	0	0	0	0	0	0	0.0	0.0
9	1068251	G	A	0	0	0	0	0	0	0	0	0	0	0	0.0	0.0
9	1068402	A	G	0	0	0	0	0	0	0	0	0	0	0	0.0	0.0
9	1068589	G	C	0	0	0	0	0	0	0	0	0	0	0	0.0	0.0
9	1068663	C	T	0	0	0	0	0	0	0	0	0	0	0	0.0	0.0
9	1069115	C	T	0	0	0	0	0	0	0	0	0	0	0	0.0	0.0
9	1069154	C	T	0	0	0	0	0	0	0	0	0	0	0	0.0	0.0
9	1069467	G	T	0	0	0	0	0	0	0	0	0	0	0	0.0	0.0
9	1069609	G	C	0	0	0	0	0	0	0	0	0	0	0	0.0	0.0
9	1069663	T	C	0	0	0	0	0	0	0	0	0	0	0	0.0	0.0
9	1069753	A	G	0	0	0	0	0	0	0	0	0	0	0	0.0	0.0
9	1069853	C	T	0	0	0	0	0	0	0	0	0	0	0	0.0	0.0
9	1070591	T	C	0	0	0	0	0	0	0	0	0	0	0	0.0	0.0
9	1071814	A	G	0	0	0	0	0	0	0	0	0	0	0	0.0	0.0
9	1072008	T	C	0	0	0	0	0	0	0	0	0	0	0	0.0	0.0
9	1072049	G	A	0	0	0	0	0	0	0	0	0	0	0	0.0	0.0
9	1072281	A	G	0	0	0	0	0	0	0	0	0	0	0	0.0	0.0
9	1073114	A	G	0	0	0	0	0	0	0	0	0	0	0	0.0	0.0
9	1073696	T	A	0	0	0	0	0	0	0	0	0	0	0	0.0	0.0
9	1075060	A	G	0	0	0	0	0	0	0	0	0	0	0	0.0	0.0
9	1075167	G	A	0	0	0	0	0	0	0	0	0	0	0	0.0	0.0
9	1076149	T	C	0	0	0	0	0	0	0	0	0	0	0	0.0	0.0
9	1076795	A	G	0	0	0	0	0	0	0	0	0	0	0	0.0	0.0
9	1077020	G	A	0	0	0	0	0	0	0	0	0	0	0	0.0	0.0
9	1078608	G	C	0	0	0	0	0	0	0	0	0	0	0	0.0	0.0
9	1080866	G	A	0	0	0	0	0	0	0	0	0	0	0	0.0	0.0
9	1082727	G	C	0	0	0	0	0	0	0	0	0	0	0	0.0	0.0
9	1084922	C	T	0	0	0	0	0	0	0	0	0	0	0	0.0	0.0
9	1085999	C	T	0	0	0	0	0	0	0	0	0	0	0	0.0	0.0
9	1097792	C	T	0	0	0	0	0	0	0	0	0	0	0	0.0	0.0
9	1099806	C	T	0	0	0	0	0	0	0	0	0	0	0	0.0	0.0
9	1100692	C	T	0	0	0	0	0	0	0	0	0	0	0	0.0	0.0
9	1102058	C	T	0	0	0	0	0	0	0	0	0	0	0	0.0	0.0
9	1102569	A	C	0	0	0	0	0	0	0	0	0	0	0	0.0	0.0
9	1102943	T	C	0	0	0	0	0	0	0	0	0	0	0	0.0	0.0
9	1103477	T	C	0	0	0	0	0	0	0	0	0	0	0	0.0	0.0
9	1104076	T	C	0	0	0	0	0	0	0	0	0	0	0	0.0	0.0
9	1104093	A	G	0	0	0	0	0	0	0	0	0	0	0	0.0	0.0
9	1104573	T	G	0	0	0	0	0	0	0	0	0	0	0	0.0	0.0
9	1104608	G	C	0	0	0	0	0	0	0	0	0	0	0	0.0	0.0
9	1105539	G	A	0	0	0	0	0	0	0	0	0	0	0	0.0	0.0
9	1105568	G	A	0	0	0	0	0	0	0	0	0	0	0	0.0	0.0
9	1105803	C	A	0	0	0	0	0	0	0	0	0	0	0	0.0	0.0
9	1106093	A	G	0	0	0	0	0	0	0	0	0	0	0	0.0	0.0
9	1106931	T	C	0	0	0	0	0	0	0	0	0	0	0	0.0	0.0
9	1107806	C	T	0	0	0	0	0	0	0	0	0	0	0	0.0	0.0
9	1107849	G	C	0	0	0	0	0	0	0	0	0	0	0	0.0	0.0
9	1108515	C	T	0	0	0	0	0	0	0	0	0	0	0	0.0	0.0
9	1109599	T	G	0	0	0	0	0	0	0	0	0	0	0	0.0	0.0
9	1110315	T	C	0	0	0	0	0	0	0	0	0	0	0	0.0	0.0
9	1112707	T	A	0	0	0	0	0	0	0	0	0	0	0	0.0	0.0
9	1112839	T	C	0	0	0	0	0	0	0	0	0	0	0	0.0	0.0
9	1115880	G	C	0	0	0	0	0	0	0	0	0	0	0	0.0	0.0
9	1116135	G	A	0	0	0	0	0	0	0	0	0	0	0	0.0	0.0
9	1117149	C	T	0	0	0	0	0	0	0	0	0	0	0	0.0	0.0
9	1117444	C	A	0	0	0	0	0	0	0	0	0	0	0	0.0	0.0
9	1117582	T	C	0	0	0	0	0	0	0	0	0	0	0	0.0	0.0
9	1117735	T	A	0	0	0	0	0	0	0	0	0	0	0	0.0	0.0
9	1117775	T	G	0	0	0	0	0	0	0	0	0	0	0	0.0	0.0
9	1119423	C	G	0	0	0	0	0	0	0	0	0	0	0	0.0	0.0
9	1119818	C	G	0	0	0	0	0	0	0	0	0	0	0	0.0	0.0
9	1120048	C	T	0	0	0	0	0	0	0	0	0	0	0	0.0	0.0
9	1120602	A	C	0	0	0	0	0	0	0	0	0	0	0	0.0	0.0
9	1121085	C	T	0	0	0	0	0	0	0	0	0	0	0	0.0	0.0
9	1121353	T	C	0	0	0	0	0	0	0	0	0	0	0	0.0	0.0
9	1122137	G	C	0	0	0	0	0	0	0	0	0	0	0	0.0	0.0
9	1123445	C	T	0	0	0	0	0	0	0	0	0	0	0	0.0	0.0
9	1123530	C	T	0	0	0	0	0	0	0	0	0	0	0	0.0	0.0
9	1123568	A	T	0	0	0	0	0	0	0	0	0	0	0	0.0	0.0
9	1123746	G	C	0	0	0	0	0	0	0	0	0	0	0	0.0	0.0
9	1127303	A	G	0	0	0	0	0	0	0	0	0	0	0	0.0	0.0
9	1128641	A	G	0	0	0	0	0	0	0	0	0	0	0	0.0	0.0
9	1128880	T	C	0	0	0	0	0	0	0	0	0	0	0	0.0	0.0
9	1129457	C	T	0	0	0	0	0	0	0	0	0	0	0	0.0	0.0
9	1129562	G	C	0	0	0	0	0	0	0	0	0	0	0	0.0	0.0
9	1130315	T	A	0	0	0	0	0	0	0	0	0	0	0	0.0	0.0
9	1133938	C	T	0	0	0	0	0	0	0	0	0	0	0	0.0	0.0
9	1134258	C	T	0	0	0	0	0	0	0	0	0	0	0	0.0	0.0
9	1135087	A	G	0	0	0	0	0	0	0	0	0	0	0	0.0	0.0
9	1135932	A	T	0	0	0	0	0	0	0	0	0	0	0	0.0	0.0
9	1136486	G	C	0	0	0	0	0	0	0	0	0	0	0	0.0	0.0
9	1136525	G	A	0	0	0	0	0	0	0	0	0	0	0	0.0	0.0
9	1138353	A	G	0	0	0	0	0	0	0	0	0	0	0	0.0	0.0
9	1138616	G	A	0	0	0	0	0	0	0	0	0	0	0	0.0	0.0
9	1139271	G	A	0	0	0	0	0	0	0	0	0	0	0	0.0	0.0
9	1139290	C	T	0	0	0	0	0	0	0	0	0	0	0	0.0	0.0
9	1139370	G	A	0	0	0	0	0	0	0	0	0	0	0	0.0	0.0
9	1140262	A	G	0	0	0	0	0	0	0	0	0	0	0	0.0	0.0
9	1140438	C	A	0	0	0	0	0	0	0	0	0	0	0	0.0	0.0
9	1140530	C	T	0	0	0	0	0	0	0	0	0	0	0	0.0	0.0
9	1140614	T	C	0	0	0	0	0	0	0	0	0	0	0	0.0	0.0
9	1141584	C	T	0	0	0	0	0	0	0	0	0	0	0	0.0	0.0
9	1142028	G	A	0	0	0	0	0	0	0	0	0	0	0	0.0	0.0
9	1142537	A	T	0	0	0	0	0	0	0	0	0	0	0	0.0	0.0
9	1142653	G	A	0	0	0	0	0	0	0	0	0	0	0	0.0	0.0
9	1142769	A	T	0	0	0	0	0	0	0	0	0	0	0	0.0	0.0
9	1143079	T	C	0	0	0	0	0	0	0	0	0	0	0	0.0	0.0
9	1143504	A	G	0	0	0	0	0	0	0	0	0	0	0	0.0	0.0
9	1143718	G	A	0	0	0	0	0	0	0	0	0	0	0	0.0	0.0
9	1143781	G	C	0	0	0	0	0	0	0	0	0	0	0	0.0	0.0
9	1144361	T	A	0	0	0	0	0	0	0	0	0	0	0	0.0	0.0
9	1145248	G	A	0	0	0	0	0	0	0	0	0	0	0	0.0	0.0
9	1146402	C	T	0	0	0	0	0	0	0	0	0	0	0	0.0	0.0
9	1146416	A	C	0	0	0	0	0	0	0	0	0	0	0	0.0	0.0
9	1146902	G	T	0	0	0	0	0	0	0	0	0	0	0	0.0	0.0
9	1147105	C	T	0	0	0	0	0	0	0	0	0	0	0	0.0	0.0
9	1147712	C	A	0	0	0	0	0	0	0	0	0	0	0	0.0	0.0
9	1147948	A	G	0	0	0	0	0	0	0	0	0	0	0	0.0	0.0
9	1148241	A	G	0	0	0	0	0	0	0	0	0	0	0	0.0	0.0
9	1149787	C	T	0	0	0	0	0	0	0	0	0	0	0	0.0	0.0
9	1150601	A	G	0	0	0	0	0	0	0	0	0	0	0	0.0	0.0
9	1150993	G	C	0	0	0	0	0	0	0	0	0	0	0	0.0	0.0
9	1151015	A	G	0	0	0	0	0	0	0	0	0	0	0	0.0	0.0
9	1151090	T	G	0	0	0	0	0	0	0	0	0	0	0	0.0	0.0
9	1151269	C	T	0	0	0	0	0	0	0	0	0	0	0	0.0	0.0
9	1151466	A	G	0	0	0	0	0	0	0	0	0	0	0	0.0	0.0
9	1151488	A	G	0	0	0	0	0	0	0	0	0	0	0	0.0	0.0
9	1151742	C	T	0	0	0	0	0	0	0	0	0	0	0	0.0	0.0
9	1152096	T	C	0	0	0	0	0	0	0	0	0	0	0	0.0	0.0
9	1152396	G	A	0	0	0	0	0	0	0	0	0	0	0	0.0	0.0
9	1152932	A	G	0	0	0	0	0	0	0	0	0	0	0	0.0	0.0
9	1153153	C	G	0	0	0	0	0	0	0	0	0	0	0	0.0	0.0
9	1153199	C	G	0	0	0	0	0	0	0	0	0	0	0	0.0	0.0
9	1153452	A	G	0	0	0	0	0	0	0	0	0	0	0	0.0	0.0
9	1153978	G	A	0	0	0	0	0	0	0	0	0	0	0	0.0	0.0
9	1154321	T	A	0	0	0	0	0	0	0	0	0	0	0	0.0	0.0
9	1154598	A	G	0	0	0	0	0	0	0	0	0	0	0	0.0	0.0
9	1154730	A	G	0	0	0	0	0	0	0	0	0	0	0	0.0	0.0
9	1154854	C	T	0	0	0	0	0	0	0	0	0	0	0	0.0	0.0
9	1155484	C	T	0	0	0	0	0	0	0	0	0	0	0	0.0	0.0
9	1155609	G	T	0	0	0	0	0	0	0	0	0	0	0	0.0	0.0
9	1156520	G	C	0	0	0	0	0	0	0	0	0	0	0	0.0	0.0
9	1156567	T	C	0	0	0	0	0	0	0	0	0	0	0	0.0	0.0
9	1156789	T	G	0	0	0	0	0	0	0	0	0	0	0	0.0	0.0
9	1156821	C	G	0	0	0	0	0	0	0	0	0	0	0	0.0	0.0
9	1157033	G	A	0	0	0	0	0	0	0	0	0	0	0	0.0	0.0
9	1157168	A	C	0	0	0	0	0	0	0	0	0	0	0	0.0	0.0
9	1158171	C	T	0	0	0	0	0	0	0	0	0	0	0	0.0	0.0
9	1158286	T	C	0	0	0	0	0	0	0	0	0	0	0	0.0	0.0
9	1158628	A	G	0	0	0	0	0	0	0	0	0	0	0	0.0	0.0
9	1159052	A	G	0	0	0	0	0	0	0	0	0	0	0	0.0	0.0
9	1159095	G	A	0	0	0	0	0	0	0	0	0	0	0	0.0	0.0
9	1159096	C	T	0	0	0	0	0	0	0	0	0	0	0	0.0	0.0
9	1159236	G	A	0	0	0	0	0	0	0	0	0	0	0	0.0	0.0
9	1159361	G	A	0	0	0	0	0	0	0	0	0	0	0	0.0	0.0
9	1159598	G	A	0	0	0	0	0	0	0	0	0	0	0	0.0	0.0
9	1159744	A	G	0	0	0	0	0	0	0	0	0	0	0	0.0	0.0
9	1160103	A	G	0	0	0	0	0	0	0	0	0	0	0	0.0	0.0
9	1160246	T	A	0	0	0	0	0	0	0	0	0	0	0	0.0	0.0
9	1160479	C	T	0	0	0	0	0	0	0	0	0	0	0	0.0	0.0
9	1160532	G	A	0	0	0	0	0	0	0	0	0	0	0	0.0	0.0
9	1160959	A	G	0	0	0	0	0	0	0	0	0	0	0	0.0	0.0
9	1161363	G	T	0	0	0	0	0	0	0	0	0	0	0	0.0	0.0
9	1161470	A	G	0	0	0	0	0	0	0	0	0	0	0	0.0	0.0
9	1161604	A	T	0	0	0	0	0	0	0	0	0	0	0	0.0	0.0
9	1161645	G	C	0	0	0	0	0	0	0	0	0	0	0	0.0	0.0
9	1161738	C	G	0	0	0	0	0	0	0	0	0	0	0	0.0	0.0
9	1161858	G	A	0	0	0	0	0	0	0	0	0	0	0	0.0	0.0
9	1161994	C	T	0	0	0	0	0	0	0	0	0	0	0	0.0	0.0
9	1162013	A	C	0	0	0	0	0	0	0	0	0	0	0	0.0	0.0
9	1162143	G	A	0	0	0	0	0	0	0	0	0	0	0	0.0	0.0
9	1162361	T	C	0	0	0	0	0	0	0	0	0	0	0	0.0	0.0
9	1162447	T	A	0	0	0	0	0	0	0	0	0	0	0	0.0	0.0
9	1162493	T	A	0	0	0	0	0	0	0	0	0	0	0	0.0	0.0
9	1162524	A	G	0	0	0	0	0	0	0	0	0	0	0	0.0	0.0
9	1162556	T	C	0	0	0	0	0	0	0	0	0	0	0	0.0	0.0
9	1163046	C	T	0	0	0	0	0	0	0	0	0	0	0	0.0	0.0
9	1163465	G	A	0	0	0	0	0	0	0	0	0	0	0	0.0	0.0
9	1163903	T	G	0	0	0	0	0	0	0	0	0	0	0	0.0	0.0
9	1164209	G	A	0	0	0	0	0	0	0	0	0	0	0	0.0	0.0
9	1164570	T	C	0	0	0	0	0	0	0	0	0	0	0	0.0	0.0
9	1165425	A	G	0	0	0	0	0	0	0	0	0	0	0	0.0	0.0
9	1166014	T	C	0	0	0	0	0	0	0	0	0	0	0	0.0	0.0
9	1166086	C	T	0	0	0	0	0	0	0	0	0	0	0	0.0	0.0
9	1167933	T	C	0	0	0	0	0	0	0	0	0	0	0	0.0	0.0
9	1167936	A	T	0	0	0	0	0	0	0	0	0	0	0	0.0	0.0
9	1169485	G	A	0	0	0	0	0	0	0	0	0	0	0	0.0	0.0
9	1170227	G	A	0	0	0	0	0	0	0	0	0	0	0	0.0	0.0
9	1171369	A	G	0	0	0	0	0	0	0	0	0	0	0	0.0	0.0
9	1171383	A	C	0	0	0	0	0	0	0	0	0	0	0	0.0	0.0
9	1171650	C	T	0	0	0	0	0	0	0	0	0	0	0	0.0	0.0
9	1174024	G	A	0	0	0	0	0	0	0	0	0	0	0	0.0	0.0
9	1174357	C	T	0	0	0	0	0	0	0	0	0	0	0	0.0	0.0
9	1175170	A	T	1	1	0	0	0	0	0	0	0	1	0	1.0	0.0
9	1175250	G	C	1	0	0	0	0	0	1	0	0	1	0	1.0	0.0
9	1176636	G	T	0	0	0	0	0	0	0	0	0	0	0	0.0	0.0
9	1176648	T	G	0	0	0	0	0	0	0	0	0	0	0	0.0	0.0
9	1177927	G	C	0	0	0	0	0	0	0	0	0	0	0	0.0	0.0
9	1178096	G	A	1	0	0	0	0	1	0	0	0	1	0	1.0	0.0
9	1178477	A	C	0	0	0	0	0	0	0	0	0	0	0	0.0	0.0
9	1178506	A	G	0	0	0	0	0	0	0	0	0	0	0	0.0	0.0
9	1179531	C	T	0	0	0	0	0	0	0	0	0	0	0	0.0	0.0
9	1179606	A	G	0	0	0	0	0	0	0	0	0	0	0	0.0	0.0
9	1182217	T	C	0	0	0	0	0	0	0	0	0	0	0	0.0	0.0
9	1182226	A	G	0	0	0	0	0	0	0	0	0	0	0	0.0	0.0
9	1183498	T	C	0	0	0	0	0	0	0	0	0	0	0	0.0	0.0
9	1183695	T	C	0	0	0	0	0	0	0	0	0	0	0	0.0	0.0
9	1184613	T	A	0	0	0	0	0	0	0	0	0	0	0	0.0	0.0
9	1184757	T	C	0	0	0	0	0	0	0	0	0	0	0	0.0	0.0
9	1185736	T	C	0	0	0	0	0	0	0	0	0	0	0	0.0	0.0
9	1186546	T	C	0	0	0	0	0	0	0	0	0	0	0	0.0	0.0
9	1186916	C	A	0	0	0	0	0	0	0	0	0	0	0	0.0	0.0
9	1187255	A	C	0	0	0	0	0	0	0	0	0	0	0	0.0	0.0
9	1189365	G	A	0	0	0	0	0	0	0	0	0	0	0	0.0	0.0
9	1189934	A	G	0	0	0	0	0	0	0	0	0	0	0	0.0	0.0
9	1190341	G	C	0	0	0	0	0	0	0	0	0	0	0	0.0	0.0
9	1190580	A	C	0	0	0	0	0	0	0	0	0	0	0	0.0	0.0
9	1192035	T	A	0	0	0	0	0	0	0	0	0	0	0	0.0	0.0
9	1192648	C	T	0	0	0	0	0	0	0	0	0	0	0	0.0	0.0
9	1192723	C	T	0	0	0	0	0	0	0	0	0	0	0	0.0	0.0
9	1193128	G	C	0	0	0	0	0	0	0	0	0	0	0	0.0	0.0
9	1193144	T	G	0	0	0	0	0	0	0	0	0	0	0	0.0	0.0
9	1193171	A	G	0	0	0	0	0	0	0	0	0	0	0	0.0	0.0
9	1195559	T	C	0	0	0	0	0	0	0	0	0	0	0	0.0	0.0
9	1195778	G	A	0	0	0	0	0	0	0	0	0	0	0	0.0	0.0
9	1196187	T	A	0	0	0	0	0	0	0	0	0	0	0	0.0	0.0
9	1196570	G	A	0	0	0	0	0	0	0	0	0	0	0	0.0	0.0
9	1196586	A	G	0	0	0	0	0	0	0	0	0	0	0	0.0	0.0
9	1196693	G	A	0	0	0	0	0	0	0	0	0	0	0	0.0	0.0
9	1197071	G	A	0	0	0	0	0	0	0	0	0	0	0	0.0	0.0
9	1197220	T	C	0	0	0	0	0	0	0	0	0	0	0	0.0	0.0
9	1197632	G	T	0	0	0	0	0	0	0	0	0	0	0	0.0	0.0
9	1197702	C	T	0	0	0	0	0	0	0	0	0	0	0	0.0	0.0
9	1197716	G	A	0	0	0	0	0	0	0	0	0	0	0	0.0	0.0
9	1198044	G	A	0	0	0	0	0	0	0	0	0	0	0	0.0	0.0
9	1198532	G	C	0	0	0	0	0	0	0	0	0	0	0	0.0	0.0
9	1198667	G	C	0	0	0	0	0	0	0	0	0	0	0	0.0	0.0
9	1199339	C	G	0	0	0	0	0	0	0	0	0	0	0	0.0	0.0
9	1200036	G	A	0	0	0	0	0	0	0	0	0	0	0	0.0	0.0
9	1200130	G	C	0	0	0	0	0	0	0	0	0	0	0	0.0	0.0
9	1200784	C	A	0	0	0	0	0	0	0	0	0	0	0	0.0	0.0
9	1201865	C	T	0	0	0	0	0	0	0	0	0	0	0	0.0	0.0
9	1202371	A	G	0	0	0	0	0	0	0	0	0	0	0	0.0	0.0
9	1203843	G	A	0	0	0	0	0	0	0	0	0	0	0	0.0	0.0
9	1203848	G	C	0	0	0	0	0	0	0	0	0	0	0	0.0	0.0
9	1205747	G	A	0	0	0	0	0	0	0	0	0	0	0	0.0	0.0
9	1206487	T	A	0	0	0	0	0	0	0	0	0	0	0	0.0	0.0
9	1206835	G	A	0	0	0	0	0	0	0	0	0	0	0	0.0	0.0
9	1207380	C	G	0	0	0	0	0	0	0	0	0	0	0	0.0	0.0
9	1208814	T	C	0	0	0	0	0	0	0	0	0	0	0	0.0	0.0
9	1209585	A	G	0	0	0	0	0	0	0	0	0	0	0	0.0	0.0
9	1210002	A	C	0	0	0	0	0	0	0	0	0	0	0	0.0	0.0
9	1210991	G	A	0	0	0	0	0	0	0	0	0	0	0	0.0	0.0
9	1212533	C	A	0	0	0	0	0	0	0	0	0	0	0	0.0	0.0
9	1213024	A	G	0	0	0	0	0	0	0	0	0	0	0	0.0	0.0
9	1213327	C	G	0	0	0	0	0	0	0	0	0	0	0	0.0	0.0
9	1213481	C	G	0	0	0	0	0	0	0	0	0	0	0	0.0	0.0
9	1213583	T	C	0	0	0	0	0	0	0	0	0	0	0	0.0	0.0
9	1214563	C	A	0	0	0	0	0	0	0	0	0	0	0	0.0	0.0
9	1215503	T	C	0	0	0	0	0	0	0	0	0	0	0	0.0	0.0
9	1215676	G	A	0	0	0	0	0	0	0	0	0	0	0	0.0	0.0
9	1215719	C	T	0	0	0	0	0	0	0	0	0	0	0	0.0	0.0
9	1216007	A	G	0	0	0	0	0	0	0	0	0	0	0	0.0	0.0
9	1217413	A	C	0	0	0	0	0	0	0	0	0	0	0	0.0	0.0
9	1218436	T	A	0	0	0	0	0	0	0	0	0	0	0	0.0	0.0
9	1218440	T	C	0	0	0	0	0	0	0	0	0	0	0	0.0	0.0
9	1218632	C	T	0	0	0	0	0	0	0	0	0	0	0	0.0	0.0
9	1218782	T	A	0	0	0	0	0	0	0	0	0	0	0	0.0	0.0
9	1218816	T	C	0	0	0	0	0	0	0	0	0	0	0	0.0	0.0
9	1218911	T	C	0	0	0	0	0	0	0	0	0	0	0	0.0	0.0
9	1219034	T	C	0	0	0	0	0	0	0	0	0	0	0	0.0	0.0
9	1219329	T	C	0	0	0	0	0	0	0	0	0	0	0	0.0	0.0
9	1219714	G	T	0	0	0	0	0	0	0	0	0	0	0	0.0	0.0
9	1222608	C	G	0	0	0	0	0	0	0	0	0	0	0	0.0	0.0
9	1222645	G	C	0	0	0	0	0	0	0	0	0	0	0	0.0	0.0
9	1222854	T	A	1	0	1	0	0	0	0	0	0	0	1	0.0	1.0
9	1223056	A	T	0	0	0	0	0	0	0	0	0	0	0	0.0	0.0
9	1223322	T	C	0	0	0	0	0	0	0	0	0	0	0	0.0	0.0
9	1223814	A	G	0	0	0	0	0	0	0	0	0	0	0	0.0	0.0
9	1223881	G	A	0	0	0	0	0	0	0	0	0	0	0	0.0	0.0
9	1223927	G	T	0	0	0	0	0	0	0	0	0	0	0	0.0	0.0
9	1223953	C	T	0	0	0	0	0	0	0	0	0	0	0	0.0	0.0
9	1229627	C	G	0	0	0	0	0	0	0	0	0	0	0	0.0	0.0
9	1230510	G	A	0	0	0	0	0	0	0	0	0	0	0	0.0	0.0
9	1230619	T	C	0	0	0	0	0	0	0	0	0	0	0	0.0	0.0
9	1231169	G	A	0	0	0	0	0	0	0	0	0	0	0	0.0	0.0
9	1232509	A	C	0	0	0	0	0	0	0	0	0	0	0	0.0	0.0
9	1233043	G	A	0	0	0	0	0	0	0	0	0	0	0	0.0	0.0
9	1233055	G	A	0	0	0	0	0	0	0	0	0	0	0	0.0	0.0
9	1233179	G	C	0	0	0	0	0	0	0	0	0	0	0	0.0	0.0
9	1237260	T	C	0	0	0	0	0	0	0	0	0	0	0	0.0	0.0
9	1237766	T	G	0	0	0	0	0	0	0	0	0	0	0	0.0	0.0
9	1237800	C	G	0	0	0	0	0	0	0	0	0	0	0	0.0	0.0
9	1238306	A	G	0	0	0	0	0	0	0	0	0	0	0	0.0	0.0
9	1238847	C	G	0	0	0	0	0	0	0	0	0	0	0	0.0	0.0
9	1239394	T	G	0	0	0	0	0	0	0	0	0	0	0	0.0	0.0
9	1239644	G	A	0	0	0	0	0	0	0	0	0	0	0	0.0	0.0
9	1239702	G	A	0	0	0	0	0	0	0	0	0	0	0	0.0	0.0
9	1239722	G	A	0	0	0	0	0	0	0	0	0	0	0	0.0	0.0
9	1239776	G	A	0	0	0	0	0	0	0	0	0	0	0	0.0	0.0
9	1239802	A	T	0	0	0	0	0	0	0	0	0	0	0	0.0	0.0
9	1240874	T	C	0	0	0	0	0	0	0	0	0	0	0	0.0	0.0
9	1240946	A	G	0	0	0	0	0	0	0	0	0	0	0	0.0	0.0
9	1241039	T	C	0	0	0	0	0	0	0	0	0	0	0	0.0	0.0
9	1241443	A	G	0	0	0	0	0	0	0	0	0	0	0	0.0	0.0
9	1242775	A	C	0	0	0	0	0	0	0	0	0	0	0	0.0	0.0
9	1243584	A	G	0	0	0	0	0	0	0	0	0	0	0	0.0	0.0
9	1243842	T	G	0	0	0	0	0	0	0	0	0	0	0	0.0	0.0
9	1244144	G	A	0	0	0	0	0	0	0	0	0	0	0	0.0	0.0
9	1244181	G	A	0	0	0	0	0	0	0	0	0	0	0	0.0	0.0
9	1244807	C	G	0	0	0	0	0	0	0	0	0	0	0	0.0	0.0
9	1245032	A	G	0	0	0	0	0	0	0	0	0	0	0	0.0	0.0
9	1245297	T	A	0	0	0	0	0	0	0	0	0	0	0	0.0	0.0
9	1245585	G	T	0	0	0	0	0	0	0	0	0	0	0	0.0	0.0
9	1245620	G	A	0	0	0	0	0	0	0	0	0	0	0	0.0	0.0
9	1245807	G	A	0	0	0	0	0	0	0	0	0	0	0	0.0	0.0
9	1246430	G	A	0	0	0	0	0	0	0	0	0	0	0	0.0	0.0
9	1251257	C	T	0	0	0	0	0	0	0	0	0	0	0	0.0	0.0
9	1252596	T	C	0	0	0	0	0	0	0	0	0	0	0	0.0	0.0
9	1252923	A	G	0	0	0	0	0	0	0	0	0	0	0	0.0	0.0
9	1255877	T	C	0	0	0	0	0	0	0	0	0	0	0	0.0	0.0
9	1258510	C	T	0	0	0	0	0	0	0	0	0	0	0	0.0	0.0
9	1258905	T	C	0	0	0	0	0	0	0	0	0	0	0	0.0	0.0
9	1259996	C	T	0	0	0	0	0	0	0	0	0	0	0	0.0	0.0
9	1261127	C	T	0	0	0	0	0	0	0	0	0	0	0	0.0	0.0
9	1262293	G	A	0	0	0	0	0	0	0	0	0	0	0	0.0	0.0
9	1262702	C	G	0	0	0	0	0	0	0	0	0	0	0	0.0	0.0
9	1262838	G	A	0	0	0	0	0	0	0	0	0	0	0	0.0	0.0
9	1263104	C	G	0	0	0	0	0	0	0	0	0	0	0	0.0	0.0
9	1264034	G	T	0	0	0	0	0	0	0	0	0	0	0	0.0	0.0
9	1265018	A	C	0	0	0	0	0	0	0	0	0	0	0	0.0	0.0
9	1265408	C	T	0	0	0	0	0	0	0	0	0	0	0	0.0	0.0
9	1265994	A	C	0	0	0	0	0	0	0	0	0	0	0	0.0	0.0
9	1266412	G	T	0	0	0	0	0	0	0	0	0	0	0	0.0	0.0
9	1267493	C	A	1	1	0	0	0	0	0	0	0	0	1	0.0	1.0
9	1268294	G	A	0	0	0	0	0	0	0	0	0	0	0	0.0	0.0
9	1268411	G	C	0	0	0	0	0	0	0	0	0	0	0	0.0	0.0
9	1268688	C	G	0	0	0	0	0	0	0	0	0	0	0	0.0	0.0
9	1268834	C	G	0	0	0	0	0	0	0	0	0	0	0	0.0	0.0
9	1268867	T	G	0	0	0	0	0	0	0	0	0	0	0	0.0	0.0
9	1269013	A	C	0	0	0	0	0	0	0	0	0	0	0	0.0	0.0
9	1270676	T	C	0	0	0	0	0	0	0	0	0	0	0	0.0	0.0
9	1270931	C	A	0	0	0	0	0	0	0	0	0	0	0	0.0	0.0
9	1271315	T	C	0	0	0	0	0	0	0	0	0	0	0	0.0	0.0
9	1271768	T	A	0	0	0	0	0	0	0	0	0	0	0	0.0	0.0
9	1271936	G	C	0	0	0	0	0	0	0	0	0	0	0	0.0	0.0
9	1272146	T	C	0	0	0	0	0	0	0	0	0	0	0	0.0	0.0
9	1272376	C	T	0	0	0	0	0	0	0	0	0	0	0	0.0	0.0
9	1272724	C	G	0	0	0	0	0	0	0	0	0	0	0	0.0	0.0
9	1275124	A	G	0	0	0	0	0	0	0	0	0	0	0	0.0	0.0
9	1275707	A	G	0	0	0	0	0	0	0	0	0	0	0	0.0	0.0
9	1276376	G	A	0	0	0	0	0	0	0	0	0	0	0	0.0	0.0
9	1277168	G	A	0	0	0	0	0	0	0	0	0	0	0	0.0	0.0
9	1277449	G	A	0	0	0	0	0	0	0	0	0	0	0	0.0	0.0
9	1277906	G	T	0	0	0	0	0	0	0	0	0	0	0	0.0	0.0
9	1279051	G	C	0	0	0	0	0	0	0	0	0	0	0	0.0	0.0
9	1279854	A	G	0	0	0	0	0	0	0	0	0	0	0	0.0	0.0
9	1280349	C	G	0	0	0	0	0	0	0	0	0	0	0	0.0	0.0
9	1280413	T	C	0	0	0	0	0	0	0	0	0	0	0	0.0	0.0
9	1281246	A	C	0	0	0	0	0	0	0	0	0	0	0	0.0	0.0
9	1281453	A	G	0	0	0	0	0	0	0	0	0	0	0	0.0	0.0
9	1281712	A	G	0	0	0	0	0	0	0	0	0	0	0	0.0	0.0
9	1281716	T	C	0	0	0	0	0	0	0	0	0	0	0	0.0	0.0
9	1281724	C	T	0	0	0	0	0	0	0	0	0	0	0	0.0	0.0
9	1281774	C	T	0	0	0	0	0	0	0	0	0	0	0	0.0	0.0
9	1282206	A	G	0	0	0	0	0	0	0	0	0	0	0	0.0	0.0
9	1282293	G	A	0	0	0	0	0	0	0	0	0	0	0	0.0	0.0
9	1282556	T	C	0	0	0	0	0	0	0	0	0	0	0	0.0	0.0
9	1282836	C	A	0	0	0	0	0	0	0	0	0	0	0	0.0	0.0
9	1282993	G	C	0	0	0	0	0	0	0	0	0	0	0	0.0	0.0
9	1283014	C	T	0	0	0	0	0	0	0	0	0	0	0	0.0	0.0
9	1283160	T	A	0	0	0	0	0	0	0	0	0	0	0	0.0	0.0
9	1283916	A	C	0	0	0	0	0	0	0	0	0	0	0	0.0	0.0
9	1284581	A	C	0	0	0	0	0	0	0	0	0	0	0	0.0	0.0
9	1285001	C	G	0	0	0	0	0	0	0	0	0	0	0	0.0	0.0
9	1285877	T	A	0	0	0	0	0	0	0	0	0	0	0	0.0	0.0
9	1286158	T	G	0	0	0	0	0	0	0	0	0	0	0	0.0	0.0
9	1286190	T	A	0	0	0	0	0	0	0	0	0	0	0	0.0	0.0
9	1286416	G	A	0	0	0	0	0	0	0	0	0	0	0	0.0	0.0
9	1286433	G	A	0	0	0	0	0	0	0	0	0	0	0	0.0	0.0
9	1286715	T	C	0	0	0	0	0	0	0	0	0	0	0	0.0	0.0
9	1287919	C	A	0	0	0	0	0	0	0	0	0	0	0	0.0	0.0
9	1288046	T	C	0	0	0	0	0	0	0	0	0	0	0	0.0	0.0
9	1288093	G	C	0	0	0	0	0	0	0	0	0	0	0	0.0	0.0
9	1288515	G	A	0	0	0	0	0	0	0	0	0	0	0	0.0	0.0
9	1288574	G	A	0	0	0	0	0	0	0	0	0	0	0	0.0	0.0
9	1288693	T	G	0	0	0	0	0	0	0	0	0	0	0	0.0	0.0
9	1288774	A	C	0	0	0	0	0	0	0	0	0	0	0	0.0	0.0
9	1288906	A	T	0	0	0	0	0	0	0	0	0	0	0	0.0	0.0
9	1288969	T	C	0	0	0	0	0	0	0	0	0	0	0	0.0	0.0
9	1289422	T	A	0	0	0	0	0	0	0	0	0	0	0	0.0	0.0
9	1290276	G	C	0	0	0	0	0	0	0	0	0	0	0	0.0	0.0
9	1290536	A	G	0	0	0	0	0	0	0	0	0	0	0	0.0	0.0
9	1290588	C	G	0	0	0	0	0	0	0	0	0	0	0	0.0	0.0
9	1291008	C	A	0	0	0	0	0	0	0	0	0	0	0	0.0	0.0
9	1291013	G	C	0	0	0	0	0	0	0	0	0	0	0	0.0	0.0
9	1291196	C	T	0	0	0	0	0	0	0	0	0	0	0	0.0	0.0
9	1291483	G	C	0	0	0	0	0	0	0	0	0	0	0	0.0	0.0
9	1292375	A	T	0	0	0	0	0	0	0	0	0	0	0	0.0	0.0
9	1293114	T	C	1	0	0	0	0	0	0	1	0	0	1	0.0	1.0
9	1293354	C	A	0	0	0	0	0	0	0	0	0	0	0	0.0	0.0
9	1293445	G	A	1	0	1	0	0	0	0	0	0	0	1	0.0	1.0
9	1294000	C	T	0	0	0	0	0	0	0	0	0	0	0	0.0	0.0
9	1294441	G	T	0	0	0	0	0	0	0	0	0	0	0	0.0	0.0
9	1294789	C	A	0	0	0	0	0	0	0	0	0	0	0	0.0	0.0
9	1295602	T	C	0	0	0	0	0	0	0	0	0	0	0	0.0	0.0
9	1298658	A	G	0	0	0	0	0	0	0	0	0	0	0	0.0	0.0
9	1299248	A	G	0	0	0	0	0	0	0	0	0	0	0	0.0	0.0
9	1301939	C	T	0	0	0	0	0	0	0	0	0	0	0	0.0	0.0
9	1304068	C	T	0	0	0	0	0	0	0	0	0	0	0	0.0	0.0
9	1304370	A	T	0	0	0	0	0	0	0	0	0	0	0	0.0	0.0
9	1304377	G	T	0	0	0	0	0	0	0	0	0	0	0	0.0	0.0
9	1304402	G	A	0	0	0	0	0	0	0	0	0	0	0	0.0	0.0
9	1304665	G	T	0	0	0	0	0	0	0	0	0	0	0	0.0	0.0
9	1304716	T	C	0	0	0	0	0	0	0	0	0	0	0	0.0	0.0
9	1304815	G	A	0	0	0	0	0	0	0	0	0	0	0	0.0	0.0
9	1304890	G	T	0	0	0	0	0	0	0	0	0	0	0	0.0	0.0
9	1305167	G	C	0	0	0	0	0	0	0	0	0	0	0	0.0	0.0
9	1305268	C	T	0	0	0	0	0	0	0	0	0	0	0	0.0	0.0
9	1305828	G	A	0	0	0	0	0	0	0	0	0	0	0	0.0	0.0
9	1306232	T	G	0	0	0	0	0	0	0	0	0	0	0	0.0	0.0
9	1306646	G	A	0	0	0	0	0	0	0	0	0	0	0	0.0	0.0
9	1306916	T	C	0	0	0	0	0	0	0	0	0	0	0	0.0	0.0
9	1308288	T	C	0	0	0	0	0	0	0	0	0	0	0	0.0	0.0
9	1309997	C	T	0	0	0	0	0	0	0	0	0	0	0	0.0	0.0
9	1310475	G	A	0	0	0	0	0	0	0	0	0	0	0	0.0	0.0
9	1310551	T	C	0	0	0	0	0	0	0	0	0	0	0	0.0	0.0
9	1314579	G	A	0	0	0	0	0	0	0	0	0	0	0	0.0	0.0
9	1314595	C	A	0	0	0	0	0	0	0	0	0	0	0	0.0	0.0
9	1315843	T	G	0	0	0	0	0	0	0	0	0	0	0	0.0	0.0
9	1315952	T	C	0	0	0	0	0	0	0	0	0	0	0	0.0	0.0
9	1316365	T	C	0	0	0	0	0	0	0	0	0	0	0	0.0	0.0
9	1316816	G	A	0	0	0	0	0	0	0	0	0	0	0	0.0	0.0
9	1319316	G	A	0	0	0	0	0	0	0	0	0	0	0	0.0	0.0
9	1320872	A	G	0	0	0	0	0	0	0	0	0	0	0	0.0	0.0
9	1321793	A	G	0	0	0	0	0	0	0	0	0	0	0	0.0	0.0
9	1322267	G	A	0	0	0	0	0	0	0	0	0	0	0	0.0	0.0
9	1322280	T	G	0	0	0	0	0	0	0	0	0	0	0	0.0	0.0
9	1322302	A	C	0	0	0	0	0	0	0	0	0	0	0	0.0	0.0
9	1322416	C	T	0	0	0	0	0	0	0	0	0	0	0	0.0	0.0
9	1322698	G	A	0	0	0	0	0	0	0	0	0	0	0	0.0	0.0
9	1322730	G	T	0	0	0	0	0	0	0	0	0	0	0	0.0	0.0
9	1323877	A	G	0	0	0	0	0	0	0	0	0	0	0	0.0	0.0
9	1324127	A	G	0	0	0	0	0	0	0	0	0	0	0	0.0	0.0
9	1324223	T	C	0	0	0	0	0	0	0	0	0	0	0	0.0	0.0
9	1324647	G	A	0	0	0	0	0	0	0	0	0	0	0	0.0	0.0
9	1324933	G	A	0	0	0	0	0	0	0	0	0	0	0	0.0	0.0
9	1325179	A	G	1	1	0	0	0	0	0	0	0	1	0	1.0	0.0
9	1325466	A	C	0	0	0	0	0	0	0	0	0	0	0	0.0	0.0
9	1326167	A	G	0	0	0	0	0	0	0	0	0	0	0	0.0	0.0
9	1326224	A	G	0	0	0	0	0	0	0	0	0	0	0	0.0	0.0
9	1326554	G	C	0	0	0	0	0	0	0	0	0	0	0	0.0	0.0
9	1327247	T	C	0	0	0	0	0	0	0	0	0	0	0	0.0	0.0
9	1327484	T	C	0	0	0	0	0	0	0	0	0	0	0	0.0	0.0
9	1328424	G	A	0	0	0	0	0	0	0	0	0	0	0	0.0	0.0
9	1328742	A	G	0	0	0	0	0	0	0	0	0	0	0	0.0	0.0
9	1329785	C	G	0	0	0	0	0	0	0	0	0	0	0	0.0	0.0
9	1330054	C	T	0	0	0	0	0	0	0	0	0	0	0	0.0	0.0
9	1330623	A	G	0	0	0	0	0	0	0	0	0	0	0	0.0	0.0
9	1332257	G	A	0	0	0	0	0	0	0	0	0	0	0	0.0	0.0
9	1333683	G	C	0	0	0	0	0	0	0	0	0	0	0	0.0	0.0
9	1334541	G	A	0	0	0	0	0	0	0	0	0	0	0	0.0	0.0
9	1336460	C	T	0	0	0	0	0	0	0	0	0	0	0	0.0	0.0
9	1337031	G	A	0	0	0	0	0	0	0	0	0	0	0	0.0	0.0
9	1337107	A	G	0	0	0	0	0	0	0	0	0	0	0	0.0	0.0
9	1337220	G	A	0	0	0	0	0	0	0	0	0	0	0	0.0	0.0
9	1337226	T	C	0	0	0	0	0	0	0	0	0	0	0	0.0	0.0
9	1338966	T	C	0	0	0	0	0	0	0	0	0	0	0	0.0	0.0
9	1338983	G	A	0	0	0	0	0	0	0	0	0	0	0	0.0	0.0
9	1339391	A	G	0	0	0	0	0	0	0	0	0	0	0	0.0	0.0
9	1340735	C	T	0	0	0	0	0	0	0	0	0	0	0	0.0	0.0
9	1340744	T	C	0	0	0	0	0	0	0	0	0	0	0	0.0	0.0
9	1341399	G	T	0	0	0	0	0	0	0	0	0	0	0	0.0	0.0
9	1342721	T	C	0	0	0	0	0	0	0	0	0	0	0	0.0	0.0
9	1343089	T	C	0	0	0	0	0	0	0	0	0	0	0	0.0	0.0
9	1343765	T	C	0	0	0	0	0	0	0	0	0	0	0	0.0	0.0
9	1343785	A	G	0	0	0	0	0	0	0	0	0	0	0	0.0	0.0
9	1343787	G	C	0	0	0	0	0	0	0	0	0	0	0	0.0	0.0
9	1343824	C	G	0	0	0	0	0	0	0	0	0	0	0	0.0	0.0
9	1343878	A	G	0	0	0	0	0	0	0	0	0	0	0	0.0	0.0
9	1343987	T	C	0	0	0	0	0	0	0	0	0	0	0	0.0	0.0
9	1344286	C	T	0	0	0	0	0	0	0	0	0	0	0	0.0	0.0
9	1344439	C	T	0	0	0	0	0	0	0	0	0	0	0	0.0	0.0
9	1344641	T	A	0	0	0	0	0	0	0	0	0	0	0	0.0	0.0
9	1345471	C	T	0	0	0	0	0	0	0	0	0	0	0	0.0	0.0
9	1345516	A	G	0	0	0	0	0	0	0	0	0	0	0	0.0	0.0
9	1345601	C	G	0	0	0	0	0	0	0	0	0	0	0	0.0	0.0
9	1345653	C	T	0	0	0	0	0	0	0	0	0	0	0	0.0	0.0
9	1346171	T	A	0	0	0	0	0	0	0	0	0	0	0	0.0	0.0
9	1346388	C	A	0	0	0	0	0	0	0	0	0	0	0	0.0	0.0
9	1346630	C	G	0	0	0	0	0	0	0	0	0	0	0	0.0	0.0
9	1347094	A	G	0	0	0	0	0	0	0	0	0	0	0	0.0	0.0
9	1347743	G	A	0	0	0	0	0	0	0	0	0	0	0	0.0	0.0
9	1348260	A	G	0	0	0	0	0	0	0	0	0	0	0	0.0	0.0
9	1349240	T	C	0	0	0	0	0	0	0	0	0	0	0	0.0	0.0
9	1349243	T	C	0	0	0	0	0	0	0	0	0	0	0	0.0	0.0
9	1349501	T	G	0	0	0	0	0	0	0	0	0	0	0	0.0	0.0
9	1349755	C	A	0	0	0	0	0	0	0	0	0	0	0	0.0	0.0
9	1350093	T	G	0	0	0	0	0	0	0	0	0	0	0	0.0	0.0
9	1350476	G	A	0	0	0	0	0	0	0	0	0	0	0	0.0	0.0
9	1350510	T	A	0	0	0	0	0	0	0	0	0	0	0	0.0	0.0
9	1351094	A	G	0	0	0	0	0	0	0	0	0	0	0	0.0	0.0
9	1351411	T	C	0	0	0	0	0	0	0	0	0	0	0	0.0	0.0
9	1351790	G	C	0	0	0	0	0	0	0	0	0	0	0	0.0	0.0
9	1351988	T	G	0	0	0	0	0	0	0	0	0	0	0	0.0	0.0
9	1352079	T	A	0	0	0	0	0	0	0	0	0	0	0	0.0	0.0
9	1352409	C	A	0	0	0	0	0	0	0	0	0	0	0	0.0	0.0
9	1352545	C	A	0	0	0	0	0	0	0	0	0	0	0	0.0	0.0
9	1353353	C	T	0	0	0	0	0	0	0	0	0	0	0	0.0	0.0
9	1353713	C	T	0	0	0	0	0	0	0	0	0	0	0	0.0	0.0
9	1354036	T	C	0	0	0	0	0	0	0	0	0	0	0	0.0	0.0
9	1354440	G	C	0	0	0	0	0	0	0	0	0	0	0	0.0	0.0
9	1354471	A	T	0	0	0	0	0	0	0	0	0	0	0	0.0	0.0
9	1354499	C	A	0	0	0	0	0	0	0	0	0	0	0	0.0	0.0
9	1354628	T	C	0	0	0	0	0	0	0	0	0	0	0	0.0	0.0
9	1355029	A	G	0	0	0	0	0	0	0	0	0	0	0	0.0	0.0
9	1355061	G	A	0	0	0	0	0	0	0	0	0	0	0	0.0	0.0
9	1356019	C	G	0	0	0	0	0	0	0	0	0	0	0	0.0	0.0
9	1356094	T	C	0	0	0	0	0	0	0	0	0	0	0	0.0	0.0
9	1356482	C	T	0	0	0	0	0	0	0	0	0	0	0	0.0	0.0
9	1356612	C	T	0	0	0	0	0	0	0	0	0	0	0	0.0	0.0
9	1356732	C	G	0	0	0	0	0	0	0	0	0	0	0	0.0	0.0
9	1356739	C	T	0	0	0	0	0	0	0	0	0	0	0	0.0	0.0
9	1358244	G	T	0	0	0	0	0	0	0	0	0	0	0	0.0	0.0
9	1358558	G	A	0	0	0	0	0	0	0	0	0	0	0	0.0	0.0
9	1359507	A	T	0	0	0	0	0	0	0	0	0	0	0	0.0	0.0
9	1360104	A	G	0	0	0	0	0	0	0	0	0	0	0	0.0	0.0
9	1360397	C	A	0	0	0	0	0	0	0	0	0	0	0	0.0	0.0
9	1372198	T	C	0	0	0	0	0	0	0	0	0	0	0	0.0	0.0
9	1372505	T	C	0	0	0	0	0	0	0	0	0	0	0	0.0	0.0
9	1386357	A	T	0	0	0	0	0	0	0	0	0	0	0	0.0	0.0
9	1386436	T	G	0	0	0	0	0	0	0	0	0	0	0	0.0	0.0
9	1387400	T	A	0	0	0	0	0	0	0	0	0	0	0	0.0	0.0
9	1388983	T	C	0	0	0	0	0	0	0	0	0	0	0	0.0	0.0
9	1389208	C	T	0	0	0	0	0	0	0	0	0	0	0	0.0	0.0
9	1389285	A	G	0	0	0	0	0	0	0	0	0	0	0	0.0	0.0
9	1389433	G	C	0	0	0	0	0	0	0	0	0	0	0	0.0	0.0
9	1390452	T	C	0	0	0	0	0	0	0	0	0	0	0	0.0	0.0
9	1390500	T	C	0	0	0	0	0	0	0	0	0	0	0	0.0	0.0
9	1390693	T	C	0	0	0	0	0	0	0	0	0	0	0	0.0	0.0
9	1394847	G	A	0	0	0	0	0	0	0	0	0	0	0	0.0	0.0
9	1395009	T	A	0	0	0	0	0	0	0	0	0	0	0	0.0	0.0
9	1395119	A	C	0	0	0	0	0	0	0	0	0	0	0	0.0	0.0
9	1395399	A	T	1	0	0	1	0	0	0	0	0	0	1	0.0	1.0
9	1395617	G	A	0	0	0	0	0	0	0	0	0	0	0	0.0	0.0
9	1398185	A	C	0	0	0	0	0	0	0	0	0	0	0	0.0	0.0
9	1398803	A	G	0	0	0	0	0	0	0	0	0	0	0	0.0	0.0
9	1399448	T	C	0	0	0	0	0	0	0	0	0	0	0	0.0	0.0
9	1403095	C	G	0	0	0	0	0	0	0	0	0	0	0	0.0	0.0
9	1403424	A	G	0	0	0	0	0	0	0	0	0	0	0	0.0	0.0
9	1403492	T	C	0	0	0	0	0	0	0	0	0	0	0	0.0	0.0
9	1403749	C	A	0	0	0	0	0	0	0	0	0	0	0	0.0	0.0
9	1404278	A	G	0	0	0	0	0	0	0	0	0	0	0	0.0	0.0
9	1404430	A	G	0	0	0	0	0	0	0	0	0	0	0	0.0	0.0
9	1404604	A	G	0	0	0	0	0	0	0	0	0	0	0	0.0	0.0
9	1404922	G	A	0	0	0	0	0	0	0	0	0	0	0	0.0	0.0
9	1405275	G	T	0	0	0	0	0	0	0	0	0	0	0	0.0	0.0
9	1410134	G	C	0	0	0	0	0	0	0	0	0	0	0	0.0	0.0
9	1413376	A	G	0	0	0	0	0	0	0	0	0	0	0	0.0	0.0
9	1413398	C	G	0	0	0	0	0	0	0	0	0	0	0	0.0	0.0
9	1413540	C	T	0	0	0	0	0	0	0	0	0	0	0	0.0	0.0
9	1413700	G	A	0	0	0	0	0	0	0	0	0	0	0	0.0	0.0
9	1414235	A	G	0	0	0	0	0	0	0	0	0	0	0	0.0	0.0
9	1416594	A	T	0	0	0	0	0	0	0	0	0	0	0	0.0	0.0
9	1416612	C	T	0	0	0	0	0	0	0	0	0	0	0	0.0	0.0
9	1416846	A	G	0	0	0	0	0	0	0	0	0	0	0	0.0	0.0
9	1416909	C	T	0	0	0	0	0	0	0	0	0	0	0	0.0	0.0
9	1417307	G	A	0	0	0	0	0	0	0	0	0	0	0	0.0	0.0
9	1424700	C	T	0	0	0	0	0	0	0	0	0	0	0	0.0	0.0
9	1426836	A	G	0	0	0	0	0	0	0	0	0	0	0	0.0	0.0
9	1427375	C	T	0	0	0	0	0	0	0	0	0	0	0	0.0	0.0
9	1431730	T	G	0	0	0	0	0	0	0	0	0	0	0	0.0	0.0
9	1432909	T	A	0	0	0	0	0	0	0	0	0	0	0	0.0	0.0
9	1433520	G	A	0	0	0	0	0	0	0	0	0	0	0	0.0	0.0
9	1433652	A	G	0	0	0	0	0	0	0	0	0	0	0	0.0	0.0
9	1435496	T	C	0	0	0	0	0	0	0	0	0	0	0	0.0	0.0
9	1435586	G	C	0	0	0	0	0	0	0	0	0	0	0	0.0	0.0
9	1436134	T	C	0	0	0	0	0	0	0	0	0	0	0	0.0	0.0
9	1438897	C	T	0	0	0	0	0	0	0	0	0	0	0	0.0	0.0
9	1446332	T	A	0	0	0	0	0	0	0	0	0	0	0	0.0	0.0
9	1446459	A	G	0	0	0	0	0	0	0	0	0	0	0	0.0	0.0
9	1447011	G	A	0	0	0	0	0	0	0	0	0	0	0	0.0	0.0
9	1447740	T	C	0	0	0	0	0	0	0	0	0	0	0	0.0	0.0
9	1448017	T	C	0	0	0	0	0	0	0	0	0	0	0	0.0	0.0
9	1449084	A	G	0	0	0	0	0	0	0	0	0	0	0	0.0	0.0
9	1449360	C	G	0	0	0	0	0	0	0	0	0	0	0	0.0	0.0
9	1449445	C	T	0	0	0	0	0	0	0	0	0	0	0	0.0	0.0
9	1450651	G	A	0	0	0	0	0	0	0	0	0	0	0	0.0	0.0
9	1450977	T	C	0	0	0	0	0	0	0	0	0	0	0	0.0	0.0
9	1451053	G	C	0	0	0	0	0	0	0	0	0	0	0	0.0	0.0
9	1453731	G	A	0	0	0	0	0	0	0	0	0	0	0	0.0	0.0
9	1455262	T	C	0	0	0	0	0	0	0	0	0	0	0	0.0	0.0
9	1455267	C	T	0	0	0	0	0	0	0	0	0	0	0	0.0	0.0
9	1455851	T	C	0	0	0	0	0	0	0	0	0	0	0	0.0	0.0
9	1456669	T	C	0	0	0	0	0	0	0	0	0	0	0	0.0	0.0
9	1456797	C	T	0	0	0	0	0	0	0	0	0	0	0	0.0	0.0
9	1456940	G	A	0	0	0	0	0	0	0	0	0	0	0	0.0	0.0
9	1457305	T	C	0	0	0	0	0	0	0	0	0	0	0	0.0	0.0
9	1457471	A	T	0	0	0	0	0	0	0	0	0	0	0	0.0	0.0
9	1459663	T	C	0	0	0	0	0	0	0	0	0	0	0	0.0	0.0
9	1469230	G	A	0	0	0	0	0	0	0	0	0	0	0	0.0	0.0
9	1477045	C	T	0	0	0	0	0	0	0	0	0	0	0	0.0	0.0
9	1491705	A	G	0	0	0	0	0	0	0	0	0	0	0	0.0	0.0
9	1499641	T	G	0	0	0	0	0	0	0	0	0	0	0	0.0	0.0
9	1502004	A	G	0	0	0	0	0	0	0	0	0	0	0	0.0	0.0
9	1506126	T	A	0	0	0	0	0	0	0	0	0	0	0	0.0	0.0
9	1509717	A	G	0	0	0	0	0	0	0	0	0	0	0	0.0	0.0
9	1510230	A	C	0	0	0	0	0	0	0	0	0	0	0	0.0	0.0
9	1512561	T	G	0	0	0	0	0	0	0	0	0	0	0	0.0	0.0
9	1512620	G	C	0	0	0	0	0	0	0	0	0	0	0	0.0	0.0
9	1513074	T	C	0	0	0	0	0	0	0	0	0	0	0	0.0	0.0
9	1514608	G	C	0	0	0	0	0	0	0	0	0	0	0	0.0	0.0
9	1514696	G	A	0	0	0	0	0	0	0	0	0	0	0	0.0	0.0
9	1516385	C	T	0	0	0	0	0	0	0	0	0	0	0	0.0	0.0
9	1520317	A	G	0	0	0	0	0	0	0	0	0	0	0	0.0	0.0
9	1521178	T	C	0	0	0	0	0	0	0	0	0	0	0	0.0	0.0
9	1521204	A	C	0	0	0	0	0	0	0	0	0	0	0	0.0	0.0
9	1528329	C	G	0	0	0	0	0	0	0	0	0	0	0	0.0	0.0
9	1528388	G	A	0	0	0	0	0	0	0	0	0	0	0	0.0	0.0
9	1528456	A	T	0	0	0	0	0	0	0	0	0	0	0	0.0	0.0
9	1528600	A	T	0	0	0	0	0	0	0	0	0	0	0	0.0	0.0
9	1554043	T	C	0	0	0	0	0	0	0	0	0	0	0	0.0	0.0
9	1564132	G	A	0	0	0	0	0	0	0	0	0	0	0	0.0	0.0
9	1585695	C	T	0	0	0	0	0	0	0	0	0	0	0	0.0	0.0
9	1588159	C	T	0	0	0	0	0	0	0	0	0	0	0	0.0	0.0
9	1593433	G	C	0	0	0	0	0	0	0	0	0	0	0	0.0	0.0
9	1595283	A	G	0	0	0	0	0	0	0	0	0	0	0	0.0	0.0
9	1595741	G	C	0	0	0	0	0	0	0	0	0	0	0	0.0	0.0
9	1596394	C	G	0	0	0	0	0	0	0	0	0	0	0	0.0	0.0
9	1596705	C	T	0	0	0	0	0	0	0	0	0	0	0	0.0	0.0
9	1596849	G	A	0	0	0	0	0	0	0	0	0	0	0	0.0	0.0
9	1597788	C	T	0	0	0	0	0	0	0	0	0	0	0	0.0	0.0
9	1598094	G	C	0	0	0	0	0	0	0	0	0	0	0	0.0	0.0
9	1598293	T	G	0	0	0	0	0	0	0	0	0	0	0	0.0	0.0
9	1598302	A	T	0	0	0	0	0	0	0	0	0	0	0	0.0	0.0
9	1598501	T	C	0	0	0	0	0	0	0	0	0	0	0	0.0	0.0
9	1598577	G	A	0	0	0	0	0	0	0	0	0	0	0	0.0	0.0
9	1598581	A	G	0	0	0	0	0	0	0	0	0	0	0	0.0	0.0
9	1598874	G	T	0	0	0	0	0	0	0	0	0	0	0	0.0	0.0
9	1598885	A	G	0	0	0	0	0	0	0	0	0	0	0	0.0	0.0
9	1599106	G	A	0	0	0	0	0	0	0	0	0	0	0	0.0	0.0
9	1599200	C	T	0	0	0	0	0	0	0	0	0	0	0	0.0	0.0
9	1599561	A	T	0	0	0	0	0	0	0	0	0	0	0	0.0	0.0
9	1599871	A	C	0	0	0	0	0	0	0	0	0	0	0	0.0	0.0
9	1600058	T	A	0	0	0	0	0	0	0	0	0	0	0	0.0	0.0
9	1600197	G	C	0	0	0	0	0	0	0	0	0	0	0	0.0	0.0
9	1600210	A	G	0	0	0	0	0	0	0	0	0	0	0	0.0	0.0
9	1600938	G	A	0	0	0	0	0	0	0	0	0	0	0	0.0	0.0
9	1601456	G	A	0	0	0	0	0	0	0	0	0	0	0	0.0	0.0
9	1602052	A	G	0	0	0	0	0	0	0	0	0	0	0	0.0	0.0
9	1602182	C	G	0	0	0	0	0	0	0	0	0	0	0	0.0	0.0
9	1602267	A	T	0	0	0	0	0	0	0	0	0	0	0	0.0	0.0
9	1602415	G	A	0	0	0	0	0	0	0	0	0	0	0	0.0	0.0
9	1602449	T	C	0	0	0	0	0	0	0	0	0	0	0	0.0	0.0
9	1602492	A	G	0	0	0	0	0	0	0	0	0	0	0	0.0	0.0
9	1602777	A	T	0	0	0	0	0	0	0	0	0	0	0	0.0	0.0
9	1603023	G	A	0	0	0	0	0	0	0	0	0	0	0	0.0	0.0
9	1603149	T	A	0	0	0	0	0	0	0	0	0	0	0	0.0	0.0
9	1603540	T	C	0	0	0	0	0	0	0	0	0	0	0	0.0	0.0
9	1603814	A	G	0	0	0	0	0	0	0	0	0	0	0	0.0	0.0
9	1603985	C	G	0	0	0	0	0	0	0	0	0	0	0	0.0	0.0
9	1604122	A	G	0	0	0	0	0	0	0	0	0	0	0	0.0	0.0
9	1604410	G	C	0	0	0	0	0	0	0	0	0	0	0	0.0	0.0
9	1604962	C	T	0	0	0	0	0	0	0	0	0	0	0	0.0	0.0
9	1605265	T	C	0	0	0	0	0	0	0	0	0	0	0	0.0	0.0
9	1605359	T	G	0	0	0	0	0	0	0	0	0	0	0	0.0	0.0
9	1605527	G	A	0	0	0	0	0	0	0	0	0	0	0	0.0	0.0
9	1605735	A	G	0	0	0	0	0	0	0	0	0	0	0	0.0	0.0
9	1605827	G	A	0	0	0	0	0	0	0	0	0	0	0	0.0	0.0
9	1606017	T	C	0	0	0	0	0	0	0	0	0	0	0	0.0	0.0
9	1606218	T	C	0	0	0	0	0	0	0	0	0	0	0	0.0	0.0
9	1606219	T	A	0	0	0	0	0	0	0	0	0	0	0	0.0	0.0
9	1606249	G	T	0	0	0	0	0	0	0	0	0	0	0	0.0	0.0
9	1606338	C	A	0	0	0	0	0	0	0	0	0	0	0	0.0	0.0
9	1606539	C	G	0	0	0	0	0	0	0	0	0	0	0	0.0	0.0
9	1607814	C	A	0	0	0	0	0	0	0	0	0	0	0	0.0	0.0
9	1607940	A	G	0	0	0	0	0	0	0	0	0	0	0	0.0	0.0
9	1609249	T	C	0	0	0	0	0	0	0	0	0	0	0	0.0	0.0
9	1610043	A	G	0	0	0	0	0	0	0	0	0	0	0	0.0	0.0
9	1610367	A	G	0	0	0	0	0	0	0	0	0	0	0	0.0	0.0
9	1610562	G	T	0	0	0	0	0	0	0	0	0	0	0	0.0	0.0
9	1610861	A	G	0	0	0	0	0	0	0	0	0	0	0	0.0	0.0
9	1611394	C	G	0	0	0	0	0	0	0	0	0	0	0	0.0	0.0
9	1611632	G	A	0	0	0	0	0	0	0	0	0	0	0	0.0	0.0
9	1611984	C	T	0	0	0	0	0	0	0	0	0	0	0	0.0	0.0
9	1613107	A	G	0	0	0	0	0	0	0	0	0	0	0	0.0	0.0
9	1613112	T	G	0	0	0	0	0	0	0	0	0	0	0	0.0	0.0
9	1613936	C	G	0	0	0	0	0	0	0	0	0	0	0	0.0	0.0
9	1613989	C	A	0	0	0	0	0	0	0	0	0	0	0	0.0	0.0
9	1614989	C	G	0	0	0	0	0	0	0	0	0	0	0	0.0	0.0
9	1615065	A	G	0	0	0	0	0	0	0	0	0	0	0	0.0	0.0
9	1615178	C	G	0	0	0	0	0	0	0	0	0	0	0	0.0	0.0
9	1616639	T	G	0	0	0	0	0	0	0	0	0	0	0	0.0	0.0
9	1616908	C	T	0	0	0	0	0	0	0	0	0	0	0	0.0	0.0
9	1617275	G	C	0	0	0	0	0	0	0	0	0	0	0	0.0	0.0
9	1617710	G	A	0	0	0	0	0	0	0	0	0	0	0	0.0	0.0
9	1618419	T	C	0	0	0	0	0	0	0	0	0	0	0	0.0	0.0
9	1618931	T	G	0	0	0	0	0	0	0	0	0	0	0	0.0	0.0
9	1619944	A	G	0	0	0	0	0	0	0	0	0	0	0	0.0	0.0
9	1620433	T	C	0	0	0	0	0	0	0	0	0	0	0	0.0	0.0
9	1622355	C	G	0	0	0	0	0	0	0	0	0	0	0	0.0	0.0
9	1624867	C	A	0	0	0	0	0	0	0	0	0	0	0	0.0	0.0
9	1624967	A	T	0	0	0	0	0	0	0	0	0	0	0	0.0	0.0
9	1625303	G	A	0	0	0	0	0	0	0	0	0	0	0	0.0	0.0
9	1625446	T	A	0	0	0	0	0	0	0	0	0	0	0	0.0	0.0
9	1625667	T	A	0	0	0	0	0	0	0	0	0	0	0	0.0	0.0
9	1625756	C	G	0	0	0	0	0	0	0	0	0	0	0	0.0	0.0
9	1646187	C	T	0	0	0	0	0	0	0	0	0	0	0	0.0	0.0
9	1655163	C	T	0	0	0	0	0	0	0	0	0	0	0	0.0	0.0
9	1658377	A	G	0	0	0	0	0	0	0	0	0	0	0	0.0	0.0
9	1662817	G	C	0	0	0	0	0	0	0	0	0	0	0	0.0	0.0
9	1664297	T	C	0	0	0	0	0	0	0	0	0	0	0	0.0	0.0
9	1664413	A	T	0	0	0	0	0	0	0	0	0	0	0	0.0	0.0
9	1667811	A	G	0	0	0	0	0	0	0	0	0	0	0	0.0	0.0
9	1667816	C	T	0	0	0	0	0	0	0	0	0	0	0	0.0	0.0
9	1712264	G	A	0	0	0	0	0	0	0	0	0	0	0	0.0	0.0
9	1712434	G	A	0	0	0	0	0	0	0	0	0	0	0	0.0	0.0
9	1712778	C	T	0	0	0	0	0	0	0	0	0	0	0	0.0	0.0
9	1713820	C	T	0	0	0	0	0	0	0	0	0	0	0	0.0	0.0
9	1714054	G	A	0	0	0	0	0	0	0	0	0	0	0	0.0	0.0
9	1714164	G	C	0	0	0	0	0	0	0	0	0	0	0	0.0	0.0
9	1714233	T	C	0	0	0	0	0	0	0	0	0	0	0	0.0	0.0
9	1714607	G	C	0	0	0	0	0	0	0	0	0	0	0	0.0	0.0
9	1714649	C	T	0	0	0	0	0	0	0	0	0	0	0	0.0	0.0
9	1714764	G	T	0	0	0	0	0	0	0	0	0	0	0	0.0	0.0
9	1716479	T	C	0	0	0	0	0	0	0	0	0	0	0	0.0	0.0
9	1716953	G	T	0	0	0	0	0	0	0	0	0	0	0	0.0	0.0
9	1716959	A	C	0	0	0	0	0	0	0	0	0	0	0	0.0	0.0
9	1717102	A	G	0	0	0	0	0	0	0	0	0	0	0	0.0	0.0
9	1717223	G	A	0	0	0	0	0	0	0	0	0	0	0	0.0	0.0
9	1717364	G	A	0	0	0	0	0	0	0	0	0	0	0	0.0	0.0
9	1717443	G	C	0	0	0	0	0	0	0	0	0	0	0	0.0	0.0
9	1717498	T	G	0	0	0	0	0	0	0	0	0	0	0	0.0	0.0
9	1717597	A	C	0	0	0	0	0	0	0	0	0	0	0	0.0	0.0
9	1717627	T	C	0	0	0	0	0	0	0	0	0	0	0	0.0	0.0
9	1717674	T	C	0	0	0	0	0	0	0	0	0	0	0	0.0	0.0
9	1717777	G	A	0	0	0	0	0	0	0	0	0	0	0	0.0	0.0
9	1717960	G	A	0	0	0	0	0	0	0	0	0	0	0	0.0	0.0
9	1718039	A	G	0	0	0	0	0	0	0	0	0	0	0	0.0	0.0
9	1718062	A	G	0	0	0	0	0	0	0	0	0	0	0	0.0	0.0
9	1718065	A	G	0	0	0	0	0	0	0	0	0	0	0	0.0	0.0
9	1718127	C	T	0	0	0	0	0	0	0	0	0	0	0	0.0	0.0
9	1718143	G	A	0	0	0	0	0	0	0	0	0	0	0	0.0	0.0
9	1718196	C	T	0	0	0	0	0	0	0	0	0	0	0	0.0	0.0
9	1718324	A	C	0	0	0	0	0	0	0	0	0	0	0	0.0	0.0
9	1718436	A	G	0	0	0	0	0	0	0	0	0	0	0	0.0	0.0
9	1718496	G	C	0	0	0	0	0	0	0	0	0	0	0	0.0	0.0
9	1718536	T	C	0	0	0	0	0	0	0	0	0	0	0	0.0	0.0
9	1718709	G	A	0	0	0	0	0	0	0	0	0	0	0	0.0	0.0
9	1718819	T	C	0	0	0	0	0	0	0	0	0	0	0	0.0	0.0
9	1718830	A	C	0	0	0	0	0	0	0	0	0	0	0	0.0	0.0
9	1718896	C	T	0	0	0	0	0	0	0	0	0	0	0	0.0	0.0
9	1718978	A	G	0	0	0	0	0	0	0	0	0	0	0	0.0	0.0
9	1719028	A	G	0	0	0	0	0	0	0	0	0	0	0	0.0	0.0
9	1719049	G	T	0	0	0	0	0	0	0	0	0	0	0	0.0	0.0
9	1719130	G	A	0	0	0	0	0	0	0	0	0	0	0	0.0	0.0
9	1719155	G	A	0	0	0	0	0	0	0	0	0	0	0	0.0	0.0
9	1719231	T	C	1	0	0	1	0	0	0	0	0	1	0	1.0	0.0
9	1719307	G	A	0	0	0	0	0	0	0	0	0	0	0	0.0	0.0
9	1719709	C	T	0	0	0	0	0	0	0	0	0	0	0	0.0	0.0
9	1719778	A	C	0	0	0	0	0	0	0	0	0	0	0	0.0	0.0
9	1719843	C	A	0	0	0	0	0	0	0	0	0	0	0	0.0	0.0
9	1719849	G	C	0	0	0	0	0	0	0	0	0	0	0	0.0	0.0
9	1719930	G	A	0	0	0	0	0	0	0	0	0	0	0	0.0	0.0
9	1720042	A	C	0	0	0	0	0	0	0	0	0	0	0	0.0	0.0
9	1720238	A	T	0	0	0	0	0	0	0	0	0	0	0	0.0	0.0
9	1720261	C	G	0	0	0	0	0	0	0	0	0	0	0	0.0	0.0
9	1720593	T	C	0	0	0	0	0	0	0	0	0	0	0	0.0	0.0
9	1720702	G	T	0	0	0	0	0	0	0	0	0	0	0	0.0	0.0
9	1720896	C	T	0	0	0	0	0	0	0	0	0	0	0	0.0	0.0
9	1721126	A	G	0	0	0	0	0	0	0	0	0	0	0	0.0	0.0
9	1721385	G	A	0	0	0	0	0	0	0	0	0	0	0	0.0	0.0
9	1721478	T	C	0	0	0	0	0	0	0	0	0	0	0	0.0	0.0
9	1721918	A	G	0	0	0	0	0	0	0	0	0	0	0	0.0	0.0
9	1722019	A	C	0	0	0	0	0	0	0	0	0	0	0	0.0	0.0
9	1722044	C	T	0	0	0	0	0	0	0	0	0	0	0	0.0	0.0
9	1722215	T	C	0	0	0	0	0	0	0	0	0	0	0	0.0	0.0
9	1726699	A	G	0	0	0	0	0	0	0	0	0	0	0	0.0	0.0
9	1729759	C	A	0	0	0	0	0	0	0	0	0	0	0	0.0	0.0
9	1754353	C	T	0	0	0	0	0	0	0	0	0	0	0	0.0	0.0
9	1767033	G	A	0	0	0	0	0	0	0	0	0	0	0	0.0	0.0
9	1776776	G	A	0	0	0	0	0	0	0	0	0	0	0	0.0	0.0
9	1777030	G	A	0	0	0	0	0	0	0	0	0	0	0	0.0	0.0
9	1777553	G	A	0	0	0	0	0	0	0	0	0	0	0	0.0	0.0
9	1777676	G	A	0	0	0	0	0	0	0	0	0	0	0	0.0	0.0
9	1777728	G	T	0	0	0	0	0	0	0	0	0	0	0	0.0	0.0
9	1777803	T	C	0	0	0	0	0	0	0	0	0	0	0	0.0	0.0
9	1778025	G	C	0	0	0	0	0	0	0	0	0	0	0	0.0	0.0
9	1779017	G	C	0	0	0	0	0	0	0	0	0	0	0	0.0	0.0
9	1779173	G	T	0	0	0	0	0	0	0	0	0	0	0	0.0	0.0
9	1779288	C	G	0	0	0	0	0	0	0	0	0	0	0	0.0	0.0
9	1779357	G	C	0	0	0	0	0	0	0	0	0	0	0	0.0	0.0
9	1779984	G	A	0	0	0	0	0	0	0	0	0	0	0	0.0	0.0
9	1780317	G	A	0	0	0	0	0	0	0	0	0	0	0	0.0	0.0
9	1780380	A	G	0	0	0	0	0	0	0	0	0	0	0	0.0	0.0
9	1780558	A	C	0	0	0	0	0	0	0	0	0	0	0	0.0	0.0
9	1781028	G	T	0	0	0	0	0	0	0	0	0	0	0	0.0	0.0
9	1781628	C	G	0	0	0	0	0	0	0	0	0	0	0	0.0	0.0
9	1781823	C	A	0	0	0	0	0	0	0	0	0	0	0	0.0	0.0
9	1782554	G	A	0	0	0	0	0	0	0	0	0	0	0	0.0	0.0
9	1782725	A	G	0	0	0	0	0	0	0	0	0	0	0	0.0	0.0
9	1783322	A	C	0	0	0	0	0	0	0	0	0	0	0	0.0	0.0
9	1784090	A	G	0	0	0	0	0	0	0	0	0	0	0	0.0	0.0
9	1785189	A	G	0	0	0	0	0	0	0	0	0	0	0	0.0	0.0
9	1785368	C	T	0	0	0	0	0	0	0	0	0	0	0	0.0	0.0
9	1785374	G	A	0	0	0	0	0	0	0	0	0	0	0	0.0	0.0
9	1785395	T	A	0	0	0	0	0	0	0	0	0	0	0	0.0	0.0
9	1785513	G	A	0	0	0	0	0	0	0	0	0	0	0	0.0	0.0
9	1785717	C	T	0	0	0	0	0	0	0	0	0	0	0	0.0	0.0
9	1785915	T	C	0	0	0	0	0	0	0	0	0	0	0	0.0	0.0
9	1786335	C	T	0	0	0	0	0	0	0	0	0	0	0	0.0	0.0
9	1786592	T	G	0	0	0	0	0	0	0	0	0	0	0	0.0	0.0
9	1786681	T	G	0	0	0	0	0	0	0	0	0	0	0	0.0	0.0
9	1787114	G	C	0	0	0	0	0	0	0	0	0	0	0	0.0	0.0
9	1787608	C	G	0	0	0	0	0	0	0	0	0	0	0	0.0	0.0
9	1787687	G	A	0	0	0	0	0	0	0	0	0	0	0	0.0	0.0
9	1790488	G	T	0	0	0	0	0	0	0	0	0	0	0	0.0	0.0
9	1790489	T	C	0	0	0	0	0	0	0	0	0	0	0	0.0	0.0
9	1790685	A	C	0	0	0	0	0	0	0	0	0	0	0	0.0	0.0
9	1791177	G	T	0	0	0	0	0	0	0	0	0	0	0	0.0	0.0
9	1791962	A	G	0	0	0	0	0	0	0	0	0	0	0	0.0	0.0
9	1792277	C	G	0	0	0	0	0	0	0	0	0	0	0	0.0	0.0
9	1793095	G	A	0	0	0	0	0	0	0	0	0	0	0	0.0	0.0
9	1793152	G	A	0	0	0	0	0	0	0	0	0	0	0	0.0	0.0
9	1793162	T	C	0	0	0	0	0	0	0	0	0	0	0	0.0	0.0
9	1793334	G	A	0	0	0	0	0	0	0	0	0	0	0	0.0	0.0
9	1793408	G	A	0	0	0	0	0	0	0	0	0	0	0	0.0	0.0
9	1793472	T	C	0	0	0	0	0	0	0	0	0	0	0	0.0	0.0
9	1793515	G	C	0	0	0	0	0	0	0	0	0	0	0	0.0	0.0
9	1794330	A	C	0	0	0	0	0	0	0	0	0	0	0	0.0	0.0
9	1794547	G	A	0	0	0	0	0	0	0	0	0	0	0	0.0	0.0
9	1796116	G	A	0	0	0	0	0	0	0	0	0	0	0	0.0	0.0
9	1797071	A	G	0	0	0	0	0	0	0	0	0	0	0	0.0	0.0
9	1797184	C	G	0	0	0	0	0	0	0	0	0	0	0	0.0	0.0
9	1798153	C	T	0	0	0	0	0	0	0	0	0	0	0	0.0	0.0
9	1798324	G	A	0	0	0	0	0	0	0	0	0	0	0	0.0	0.0
9	1799226	G	T	0	0	0	0	0	0	0	0	0	0	0	0.0	0.0
9	1799943	T	C	0	0	0	0	0	0	0	0	0	0	0	0.0	0.0
9	1800028	G	A	0	0	0	0	0	0	0	0	0	0	0	0.0	0.0
9	1800801	C	T	0	0	0	0	0	0	0	0	0	0	0	0.0	0.0
9	1800874	C	G	0	0	0	0	0	0	0	0	0	0	0	0.0	0.0
9	1800986	A	T	0	0	0	0	0	0	0	0	0	0	0	0.0	0.0
9	1801128	G	A	0	0	0	0	0	0	0	0	0	0	0	0.0	0.0
9	1801157	G	T	0	0	0	0	0	0	0	0	0	0	0	0.0	0.0
9	1801446	C	A	0	0	0	0	0	0	0	0	0	0	0	0.0	0.0
9	1801556	C	G	0	0	0	0	0	0	0	0	0	0	0	0.0	0.0
9	1803024	G	C	0	0	0	0	0	0	0	0	0	0	0	0.0	0.0
9	1803966	C	G	0	0	0	0	0	0	0	0	0	0	0	0.0	0.0
9	1804075	A	C	0	0	0	0	0	0	0	0	0	0	0	0.0	0.0
9	1804418	T	C	0	0	0	0	0	0	0	0	0	0	0	0.0	0.0
9	1804420	G	T	0	0	0	0	0	0	0	0	0	0	0	0.0	0.0
9	1804567	A	G	0	0	0	0	0	0	0	0	0	0	0	0.0	0.0
9	1805581	G	C	0	0	0	0	0	0	0	0	0	0	0	0.0	0.0
9	1805833	G	C	0	0	0	0	0	0	0	0	0	0	0	0.0	0.0
9	1805867	G	A	0	0	0	0	0	0	0	0	0	0	0	0.0	0.0
9	1806011	C	G	0	0	0	0	0	0	0	0	0	0	0	0.0	0.0
9	1806328	C	T	0	0	0	0	0	0	0	0	0	0	0	0.0	0.0
9	1806329	T	C	0	0	0	0	0	0	0	0	0	0	0	0.0	0.0
9	1806366	C	T	0	0	0	0	0	0	0	0	0	0	0	0.0	0.0
9	1806509	A	G	0	0	0	0	0	0	0	0	0	0	0	0.0	0.0
9	1808005	C	T	0	0	0	0	0	0	0	0	0	0	0	0.0	0.0
9	1808758	A	T	0	0	0	0	0	0	0	0	0	0	0	0.0	0.0
9	1808970	G	C	0	0	0	0	0	0	0	0	0	0	0	0.0	0.0
9	1809125	T	C	0	0	0	0	0	0	0	0	0	0	0	0.0	0.0
9	1809229	C	T	0	0	0	0	0	0	0	0	0	0	0	0.0	0.0
9	1809417	A	G	0	0	0	0	0	0	0	0	0	0	0	0.0	0.0
9	1809422	C	A	0	0	0	0	0	0	0	0	0	0	0	0.0	0.0
9	1809976	T	C	0	0	0	0	0	0	0	0	0	0	0	0.0	0.0
9	1810218	G	T	0	0	0	0	0	0	0	0	0	0	0	0.0	0.0
9	1811140	C	G	0	0	0	0	0	0	0	0	0	0	0	0.0	0.0
9	1811361	T	G	0	0	0	0	0	0	0	0	0	0	0	0.0	0.0
9	1811901	T	C	0	0	0	0	0	0	0	0	0	0	0	0.0	0.0
9	1812296	C	G	0	0	0	0	0	0	0	0	0	0	0	0.0	0.0
9	1812793	G	A	0	0	0	0	0	0	0	0	0	0	0	0.0	0.0
9	1812829	G	A	0	0	0	0	0	0	0	0	0	0	0	0.0	0.0
9	1813062	T	G	0	0	0	0	0	0	0	0	0	0	0	0.0	0.0
9	1813250	C	G	0	0	0	0	0	0	0	0	0	0	0	0.0	0.0
9	1813348	C	G	0	0	0	0	0	0	0	0	0	0	0	0.0	0.0
9	1813871	A	G	0	0	0	0	0	0	0	0	0	0	0	0.0	0.0
9	1814435	A	G	0	0	0	0	0	0	0	0	0	0	0	0.0	0.0
9	1814565	C	T	0	0	0	0	0	0	0	0	0	0	0	0.0	0.0
9	1814729	C	T	0	0	0	0	0	0	0	0	0	0	0	0.0	0.0
9	1815476	A	G	0	0	0	0	0	0	0	0	0	0	0	0.0	0.0
9	1815601	A	T	0	0	0	0	0	0	0	0	0	0	0	0.0	0.0
9	1815709	T	C	0	0	0	0	0	0	0	0	0	0	0	0.0	0.0
9	1815727	T	C	0	0	0	0	0	0	0	0	0	0	0	0.0	0.0
9	1815792	G	C	0	0	0	0	0	0	0	0	0	0	0	0.0	0.0
9	1816389	T	C	0	0	0	0	0	0	0	0	0	0	0	0.0	0.0
9	1817847	G	A	0	0	0	0	0	0	0	0	0	0	0	0.0	0.0
9	1818825	T	G	0	0	0	0	0	0	0	0	0	0	0	0.0	0.0
9	1819445	G	A	0	0	0	0	0	0	0	0	0	0	0	0.0	0.0
9	1819494	A	G	0	0	0	0	0	0	0	0	0	0	0	0.0	0.0
9	1820030	C	T	0	0	0	0	0	0	0	0	0	0	0	0.0	0.0
9	1820685	C	T	0	0	0	0	0	0	0	0	0	0	0	0.0	0.0
9	1820845	T	G	0	0	0	0	0	0	0	0	0	0	0	0.0	0.0
9	1820961	C	G	0	0	0	0	0	0	0	0	0	0	0	0.0	0.0
9	1821002	T	C	0	0	0	0	0	0	0	0	0	0	0	0.0	0.0
9	1821030	G	A	0	0	0	0	0	0	0	0	0	0	0	0.0	0.0
9	1821269	C	T	0	0	0	0	0	0	0	0	0	0	0	0.0	0.0
9	1821338	G	C	0	0	0	0	0	0	0	0	0	0	0	0.0	0.0
9	1821490	A	C	0	0	0	0	0	0	0	0	0	0	0	0.0	0.0
9	1822091	G	A	0	0	0	0	0	0	0	0	0	0	0	0.0	0.0
9	1822378	C	G	0	0	0	0	0	0	0	0	0	0	0	0.0	0.0
9	1822661	C	T	0	0	0	0	0	0	0	0	0	0	0	0.0	0.0
9	1822927	A	T	0	0	0	0	0	0	0	0	0	0	0	0.0	0.0
9	1823009	G	A	0	0	0	0	0	0	0	0	0	0	0	0.0	0.0
9	1823394	T	G	0	0	0	0	0	0	0	0	0	0	0	0.0	0.0
9	1823605	C	T	0	0	0	0	0	0	0	0	0	0	0	0.0	0.0
9	1823694	T	C	0	0	0	0	0	0	0	0	0	0	0	0.0	0.0
9	1823749	A	G	0	0	0	0	0	0	0	0	0	0	0	0.0	0.0
9	1824349	C	G	0	0	0	0	0	0	0	0	0	0	0	0.0	0.0
9	1825019	G	C	0	0	0	0	0	0	0	0	0	0	0	0.0	0.0
9	1825537	T	C	0	0	0	0	0	0	0	0	0	0	0	0.0	0.0
9	1825652	G	C	0	0	0	0	0	0	0	0	0	0	0	0.0	0.0
9	1826357	G	A	0	0	0	0	0	0	0	0	0	0	0	0.0	0.0
9	1826401	C	T	0	0	0	0	0	0	0	0	0	0	0	0.0	0.0
9	1826878	C	T	0	0	0	0	0	0	0	0	0	0	0	0.0	0.0
9	1826965	T	C	0	0	0	0	0	0	0	0	0	0	0	0.0	0.0
9	1827177	G	A	0	0	0	0	0	0	0	0	0	0	0	0.0	0.0
9	1828583	A	C	0	0	0	0	0	0	0	0	0	0	0	0.0	0.0
9	1828604	G	T	0	0	0	0	0	0	0	0	0	0	0	0.0	0.0
9	1828847	T	C	0	0	0	0	0	0	0	0	0	0	0	0.0	0.0
9	1829263	C	G	0	0	0	0	0	0	0	0	0	0	0	0.0	0.0
9	1829958	G	A	0	0	0	0	0	0	0	0	0	0	0	0.0	0.0
9	1830259	G	T	0	0	0	0	0	0	0	0	0	0	0	0.0	0.0
9	1830286	C	A	0	0	0	0	0	0	0	0	0	0	0	0.0	0.0
9	1830369	C	G	0	0	0	0	0	0	0	0	0	0	0	0.0	0.0
9	1832225	T	C	0	0	0	0	0	0	0	0	0	0	0	0.0	0.0
9	1832590	T	C	0	0	0	0	0	0	0	0	0	0	0	0.0	0.0
9	1833756	C	T	0	0	0	0	0	0	0	0	0	0	0	0.0	0.0
9	1834640	G	A	0	0	0	0	0	0	0	0	0	0	0	0.0	0.0
9	1835254	G	A	0	0	0	0	0	0	0	0	0	0	0	0.0	0.0
9	1835277	C	G	0	0	0	0	0	0	0	0	0	0	0	0.0	0.0
9	1835323	A	T	0	0	0	0	0	0	0	0	0	0	0	0.0	0.0
9	1835334	A	G	0	0	0	0	0	0	0	0	0	0	0	0.0	0.0
9	1835715	A	G	1	1	0	0	0	0	0	0	0	1	0	1.0	0.0
9	1837057	T	C	0	0	0	0	0	0	0	0	0	0	0	0.0	0.0
9	1837075	A	G	0	0	0	0	0	0	0	0	0	0	0	0.0	0.0
9	1838775	A	C	0	0	0	0	0	0	0	0	0	0	0	0.0	0.0
9	1838891	A	C	0	0	0	0	0	0	0	0	0	0	0	0.0	0.0
9	1838906	A	G	0	0	0	0	0	0	0	0	0	0	0	0.0	0.0
9	1839259	T	C	0	0	0	0	0	0	0	0	0	0	0	0.0	0.0
9	1839303	C	T	0	0	0	0	0	0	0	0	0	0	0	0.0	0.0
9	1839693	A	G	0	0	0	0	0	0	0	0	0	0	0	0.0	0.0
9	1839882	C	T	0	0	0	0	0	0	0	0	0	0	0	0.0	0.0
9	1839982	C	G	0	0	0	0	0	0	0	0	0	0	0	0.0	0.0
9	1840337	A	C	0	0	0	0	0	0	0	0	0	0	0	0.0	0.0
9	1840635	C	A	0	0	0	0	0	0	0	0	0	0	0	0.0	0.0
9	1840933	A	G	0	0	0	0	0	0	0	0	0	0	0	0.0	0.0
9	1841036	C	G	0	0	0	0	0	0	0	0	0	0	0	0.0	0.0
9	1841394	T	A	0	0	0	0	0	0	0	0	0	0	0	0.0	0.0
9	1841421	G	C	0	0	0	0	0	0	0	0	0	0	0	0.0	0.0
9	1841903	G	C	0	0	0	0	0	0	0	0	0	0	0	0.0	0.0
9	1842469	C	T	0	0	0	0	0	0	0	0	0	0	0	0.0	0.0
9	1843898	G	A	0	0	0	0	0	0	0	0	0	0	0	0.0	0.0
9	1844351	T	G	0	0	0	0	0	0	0	0	0	0	0	0.0	0.0
9	1844577	A	G	0	0	0	0	0	0	0	0	0	0	0	0.0	0.0
9	1844631	C	T	0	0	0	0	0	0	0	0	0	0	0	0.0	0.0
9	1845038	T	C	0	0	0	0	0	0	0	0	0	0	0	0.0	0.0
9	1845111	T	C	0	0	0	0	0	0	0	0	0	0	0	0.0	0.0
9	1845946	A	G	0	0	0	0	0	0	0	0	0	0	0	0.0	0.0
9	1847678	A	G	0	0	0	0	0	0	0	0	0	0	0	0.0	0.0
9	1848786	A	G	1	0	0	0	0	1	0	0	0	0	1	0.0	1.0
9	1849530	C	T	0	0	0	0	0	0	0	0	0	0	0	0.0	0.0
9	1849664	G	A	0	0	0	0	0	0	0	0	0	0	0	0.0	0.0
9	1850244	G	A	0	0	0	0	0	0	0	0	0	0	0	0.0	0.0
9	1850836	C	G	1	0	0	0	0	1	0	0	0	0	1	0.0	1.0
9	1851231	C	T	0	0	0	0	0	0	0	0	0	0	0	0.0	0.0
9	1852121	A	T	0	0	0	0	0	0	0	0	0	0	0	0.0	0.0
9	1852175	T	C	0	0	0	0	0	0	0	0	0	0	0	0.0	0.0
9	1852281	C	A	0	0	0	0	0	0	0	0	0	0	0	0.0	0.0
9	1853047	C	G	1	0	0	0	0	1	0	0	0	0	1	0.0	1.0
9	1853645	G	A	0	0	0	0	0	0	0	0	0	0	0	0.0	0.0
9	1854185	G	A	0	0	0	0	0	0	0	0	0	0	0	0.0	0.0
9	1854824	T	G	0	0	0	0	0	0	0	0	0	0	0	0.0	0.0
9	1856656	C	G	0	0	0	0	0	0	0	0	0	0	0	0.0	0.0
9	1857591	A	G	0	0	0	0	0	0	0	0	0	0	0	0.0	0.0
9	1858042	T	C	1	0	0	0	0	0	0	1	0	0	1	0.0	1.0
9	1858150	G	A	0	0	0	0	0	0	0	0	0	0	0	0.0	0.0
9	1858677	G	T	0	0	0	0	0	0	0	0	0	0	0	0.0	0.0
9	1858715	C	T	0	0	0	0	0	0	0	0	0	0	0	0.0	0.0
9	1858774	T	C	0	0	0	0	0	0	0	0	0	0	0	0.0	0.0
9	1858823	A	C	0	0	0	0	0	0	0	0	0	0	0	0.0	0.0
9	1858995	A	G	0	0	0	0	0	0	0	0	0	0	0	0.0	0.0
9	1859311	G	A	0	0	0	0	0	0	0	0	0	0	0	0.0	0.0
9	1859462	T	G	0	0	0	0	0	0	0	0	0	0	0	0.0	0.0
9	1860624	C	T	0	0	0	0	0	0	0	0	0	0	0	0.0	0.0
9	1860738	C	A	0	0	0	0	0	0	0	0	0	0	0	0.0	0.0
9	1861156	G	C	0	0	0	0	0	0	0	0	0	0	0	0.0	0.0
9	1863607	A	G	0	0	0	0	0	0	0	0	0	0	0	0.0	0.0
9	1863611	G	T	0	0	0	0	0	0	0	0	0	0	0	0.0	0.0
9	1863650	A	G	0	0	0	0	0	0	0	0	0	0	0	0.0	0.0
9	1863656	C	T	0	0	0	0	0	0	0	0	0	0	0	0.0	0.0
9	1863661	C	A	0	0	0	0	0	0	0	0	0	0	0	0.0	0.0
9	1863663	C	T	0	0	0	0	0	0	0	0	0	0	0	0.0	0.0
9	1863668	T	A	0	0	0	0	0	0	0	0	0	0	0	0.0	0.0
9	1864095	T	C	0	0	0	0	0	0	0	0	0	0	0	0.0	0.0
9	1864524	A	C	0	0	0	0	0	0	0	0	0	0	0	0.0	0.0
9	1865085	T	C	0	0	0	0	0	0	0	0	0	0	0	0.0	0.0
9	1865088	G	A	0	0	0	0	0	0	0	0	0	0	0	0.0	0.0
9	1866258	T	A	0	0	0	0	0	0	0	0	0	0	0	0.0	0.0
9	1866670	A	C	0	0	0	0	0	0	0	0	0	0	0	0.0	0.0
9	1867013	T	C	0	0	0	0	0	0	0	0	0	0	0	0.0	0.0
9	1867296	T	C	0	0	0	0	0	0	0	0	0	0	0	0.0	0.0
9	1867608	A	G	0	0	0	0	0	0	0	0	0	0	0	0.0	0.0
9	1868098	C	G	0	0	0	0	0	0	0	0	0	0	0	0.0	0.0
9	1868109	A	G	0	0	0	0	0	0	0	0	0	0	0	0.0	0.0
9	1868131	C	T	0	0	0	0	0	0	0	0	0	0	0	0.0	0.0
9	1868278	G	A	0	0	0	0	0	0	0	0	0	0	0	0.0	0.0
9	1868355	C	G	0	0	0	0	0	0	0	0	0	0	0	0.0	0.0
9	1868474	A	G	0	0	0	0	0	0	0	0	0	0	0	0.0	0.0
9	1868585	A	G	0	0	0	0	0	0	0	0	0	0	0	0.0	0.0
9	1868860	T	G	0	0	0	0	0	0	0	0	0	0	0	0.0	0.0
9	1869378	T	A	0	0	0	0	0	0	0	0	0	0	0	0.0	0.0
9	1869386	A	G	0	0	0	0	0	0	0	0	0	0	0	0.0	0.0
9	1870182	A	C	0	0	0	0	0	0	0	0	0	0	0	0.0	0.0
9	1870197	A	G	0	0	0	0	0	0	0	0	0	0	0	0.0	0.0
9	1873009	G	C	0	0	0	0	0	0	0	0	0	0	0	0.0	0.0
9	1874929	G	A	0	0	0	0	0	0	0	0	0	0	0	0.0	0.0
9	1877907	A	G	0	0	0	0	0	0	0	0	0	0	0	0.0	0.0
9	1878240	A	C	0	0	0	0	0	0	0	0	0	0	0	0.0	0.0
9	1878831	A	G	0	0	0	0	0	0	0	0	0	0	0	0.0	0.0
9	1882214	T	C	0	0	0	0	0	0	0	0	0	0	0	0.0	0.0
9	1883627	T	C	0	0	0	0	0	0	0	0	0	0	0	0.0	0.0
9	1884135	G	C	0	0	0	0	0	0	0	0	0	0	0	0.0	0.0
9	1893838	G	C	0	0	0	0	0	0	0	0	0	0	0	0.0	0.0
9	1901182	T	C	0	0	0	0	0	0	0	0	0	0	0	0.0	0.0
9	1904615	G	C	0	0	0	0	0	0	0	0	0	0	0	0.0	0.0
9	1906281	A	T	0	0	0	0	0	0	0	0	0	0	0	0.0	0.0
9	1909586	G	A	0	0	0	0	0	0	0	0	0	0	0	0.0	0.0
9	1909883	G	T	0	0	0	0	0	0	0	0	0	0	0	0.0	0.0
9	1914746	C	T	0	0	0	0	0	0	0	0	0	0	0	0.0	0.0
9	1915552	C	G	0	0	0	0	0	0	0	0	0	0	0	0.0	0.0
9	1916209	A	G	0	0	0	0	0	0	0	0	0	0	0	0.0	0.0
9	1917513	T	A	0	0	0	0	0	0	0	0	0	0	0	0.0	0.0
9	1917561	C	A	0	0	0	0	0	0	0	0	0	0	0	0.0	0.0
9	1919539	T	G	0	0	0	0	0	0	0	0	0	0	0	0.0	0.0
9	1919590	A	C	0	0	0	0	0	0	0	0	0	0	0	0.0	0.0
9	1919833	G	A	0	0	0	0	0	0	0	0	0	0	0	0.0	0.0
9	1920573	G	C	0	0	0	0	0	0	0	0	0	0	0	0.0	0.0
9	1923359	C	A	0	0	0	0	0	0	0	0	0	0	0	0.0	0.0
9	1923958	G	A	0	0	0	0	0	0	0	0	0	0	0	0.0	0.0
9	1925055	C	T	0	0	0	0	0	0	0	0	0	0	0	0.0	0.0
9	1925179	C	G	0	0	0	0	0	0	0	0	0	0	0	0.0	0.0
9	1926444	T	C	0	0	0	0	0	0	0	0	0	0	0	0.0	0.0
9	1926729	T	C	0	0	0	0	0	0	0	0	0	0	0	0.0	0.0
9	1935420	C	T	0	0	0	0	0	0	0	0	0	0	0	0.0	0.0
9	1938162	A	T	0	0	0	0	0	0	0	0	0	0	0	0.0	0.0
9	1939204	G	T	0	0	0	0	0	0	0	0	0	0	0	0.0	0.0
9	1939556	C	A	0	0	0	0	0	0	0	0	0	0	0	0.0	0.0
9	1974881	G	T	0	0	0	0	0	0	0	0	0	0	0	0.0	0.0
9	1975878	C	T	0	0	0	0	0	0	0	0	0	0	0	0.0	0.0
9	1977924	C	T	0	0	0	0	0	0	0	0	0	0	0	0.0	0.0
9	1978127	G	C	0	0	0	0	0	0	0	0	0	0	0	0.0	0.0
9	1978362	A	C	0	0	0	0	0	0	0	0	0	0	0	0.0	0.0
9	1978733	A	G	0	0	0	0	0	0	0	0	0	0	0	0.0	0.0
9	1978865	T	C	0	0	0	0	0	0	0	0	0	0	0	0.0	0.0
9	1979674	T	G	0	0	0	0	0	0	0	0	0	0	0	0.0	0.0
9	1980243	C	T	0	0	0	0	0	0	0	0	0	0	0	0.0	0.0
9	1980819	C	A	0	0	0	0	0	0	0	0	0	0	0	0.0	0.0
9	1980918	T	G	0	0	0	0	0	0	0	0	0	0	0	0.0	0.0
9	1980947	T	C	0	0	0	0	0	0	0	0	0	0	0	0.0	0.0
9	1980949	C	T	0	0	0	0	0	0	0	0	0	0	0	0.0	0.0
9	1980996	G	T	0	0	0	0	0	0	0	0	0	0	0	0.0	0.0
9	1985693	C	T	0	0	0	0	0	0	0	0	0	0	0	0.0	0.0
9	1986520	A	T	0	0	0	0	0	0	0	0	0	0	0	0.0	0.0
9	1987189	A	T	0	0	0	0	0	0	0	0	0	0	0	0.0	0.0
9	1987918	T	C	0	0	0	0	0	0	0	0	0	0	0	0.0	0.0
9	1989033	G	A	0	0	0	0	0	0	0	0	0	0	0	0.0	0.0
9	1991683	A	G	0	0	0	0	0	0	0	0	0	0	0	0.0	0.0
9	1991975	A	G	0	0	0	0	0	0	0	0	0	0	0	0.0	0.0
9	1992516	A	G	0	0	0	0	0	0	0	0	0	0	0	0.0	0.0
9	1992648	T	G	0	0	0	0	0	0	0	0	0	0	0	0.0	0.0
9	1993001	T	C	0	0	0	0	0	0	0	0	0	0	0	0.0	0.0
9	1993927	G	A	0	0	0	0	0	0	0	0	0	0	0	0.0	0.0
9	1994397	C	G	0	0	0	0	0	0	0	0	0	0	0	0.0	0.0
9	1994443	T	G	0	0	0	0	0	0	0	0	0	0	0	0.0	0.0
9	1994501	G	A	0	0	0	0	0	0	0	0	0	0	0	0.0	0.0
9	1994689	C	G	0	0	0	0	0	0	0	0	0	0	0	0.0	0.0
9	1994955	C	G	0	0	0	0	0	0	0	0	0	0	0	0.0	0.0
9	1995129	T	A	0	0	0	0	0	0	0	0	0	0	0	0.0	0.0
9	1995772	G	A	0	0	0	0	0	0	0	0	0	0	0	0.0	0.0
9	1995846	C	T	0	0	0	0	0	0	0	0	0	0	0	0.0	0.0
9	1996416	A	G	0	0	0	0	0	0	0	0	0	0	0	0.0	0.0
9	1996560	G	C	0	0	0	0	0	0	0	0	0	0	0	0.0	0.0
9	1996894	G	A	0	0	0	0	0	0	0	0	0	0	0	0.0	0.0
9	1997496	A	T	0	0	0	0	0	0	0	0	0	0	0	0.0	0.0
9	1997552	A	G	0	0	0	0	0	0	0	0	0	0	0	0.0	0.0
9	1997594	T	G	0	0	0	0	0	0	0	0	0	0	0	0.0	0.0
9	1998493	C	T	0	0	0	0	0	0	0	0	0	0	0	0.0	0.0
9	1998651	G	A	0	0	0	0	0	0	0	0	0	0	0	0.0	0.0
9	1998979	G	A	0	0	0	0	0	0	0	0	0	0	0	0.0	0.0
9	1999277	G	A	0	0	0	0	0	0	0	0	0	0	0	0.0	0.0
9	2000062	A	G	0	0	0	0	0	0	0	0	0	0	0	0.0	0.0
9	2000112	A	C	0	0	0	0	0	0	0	0	0	0	0	0.0	0.0
9	2000450	C	A	0	0	0	0	0	0	0	0	0	0	0	0.0	0.0
9	2000606	A	C	0	0	0	0	0	0	0	0	0	0	0	0.0	0.0
9	2001503	C	T	0	0	0	0	0	0	0	0	0	0	0	0.0	0.0
9	2001584	A	G	0	0	0	0	0	0	0	0	0	0	0	0.0	0.0
9	2002245	G	T	0	0	0	0	0	0	0	0	0	0	0	0.0	0.0
9	2003358	A	G	0	0	0	0	0	0	0	0	0	0	0	0.0	0.0
9	2004063	A	G	0	0	0	0	0	0	0	0	0	0	0	0.0	0.0
9	2006806	T	A	0	0	0	0	0	0	0	0	0	0	0	0.0	0.0
9	2007485	A	C	0	0	0	0	0	0	0	0	0	0	0	0.0	0.0
9	2007534	C	A	0	0	0	0	0	0	0	0	0	0	0	0.0	0.0
9	2007952	G	A	0	0	0	0	0	0	0	0	0	0	0	0.0	0.0
9	2008021	A	G	0	0	0	0	0	0	0	0	0	0	0	0.0	0.0
9	2009514	G	T	0	0	0	0	0	0	0	0	0	0	0	0.0	0.0
9	2010267	A	G	0	0	0	0	0	0	0	0	0	0	0	0.0	0.0
9	2011588	A	G	0	0	0	0	0	0	0	0	0	0	0	0.0	0.0
9	2011985	T	C	0	0	0	0	0	0	0	0	0	0	0	0.0	0.0
9	2012403	C	T	0	0	0	0	0	0	0	0	0	0	0	0.0	0.0
9	2013580	T	C	0	0	0	0	0	0	0	0	0	0	0	0.0	0.0
9	2013962	T	G	0	0	0	0	0	0	0	0	0	0	0	0.0	0.0
9	2017476	C	G	0	0	0	0	0	0	0	0	0	0	0	0.0	0.0
9	2028237	G	A	0	0	0	0	0	0	0	0	0	0	0	0.0	0.0
9	2029018	G	A	0	0	0	0	0	0	0	0	0	0	0	0.0	0.0
9	2029454	C	A	0	0	0	0	0	0	0	0	0	0	0	0.0	0.0
9	2030300	T	C	0	0	0	0	0	0	0	0	0	0	0	0.0	0.0
9	2030570	G	C	0	0	0	0	0	0	0	0	0	0	0	0.0	0.0
9	2031054	A	C	0	0	0	0	0	0	0	0	0	0	0	0.0	0.0
9	2031122	G	A	0	0	0	0	0	0	0	0	0	0	0	0.0	0.0
9	2032845	G	A	0	0	0	0	0	0	0	0	0	0	0	0.0	0.0
9	2033182	A	C	0	0	0	0	0	0	0	0	0	0	0	0.0	0.0
9	2033745	G	T	0	0	0	0	0	0	0	0	0	0	0	0.0	0.0
9	2033895	G	A	0	0	0	0	0	0	0	0	0	0	0	0.0	0.0
9	2033929	T	C	0	0	0	0	0	0	0	0	0	0	0	0.0	0.0
9	2034348	C	G	0	0	0	0	0	0	0	0	0	0	0	0.0	0.0
9	2034440	A	C	0	0	0	0	0	0	0	0	0	0	0	0.0	0.0
9	2034553	T	A	0	0	0	0	0	0	0	0	0	0	0	0.0	0.0
9	2034627	A	C	0	0	0	0	0	0	0	0	0	0	0	0.0	0.0
9	2034908	G	A	0	0	0	0	0	0	0	0	0	0	0	0.0	0.0
9	2035128	A	G	0	0	0	0	0	0	0	0	0	0	0	0.0	0.0
9	2036062	G	C	0	0	0	0	0	0	0	0	0	0	0	0.0	0.0
9	2036158	A	G	0	0	0	0	0	0	0	0	0	0	0	0.0	0.0
9	2036252	G	A	0	0	0	0	0	0	0	0	0	0	0	0.0	0.0
9	2037139	G	A	0	0	0	0	0	0	0	0	0	0	0	0.0	0.0
9	2037264	A	G	0	0	0	0	0	0	0	0	0	0	0	0.0	0.0
9	2037786	T	C	0	0	0	0	0	0	0	0	0	0	0	0.0	0.0
9	2048361	C	T	0	0	0	0	0	0	0	0	0	0	0	0.0	0.0
9	2048536	T	C	0	0	0	0	0	0	0	0	0	0	0	0.0	0.0
9	2048548	G	A	0	0	0	0	0	0	0	0	0	0	0	0.0	0.0
9	2048549	T	C	0	0	0	0	0	0	0	0	0	0	0	0.0	0.0
9	2048876	A	G	0	0	0	0	0	0	0	0	0	0	0	0.0	0.0
9	2049336	T	C	1	0	0	1	0	0	0	0	0	1	0	1.0	0.0
9	2050477	G	T	0	0	0	0	0	0	0	0	0	0	0	0.0	0.0
9	2050521	G	C	0	0	0	0	0	0	0	0	0	0	0	0.0	0.0
9	2050567	T	A	0	0	0	0	0	0	0	0	0	0	0	0.0	0.0
9	2050732	C	G	0	0	0	0	0	0	0	0	0	0	0	0.0	0.0
9	2050844	A	T	0	0	0	0	0	0	0	0	0	0	0	0.0	0.0
9	2051171	A	C	0	0	0	0	0	0	0	0	0	0	0	0.0	0.0
9	2052014	C	T	0	0	0	0	0	0	0	0	0	0	0	0.0	0.0
9	2052638	G	A	0	0	0	0	0	0	0	0	0	0	0	0.0	0.0
9	2054409	C	T	0	0	0	0	0	0	0	0	0	0	0	0.0	0.0
9	2055892	A	C	0	0	0	0	0	0	0	0	0	0	0	0.0	0.0
9	2056563	G	A	0	0	0	0	0	0	0	0	0	0	0	0.0	0.0
9	2058133	T	C	0	0	0	0	0	0	0	0	0	0	0	0.0	0.0
9	2058881	G	C	0	0	0	0	0	0	0	0	0	0	0	0.0	0.0
9	2059341	T	C	0	0	0	0	0	0	0	0	0	0	0	0.0	0.0
9	2060585	G	A	0	0	0	0	0	0	0	0	0	0	0	0.0	0.0
9	2060768	T	C	0	0	0	0	0	0	0	0	0	0	0	0.0	0.0
9	2062429	T	A	0	0	0	0	0	0	0	0	0	0	0	0.0	0.0
9	2062516	G	T	0	0	0	0	0	0	0	0	0	0	0	0.0	0.0
9	2063356	C	G	0	0	0	0	0	0	0	0	0	0	0	0.0	0.0
9	2063530	A	G	0	0	0	0	0	0	0	0	0	0	0	0.0	0.0
9	2064395	G	A	0	0	0	0	0	0	0	0	0	0	0	0.0	0.0
9	2064795	C	T	0	0	0	0	0	0	0	0	0	0	0	0.0	0.0
9	2066493	T	G	0	0	0	0	0	0	0	0	0	0	0	0.0	0.0
9	2066837	T	A	0	0	0	0	0	0	0	0	0	0	0	0.0	0.0
9	2066854	T	C	0	0	0	0	0	0	0	0	0	0	0	0.0	0.0
9	2066976	A	G	0	0	0	0	0	0	0	0	0	0	0	0.0	0.0
9	2067243	T	A	0	0	0	0	0	0	0	0	0	0	0	0.0	0.0
9	2067703	A	G	0	0	0	0	0	0	0	0	0	0	0	0.0	0.0
9	2069307	G	C	0	0	0	0	0	0	0	0	0	0	0	0.0	0.0
9	2069765	G	A	0	0	0	0	0	0	0	0	0	0	0	0.0	0.0
9	2069812	A	T	0	0	0	0	0	0	0	0	0	0	0	0.0	0.0
9	2069947	C	G	0	0	0	0	0	0	0	0	0	0	0	0.0	0.0
9	2069958	C	G	0	0	0	0	0	0	0	0	0	0	0	0.0	0.0
9	2071033	T	C	0	0	0	0	0	0	0	0	0	0	0	0.0	0.0
9	2071389	T	A	0	0	0	0	0	0	0	0	0	0	0	0.0	0.0
9	2072356	T	G	0	0	0	0	0	0	0	0	0	0	0	0.0	0.0
9	2072735	A	G	0	0	0	0	0	0	0	0	0	0	0	0.0	0.0
9	2073708	G	T	0	0	0	0	0	0	0	0	0	0	0	0.0	0.0
9	2073839	C	T	0	0	0	0	0	0	0	0	0	0	0	0.0	0.0
9	2074070	G	A	0	0	0	0	0	0	0	0	0	0	0	0.0	0.0
9	2074273	C	T	0	0	0	0	0	0	0	0	0	0	0	0.0	0.0
9	2074355	T	A	0	0	0	0	0	0	0	0	0	0	0	0.0	0.0
9	2074536	A	G	0	0	0	0	0	0	0	0	0	0	0	0.0	0.0
9	2074545	G	A	0	0	0	0	0	0	0	0	0	0	0	0.0	0.0
9	2075589	A	G	0	0	0	0	0	0	0	0	0	0	0	0.0	0.0
9	2076174	A	T	0	0	0	0	0	0	0	0	0	0	0	0.0	0.0
9	2077888	A	G	0	0	0	0	0	0	0	0	0	0	0	0.0	0.0
9	2078921	G	C	1	0	0	0	0	0	0	1	0	0	1	0.0	1.0
9	2079114	G	C	0	0	0	0	0	0	0	0	0	0	0	0.0	0.0
9	2080662	T	C	0	0	0	0	0	0	0	0	0	0	0	0.0	0.0
9	2081292	T	C	0	0	0	0	0	0	0	0	0	0	0	0.0	0.0
9	2081669	T	C	0	0	0	0	0	0	0	0	0	0	0	0.0	0.0
9	2082683	A	C	0	0	0	0	0	0	0	0	0	0	0	0.0	0.0
9	2083755	A	G	0	0	0	0	0	0	0	0	0	0	0	0.0	0.0
9	2084739	G	A	0	0	0	0	0	0	0	0	0	0	0	0.0	0.0
9	2085900	C	G	0	0	0	0	0	0	0	0	0	0	0	0.0	0.0
9	2086352	G	A	0	0	0	0	0	0	0	0	0	0	0	0.0	0.0
9	2089023	C	T	0	0	0	0	0	0	0	0	0	0	0	0.0	0.0
9	2089841	G	A	0	0	0	0	0	0	0	0	0	0	0	0.0	0.0
9	2089913	C	G	0	0	0	0	0	0	0	0	0	0	0	0.0	0.0
9	2089966	A	G	0	0	0	0	0	0	0	0	0	0	0	0.0	0.0
9	2090484	T	A	0	0	0	0	0	0	0	0	0	0	0	0.0	0.0
9	2090718	T	G	0	0	0	0	0	0	0	0	0	0	0	0.0	0.0
9	2091914	G	A	0	0	0	0	0	0	0	0	0	0	0	0.0	0.0
9	2092087	G	A	0	0	0	0	0	0	0	0	0	0	0	0.0	0.0
9	2092601	C	T	0	0	0	0	0	0	0	0	0	0	0	0.0	0.0
9	2094654	A	G	0	0	0	0	0	0	0	0	0	0	0	0.0	0.0
9	2095374	G	A	0	0	0	0	0	0	0	0	0	0	0	0.0	0.0
9	2095756	A	C	0	0	0	0	0	0	0	0	0	0	0	0.0	0.0
9	2103123	A	C	0	0	0	0	0	0	0	0	0	0	0	0.0	0.0
9	2105482	G	T	0	0	0	0	0	0	0	0	0	0	0	0.0	0.0
9	2106705	T	C	0	0	0	0	0	0	0	0	0	0	0	0.0	0.0
9	2107020	A	T	0	0	0	0	0	0	0	0	0	0	0	0.0	0.0
9	2107674	T	G	0	0	0	0	0	0	0	0	0	0	0	0.0	0.0
9	2107702	A	G	0	0	0	0	0	0	0	0	0	0	0	0.0	0.0
9	2107902	A	G	0	0	0	0	0	0	0	0	0	0	0	0.0	0.0
9	2109139	T	C	0	0	0	0	0	0	0	0	0	0	0	0.0	0.0
9	2109711	T	C	0	0	0	0	0	0	0	0	0	0	0	0.0	0.0
9	2110581	A	G	0	0	0	0	0	0	0	0	0	0	0	0.0	0.0
9	2110744	T	C	0	0	0	0	0	0	0	0	0	0	0	0.0	0.0
9	2111358	A	C	0	0	0	0	0	0	0	0	0	0	0	0.0	0.0
9	2111360	T	G	0	0	0	0	0	0	0	0	0	0	0	0.0	0.0
9	2111362	A	G	0	0	0	0	0	0	0	0	0	0	0	0.0	0.0
9	2114491	T	C	0	0	0	0	0	0	0	0	0	0	0	0.0	0.0
9	2114656	A	G	0	0	0	0	0	0	0	0	0	0	0	0.0	0.0
9	2114706	A	C	0	0	0	0	0	0	0	0	0	0	0	0.0	0.0
9	2141357	C	A	0	0	0	0	0	0	0	0	0	0	0	0.0	0.0
9	2143038	G	C	0	0	0	0	0	0	0	0	0	0	0	0.0	0.0
9	2143489	C	G	0	0	0	0	0	0	0	0	0	0	0	0.0	0.0
9	2143908	C	T	0	0	0	0	0	0	0	0	0	0	0	0.0	0.0
9	2144488	G	A	0	0	0	0	0	0	0	0	0	0	0	0.0	0.0
9	2144499	G	A	0	0	0	0	0	0	0	0	0	0	0	0.0	0.0
9	2144687	T	A	0	0	0	0	0	0	0	0	0	0	0	0.0	0.0
9	2144983	G	A	0	0	0	0	0	0	0	0	0	0	0	0.0	0.0
9	2145401	A	G	0	0	0	0	0	0	0	0	0	0	0	0.0	0.0
9	2145724	A	T	0	0	0	0	0	0	0	0	0	0	0	0.0	0.0
9	2145735	G	A	0	0	0	0	0	0	0	0	0	0	0	0.0	0.0
9	2145968	G	T	0	0	0	0	0	0	0	0	0	0	0	0.0	0.0
9	2146636	A	G	0	0	0	0	0	0	0	0	0	0	0	0.0	0.0
9	2146675	C	T	0	0	0	0	0	0	0	0	0	0	0	0.0	0.0
9	2147041	T	G	0	0	0	0	0	0	0	0	0	0	0	0.0	0.0
9	2147918	C	G	0	0	0	0	0	0	0	0	0	0	0	0.0	0.0
9	2147960	G	A	0	0	0	0	0	0	0	0	0	0	0	0.0	0.0
9	2148966	G	A	0	0	0	0	0	0	0	0	0	0	0	0.0	0.0
9	2149063	T	C	0	0	0	0	0	0	0	0	0	0	0	0.0	0.0
9	2149713	A	G	0	0	0	0	0	0	0	0	0	0	0	0.0	0.0
9	2150473	G	A	0	0	0	0	0	0	0	0	0	0	0	0.0	0.0
9	2150614	A	C	0	0	0	0	0	0	0	0	0	0	0	0.0	0.0
9	2150662	A	G	0	0	0	0	0	0	0	0	0	0	0	0.0	0.0
9	2150862	G	A	0	0	0	0	0	0	0	0	0	0	0	0.0	0.0
9	2151064	C	G	0	0	0	0	0	0	0	0	0	0	0	0.0	0.0
9	2151065	C	T	0	0	0	0	0	0	0	0	0	0	0	0.0	0.0
9	2151473	T	C	0	0	0	0	0	0	0	0	0	0	0	0.0	0.0
9	2151605	C	A	0	0	0	0	0	0	0	0	0	0	0	0.0	0.0
9	2151841	C	T	0	0	0	0	0	0	0	0	0	0	0	0.0	0.0
9	2152115	A	G	0	0	0	0	0	0	0	0	0	0	0	0.0	0.0
9	2152141	C	A	0	0	0	0	0	0	0	0	0	0	0	0.0	0.0
9	2152371	C	T	0	0	0	0	0	0	0	0	0	0	0	0.0	0.0
9	2152605	G	A	0	0	0	0	0	0	0	0	0	0	0	0.0	0.0
9	2152754	G	A	0	0	0	0	0	0	0	0	0	0	0	0.0	0.0
9	2152965	T	A	0	0	0	0	0	0	0	0	0	0	0	0.0	0.0
9	2152970	G	A	0	0	0	0	0	0	0	0	0	0	0	0.0	0.0
9	2153066	C	A	0	0	0	0	0	0	0	0	0	0	0	0.0	0.0
9	2153465	A	G	1	0	0	0	0	0	1	0	0	0	1	0.0	1.0
9	2154111	A	G	0	0	0	0	0	0	0	0	0	0	0	0.0	0.0
9	2154255	T	C	0	0	0	0	0	0	0	0	0	0	0	0.0	0.0
9	2154591	C	A	1	0	0	0	0	0	0	0	1	1	0	1.0	0.0
9	2154804	T	G	0	0	0	0	0	0	0	0	0	0	0	0.0	0.0
9	2155164	C	T	0	0	0	0	0	0	0	0	0	0	0	0.0	0.0
9	2156089	G	C	0	0	0	0	0	0	0	0	0	0	0	0.0	0.0
9	2156160	C	T	0	0	0	0	0	0	0	0	0	0	0	0.0	0.0
9	2156716	C	A	0	0	0	0	0	0	0	0	0	0	0	0.0	0.0
9	2156874	G	A	0	0	0	0	0	0	0	0	0	0	0	0.0	0.0
9	2157097	T	C	0	0	0	0	0	0	0	0	0	0	0	0.0	0.0
9	2157389	C	T	0	0	0	0	0	0	0	0	0	0	0	0.0	0.0
9	2166574	C	T	0	0	0	0	0	0	0	0	0	0	0	0.0	0.0
9	2184497	A	G	0	0	0	0	0	0	0	0	0	0	0	0.0	0.0
9	2196447	C	G	0	0	0	0	0	0	0	0	0	0	0	0.0	0.0
9	2196566	G	A	0	0	0	0	0	0	0	0	0	0	0	0.0	0.0
9	2196734	C	T	0	0	0	0	0	0	0	0	0	0	0	0.0	0.0
9	2197987	A	G	0	0	0	0	0	0	0	0	0	0	0	0.0	0.0
9	2198033	C	A	0	0	0	0	0	0	0	0	0	0	0	0.0	0.0
9	2198340	T	C	0	0	0	0	0	0	0	0	0	0	0	0.0	0.0
9	2198627	A	G	0	0	0	0	0	0	0	0	0	0	0	0.0	0.0
9	2200576	C	G	0	0	0	0	0	0	0	0	0	0	0	0.0	0.0
9	2200678	T	G	0	0	0	0	0	0	0	0	0	0	0	0.0	0.0
9	2201035	G	A	0	0	0	0	0	0	0	0	0	0	0	0.0	0.0
9	2201527	A	G	0	0	0	0	0	0	0	0	0	0	0	0.0	0.0
9	2201555	T	G	0	0	0	0	0	0	0	0	0	0	0	0.0	0.0
9	2201855	C	T	0	0	0	0	0	0	0	0	0	0	0	0.0	0.0
9	2202182	G	A	0	0	0	0	0	0	0	0	0	0	0	0.0	0.0
9	2202896	A	G	0	0	0	0	0	0	0	0	0	0	0	0.0	0.0
9	2203467	C	T	0	0	0	0	0	0	0	0	0	0	0	0.0	0.0
9	2203544	G	A	0	0	0	0	0	0	0	0	0	0	0	0.0	0.0
9	2203758	C	T	0	0	0	0	0	0	0	0	0	0	0	0.0	0.0
9	2203938	C	T	0	0	0	0	0	0	0	0	0	0	0	0.0	0.0
9	2204057	G	A	0	0	0	0	0	0	0	0	0	0	0	0.0	0.0
9	2204931	C	T	0	0	0	0	0	0	0	0	0	0	0	0.0	0.0
9	2205493	G	A	0	0	0	0	0	0	0	0	0	0	0	0.0	0.0
9	2205924	A	G	0	0	0	0	0	0	0	0	0	0	0	0.0	0.0
9	2206003	G	C	0	0	0	0	0	0	0	0	0	0	0	0.0	0.0
9	2206035	G	T	0	0	0	0	0	0	0	0	0	0	0	0.0	0.0
9	2207022	G	C	0	0	0	0	0	0	0	0	0	0	0	0.0	0.0
9	2207184	G	C	0	0	0	0	0	0	0	0	0	0	0	0.0	0.0
9	2208144	T	C	0	0	0	0	0	0	0	0	0	0	0	0.0	0.0
9	2208204	A	C	0	0	0	0	0	0	0	0	0	0	0	0.0	0.0
9	2208613	C	G	0	0	0	0	0	0	0	0	0	0	0	0.0	0.0
9	2209976	A	T	0	0	0	0	0	0	0	0	0	0	0	0.0	0.0
9	2210993	C	T	0	0	0	0	0	0	0	0	0	0	0	0.0	0.0
9	2211013	G	A	0	0	0	0	0	0	0	0	0	0	0	0.0	0.0
9	2211135	C	A	0	0	0	0	0	0	0	0	0	0	0	0.0	0.0
9	2211336	G	C	0	0	0	0	0	0	0	0	0	0	0	0.0	0.0
9	2211350	T	A	0	0	0	0	0	0	0	0	0	0	0	0.0	0.0
9	2211536	G	A	0	0	0	0	0	0	0	0	0	0	0	0.0	0.0
9	2211628	T	C	0	0	0	0	0	0	0	0	0	0	0	0.0	0.0
9	2211677	A	G	0	0	0	0	0	0	0	0	0	0	0	0.0	0.0
9	2212546	G	A	0	0	0	0	0	0	0	0	0	0	0	0.0	0.0
9	2212820	G	C	0	0	0	0	0	0	0	0	0	0	0	0.0	0.0
9	2213425	C	T	0	0	0	0	0	0	0	0	0	0	0	0.0	0.0
9	2214289	G	A	0	0	0	0	0	0	0	0	0	0	0	0.0	0.0
9	2214428	G	C	0	0	0	0	0	0	0	0	0	0	0	0.0	0.0
9	2214608	A	G	0	0	0	0	0	0	0	0	0	0	0	0.0	0.0
9	2214693	G	A	0	0	0	0	0	0	0	0	0	0	0	0.0	0.0
9	2215095	G	A	0	0	0	0	0	0	0	0	0	0	0	0.0	0.0
9	2217178	A	C	0	0	0	0	0	0	0	0	0	0	0	0.0	0.0
9	2217456	C	T	0	0	0	0	0	0	0	0	0	0	0	0.0	0.0
9	2218129	G	T	0	0	0	0	0	0	0	0	0	0	0	0.0	0.0
9	2218152	G	C	0	0	0	0	0	0	0	0	0	0	0	0.0	0.0
9	2219630	G	A	0	0	0	0	0	0	0	0	0	0	0	0.0	0.0
9	2219800	C	T	0	0	0	0	0	0	0	0	0	0	0	0.0	0.0
9	2220211	C	T	0	0	0	0	0	0	0	0	0	0	0	0.0	0.0
9	2220228	C	T	0	0	0	0	0	0	0	0	0	0	0	0.0	0.0
9	2220264	G	A	0	0	0	0	0	0	0	0	0	0	0	0.0	0.0
9	2220272	T	A	0	0	0	0	0	0	0	0	0	0	0	0.0	0.0
9	2220419	C	T	0	0	0	0	0	0	0	0	0	0	0	0.0	0.0
9	2220464	T	A	0	0	0	0	0	0	0	0	0	0	0	0.0	0.0
9	2220592	C	G	0	0	0	0	0	0	0	0	0	0	0	0.0	0.0
9	2220796	C	T	0	0	0	0	0	0	0	0	0	0	0	0.0	0.0
9	2221520	T	C	0	0	0	0	0	0	0	0	0	0	0	0.0	0.0
9	2221680	A	G	0	0	0	0	0	0	0	0	0	0	0	0.0	0.0
9	2221683	C	A	0	0	0	0	0	0	0	0	0	0	0	0.0	0.0
9	2222191	T	C	0	0	0	0	0	0	0	0	0	0	0	0.0	0.0
9	2222891	A	G	0	0	0	0	0	0	0	0	0	0	0	0.0	0.0
9	2223179	G	A	0	0	0	0	0	0	0	0	0	0	0	0.0	0.0
9	2223185	C	A	0	0	0	0	0	0	0	0	0	0	0	0.0	0.0
9	2223236	T	C	0	0	0	0	0	0	0	0	0	0	0	0.0	0.0
9	2223385	A	C	0	0	0	0	0	0	0	0	0	0	0	0.0	0.0
9	2224772	G	A	0	0	0	0	0	0	0	0	0	0	0	0.0	0.0
9	2225240	T	C	0	0	0	0	0	0	0	0	0	0	0	0.0	0.0
9	2226445	T	A	0	0	0	0	0	0	0	0	0	0	0	0.0	0.0
9	2227014	G	A	0	0	0	0	0	0	0	0	0	0	0	0.0	0.0
9	2227015	G	T	0	0	0	0	0	0	0	0	0	0	0	0.0	0.0
9	2227217	G	T	0	0	0	0	0	0	0	0	0	0	0	0.0	0.0
9	2227276	T	C	0	0	0	0	0	0	0	0	0	0	0	0.0	0.0
9	2227359	T	A	0	0	0	0	0	0	0	0	0	0	0	0.0	0.0
9	2227608	G	C	0	0	0	0	0	0	0	0	0	0	0	0.0	0.0
9	2227896	T	C	0	0	0	0	0	0	0	0	0	0	0	0.0	0.0
9	2228077	A	G	0	0	0	0	0	0	0	0	0	0	0	0.0	0.0
9	2228089	C	T	0	0	0	0	0	0	0	0	0	0	0	0.0	0.0
9	2228338	A	G	0	0	0	0	0	0	0	0	0	0	0	0.0	0.0
9	2229455	A	G	0	0	0	0	0	0	0	0	0	0	0	0.0	0.0
9	2231188	A	C	0	0	0	0	0	0	0	0	0	0	0	0.0	0.0
9	2231409	G	A	0	0	0	0	0	0	0	0	0	0	0	0.0	0.0
9	2231490	G	A	0	0	0	0	0	0	0	0	0	0	0	0.0	0.0
9	2234724	T	C	0	0	0	0	0	0	0	0	0	0	0	0.0	0.0
9	2235051	G	T	0	0	0	0	0	0	0	0	0	0	0	0.0	0.0
9	2236643	A	C	0	0	0	0	0	0	0	0	0	0	0	0.0	0.0
9	2237688	G	A	0	0	0	0	0	0	0	0	0	0	0	0.0	0.0
9	2238153	C	G	0	0	0	0	0	0	0	0	0	0	0	0.0	0.0
9	2238599	C	T	0	0	0	0	0	0	0	0	0	0	0	0.0	0.0
9	2238861	C	T	0	0	0	0	0	0	0	0	0	0	0	0.0	0.0
9	2238873	G	A	0	0	0	0	0	0	0	0	0	0	0	0.0	0.0
9	2239137	C	T	0	0	0	0	0	0	0	0	0	0	0	0.0	0.0
9	2239429	T	C	0	0	0	0	0	0	0	0	0	0	0	0.0	0.0
9	2250385	T	C	0	0	0	0	0	0	0	0	0	0	0	0.0	0.0
9	2252806	C	A	0	0	0	0	0	0	0	0	0	0	0	0.0	0.0
9	2256092	T	C	0	0	0	0	0	0	0	0	0	0	0	0.0	0.0
9	2270046	T	C	0	0	0	0	0	0	0	0	0	0	0	0.0	0.0
9	2270173	A	G	0	0	0	0	0	0	0	0	0	0	0	0.0	0.0
9	2270503	T	C	0	0	0	0	0	0	0	0	0	0	0	0.0	0.0
9	2272667	T	A	0	0	0	0	0	0	0	0	0	0	0	0.0	0.0
9	2273448	G	T	0	0	0	0	0	0	0	0	0	0	0	0.0	0.0
9	2273718	A	T	1	0	0	1	0	0	0	0	0	0	1	0.0	1.0
9	2274910	T	C	0	0	0	0	0	0	0	0	0	0	0	0.0	0.0
9	2275029	A	G	0	0	0	0	0	0	0	0	0	0	0	0.0	0.0
9	2275276	C	T	0	0	0	0	0	0	0	0	0	0	0	0.0	0.0
9	2275538	C	A	0	0	0	0	0	0	0	0	0	0	0	0.0	0.0
9	2275544	G	T	0	0	0	0	0	0	0	0	0	0	0	0.0	0.0
9	2276029	G	T	0	0	0	0	0	0	0	0	0	0	0	0.0	0.0
9	2276203	C	G	1	0	0	0	0	0	1	0	0	0	1	0.0	1.0
9	2276401	A	G	0	0	0	0	0	0	0	0	0	0	0	0.0	0.0
9	2276433	A	G	0	0	0	0	0	0	0	0	0	0	0	0.0	0.0
9	2277280	G	A	0	0	0	0	0	0	0	0	0	0	0	0.0	0.0
9	2277300	G	T	0	0	0	0	0	0	0	0	0	0	0	0.0	0.0
9	2277346	T	G	0	0	0	0	0	0	0	0	0	0	0	0.0	0.0
9	2277794	T	C	0	0	0	0	0	0	0	0	0	0	0	0.0	0.0
9	2277928	A	G	0	0	0	0	0	0	0	0	0	0	0	0.0	0.0
9	2277943	A	T	0	0	0	0	0	0	0	0	0	0	0	0.0	0.0
9	2278196	G	A	0	0	0	0	0	0	0	0	0	0	0	0.0	0.0
9	2278503	T	A	0	0	0	0	0	0	0	0	0	0	0	0.0	0.0
9	2278520	G	C	0	0	0	0	0	0	0	0	0	0	0	0.0	0.0
9	2278795	T	C	0	0	0	0	0	0	0	0	0	0	0	0.0	0.0
9	2279024	T	C	0	0	0	0	0	0	0	0	0	0	0	0.0	0.0
9	2279625	G	A	0	0	0	0	0	0	0	0	0	0	0	0.0	0.0
9	2280015	G	A	0	0	0	0	0	0	0	0	0	0	0	0.0	0.0
9	2280107	T	A	0	0	0	0	0	0	0	0	0	0	0	0.0	0.0
9	2286158	C	T	0	0	0	0	0	0	0	0	0	0	0	0.0	0.0
9	2299597	G	A	0	0	0	0	0	0	0	0	0	0	0	0.0	0.0
9	2302593	C	A	0	0	0	0	0	0	0	0	0	0	0	0.0	0.0
9	2302693	T	G	0	0	0	0	0	0	0	0	0	0	0	0.0	0.0
9	2303054	T	G	0	0	0	0	0	0	0	0	0	0	0	0.0	0.0
9	2303095	T	C	0	0	0	0	0	0	0	0	0	0	0	0.0	0.0
9	2303184	A	C	0	0	0	0	0	0	0	0	0	0	0	0.0	0.0
9	2303782	G	A	0	0	0	0	0	0	0	0	0	0	0	0.0	0.0
9	2303796	A	T	0	0	0	0	0	0	0	0	0	0	0	0.0	0.0
9	2303797	G	A	0	0	0	0	0	0	0	0	0	0	0	0.0	0.0
9	2303966	G	A	0	0	0	0	0	0	0	0	0	0	0	0.0	0.0
9	2309411	C	T	0	0	0	0	0	0	0	0	0	0	0	0.0	0.0
9	2318265	T	C	0	0	0	0	0	0	0	0	0	0	0	0.0	0.0
9	2326101	C	T	0	0	0	0	0	0	0	0	0	0	0	0.0	0.0
9	2328514	A	G	0	0	0	0	0	0	0	0	0	0	0	0.0	0.0
9	2330459	C	T	0	0	0	0	0	0	0	0	0	0	0	0.0	0.0
9	2330643	A	G	0	0	0	0	0	0	0	0	0	0	0	0.0	0.0
9	2331159	C	A	0	0	0	0	0	0	0	0	0	0	0	0.0	0.0
9	2331163	C	T	0	0	0	0	0	0	0	0	0	0	0	0.0	0.0
9	2331363	C	A	0	0	0	0	0	0	0	0	0	0	0	0.0	0.0
9	2331808	G	A	0	0	0	0	0	0	0	0	0	0	0	0.0	0.0
9	2332024	C	T	0	0	0	0	0	0	0	0	0	0	0	0.0	0.0
9	2333141	G	A	0	0	0	0	0	0	0	0	0	0	0	0.0	0.0
9	2333979	C	T	0	0	0	0	0	0	0	0	0	0	0	0.0	0.0
9	2333996	A	G	0	0	0	0	0	0	0	0	0	0	0	0.0	0.0
9	2334347	T	C	0	0	0	0	0	0	0	0	0	0	0	0.0	0.0
9	2334358	G	C	0	0	0	0	0	0	0	0	0	0	0	0.0	0.0
9	2334581	G	A	0	0	0	0	0	0	0	0	0	0	0	0.0	0.0
9	2334748	A	G	0	0	0	0	0	0	0	0	0	0	0	0.0	0.0
9	2335725	C	T	0	0	0	0	0	0	0	0	0	0	0	0.0	0.0
9	2335771	A	G	0	0	0	0	0	0	0	0	0	0	0	0.0	0.0
9	2337554	T	A	0	0	0	0	0	0	0	0	0	0	0	0.0	0.0
9	2339123	A	T	0	0	0	0	0	0	0	0	0	0	0	0.0	0.0
9	2339647	C	A	0	0	0	0	0	0	0	0	0	0	0	0.0	0.0
9	2339739	A	G	0	0	0	0	0	0	0	0	0	0	0	0.0	0.0
9	2340028	C	G	0	0	0	0	0	0	0	0	0	0	0	0.0	0.0
9	2340310	A	C	0	0	0	0	0	0	0	0	0	0	0	0.0	0.0
9	2340963	C	G	0	0	0	0	0	0	0	0	0	0	0	0.0	0.0
9	2341284	C	T	0	0	0	0	0	0	0	0	0	0	0	0.0	0.0
9	2341905	G	T	0	0	0	0	0	0	0	0	0	0	0	0.0	0.0
9	2343547	C	T	0	0	0	0	0	0	0	0	0	0	0	0.0	0.0
9	2347328	T	C	0	0	0	0	0	0	0	0	0	0	0	0.0	0.0
9	2347968	T	A	0	0	0	0	0	0	0	0	0	0	0	0.0	0.0
9	2350895	T	C	0	0	0	0	0	0	0	0	0	0	0	0.0	0.0
9	2351534	C	T	0	0	0	0	0	0	0	0	0	0	0	0.0	0.0
9	2351905	T	A	0	0	0	0	0	0	0	0	0	0	0	0.0	0.0
9	2352672	A	G	0	0	0	0	0	0	0	0	0	0	0	0.0	0.0
9	2355672	G	A	0	0	0	0	0	0	0	0	0	0	0	0.0	0.0
9	2355862	G	A	0	0	0	0	0	0	0	0	0	0	0	0.0	0.0
9	2355876	A	G	0	0	0	0	0	0	0	0	0	0	0	0.0	0.0
9	2356075	T	C	0	0	0	0	0	0	0	0	0	0	0	0.0	0.0
9	2356185	C	G	0	0	0	0	0	0	0	0	0	0	0	0.0	0.0
9	2357174	C	T	0	0	0	0	0	0	0	0	0	0	0	0.0	0.0
9	2357347	A	G	0	0	0	0	0	0	0	0	0	0	0	0.0	0.0
9	2358461	C	T	0	0	0	0	0	0	0	0	0	0	0	0.0	0.0
9	2358689	A	G	0	0	0	0	0	0	0	0	0	0	0	0.0	0.0
9	2358844	C	G	0	0	0	0	0	0	0	0	0	0	0	0.0	0.0
9	2359170	G	T	0	0	0	0	0	0	0	0	0	0	0	0.0	0.0
9	2359456	C	T	1	0	0	0	0	0	0	0	1	1	0	1.0	0.0
9	2359459	C	T	0	0	0	0	0	0	0	0	0	0	0	0.0	0.0
9	2359640	C	T	0	0	0	0	0	0	0	0	0	0	0	0.0	0.0
9	2359799	T	C	0	0	0	0	0	0	0	0	0	0	0	0.0	0.0
9	2360660	C	T	0	0	0	0	0	0	0	0	0	0	0	0.0	0.0
9	2361176	A	G	0	0	0	0	0	0	0	0	0	0	0	0.0	0.0
9	2361503	T	C	0	0	0	0	0	0	0	0	0	0	0	0.0	0.0
9	2362114	A	G	0	0	0	0	0	0	0	0	0	0	0	0.0	0.0
9	2363256	T	C	0	0	0	0	0	0	0	0	0	0	0	0.0	0.0
9	2363667	A	G	0	0	0	0	0	0	0	0	0	0	0	0.0	0.0
9	2365308	T	C	0	0	0	0	0	0	0	0	0	0	0	0.0	0.0
9	2365683	T	A	0	0	0	0	0	0	0	0	0	0	0	0.0	0.0
9	2365751	T	C	0	0	0	0	0	0	0	0	0	0	0	0.0	0.0
9	2366079	A	G	0	0	0	0	0	0	0	0	0	0	0	0.0	0.0
9	2366116	G	C	0	0	0	0	0	0	0	0	0	0	0	0.0	0.0
9	2366509	T	C	0	0	0	0	0	0	0	0	0	0	0	0.0	0.0
9	2366564	G	A	0	0	0	0	0	0	0	0	0	0	0	0.0	0.0
9	2368274	T	C	0	0	0	0	0	0	0	0	0	0	0	0.0	0.0
9	2368338	C	A	0	0	0	0	0	0	0	0	0	0	0	0.0	0.0
9	2369605	G	A	0	0	0	0	0	0	0	0	0	0	0	0.0	0.0
9	2369745	C	G	0	0	0	0	0	0	0	0	0	0	0	0.0	0.0
9	2370196	A	C	0	0	0	0	0	0	0	0	0	0	0	0.0	0.0
9	2371450	T	C	0	0	0	0	0	0	0	0	0	0	0	0.0	0.0
9	2372437	C	T	0	0	0	0	0	0	0	0	0	0	0	0.0	0.0
9	2373073	A	G	0	0	0	0	0	0	0	0	0	0	0	0.0	0.0
9	2373158	G	C	0	0	0	0	0	0	0	0	0	0	0	0.0	0.0
9	2373416	C	T	0	0	0	0	0	0	0	0	0	0	0	0.0	0.0
9	2373544	G	C	0	0	0	0	0	0	0	0	0	0	0	0.0	0.0
9	2373993	C	A	0	0	0	0	0	0	0	0	0	0	0	0.0	0.0
9	2374154	C	T	0	0	0	0	0	0	0	0	0	0	0	0.0	0.0
9	2374666	A	T	0	0	0	0	0	0	0	0	0	0	0	0.0	0.0
9	2374830	G	T	0	0	0	0	0	0	0	0	0	0	0	0.0	0.0
9	2375065	A	C	0	0	0	0	0	0	0	0	0	0	0	0.0	0.0
9	2375145	A	G	0	0	0	0	0	0	0	0	0	0	0	0.0	0.0
9	2375255	A	G	0	0	0	0	0	0	0	0	0	0	0	0.0	0.0
9	2375302	G	A	0	0	0	0	0	0	0	0	0	0	0	0.0	0.0
9	2375358	T	G	0	0	0	0	0	0	0	0	0	0	0	0.0	0.0
9	2376155	T	C	0	0	0	0	0	0	0	0	0	0	0	0.0	0.0
9	2376158	G	A	0	0	0	0	0	0	0	0	0	0	0	0.0	0.0
9	2376855	T	C	0	0	0	0	0	0	0	0	0	0	0	0.0	0.0
9	2376916	C	A	0	0	0	0	0	0	0	0	0	0	0	0.0	0.0
9	2377288	A	G	1	0	0	0	0	0	1	0	0	0	1	0.0	1.0
9	2377823	A	G	0	0	0	0	0	0	0	0	0	0	0	0.0	0.0
9	2378326	T	C	0	0	0	0	0	0	0	0	0	0	0	0.0	0.0
9	2378339	C	G	0	0	0	0	0	0	0	0	0	0	0	0.0	0.0
9	2378432	T	C	0	0	0	0	0	0	0	0	0	0	0	0.0	0.0
9	2378686	A	G	0	0	0	0	0	0	0	0	0	0	0	0.0	0.0
9	2379343	A	G	0	0	0	0	0	0	0	0	0	0	0	0.0	0.0
9	2379389	C	T	0	0	0	0	0	0	0	0	0	0	0	0.0	0.0
9	2379493	T	C	0	0	0	0	0	0	0	0	0	0	0	0.0	0.0
9	2379678	C	T	0	0	0	0	0	0	0	0	0	0	0	0.0	0.0
9	2379729	A	T	0	0	0	0	0	0	0	0	0	0	0	0.0	0.0
9	2380408	G	A	0	0	0	0	0	0	0	0	0	0	0	0.0	0.0
9	2380595	C	T	0	0	0	0	0	0	0	0	0	0	0	0.0	0.0
9	2381268	G	C	0	0	0	0	0	0	0	0	0	0	0	0.0	0.0
9	2382355	C	T	0	0	0	0	0	0	0	0	0	0	0	0.0	0.0
9	2386048	G	T	0	0	0	0	0	0	0	0	0	0	0	0.0	0.0
9	2388302	G	A	0	0	0	0	0	0	0	0	0	0	0	0.0	0.0
9	2388549	G	C	0	0	0	0	0	0	0	0	0	0	0	0.0	0.0
9	2388590	G	C	0	0	0	0	0	0	0	0	0	0	0	0.0	0.0
9	2388753	A	C	0	0	0	0	0	0	0	0	0	0	0	0.0	0.0
9	2388890	T	C	0	0	0	0	0	0	0	0	0	0	0	0.0	0.0
9	2388962	C	T	0	0	0	0	0	0	0	0	0	0	0	0.0	0.0
9	2391261	C	A	0	0	0	0	0	0	0	0	0	0	0	0.0	0.0
9	2391798	A	C	0	0	0	0	0	0	0	0	0	0	0	0.0	0.0
9	2393619	A	T	0	0	0	0	0	0	0	0	0	0	0	0.0	0.0
9	2395450	T	C	0	0	0	0	0	0	0	0	0	0	0	0.0	0.0
9	2397564	G	A	0	0	0	0	0	0	0	0	0	0	0	0.0	0.0
9	2397866	C	T	0	0	0	0	0	0	0	0	0	0	0	0.0	0.0
9	2398708	T	C	0	0	0	0	0	0	0	0	0	0	0	0.0	0.0
9	2399820	A	C	0	0	0	0	0	0	0	0	0	0	0	0.0	0.0
